Date,Open,High,Low,Close,Adj Close,Volume
2022-01-18,79.5,80.94999694824219,78.7699966430664,80.66000366210938,79.17412567138672,867200
2022-01-19,81.08000183105469,81.16000366210938,79.51000213623047,79.55000305175781,78.0845718383789,791000
2022-01-20,80.04000091552734,80.83999633789062,78.05999755859375,78.20999908447266,76.76924896240234,1016600
2022-01-21,78.2300033569336,78.88999938964844,76.7300033569336,76.81999969482422,75.40486145019531,1516300
2022-01-24,75.5999984741211,78.95999908447266,75.19999694824219,78.77999877929688,77.32874298095703,1828500
2022-01-25,77.08999633789062,77.08999633789062,74.58999633789062,75.4000015258789,74.01101684570312,2225200
2022-01-26,76.61000061035156,77.0999984741211,74.0999984741211,74.72000122070312,73.34354400634766,1565100
2022-01-27,77.01000213623047,78.91999816894531,75.62999725341797,75.8499984741211,74.45272827148438,2221600
2022-01-28,75.4000015258789,75.55000305175781,73.69999694824219,75.5,74.38375854492188,1625000
2022-01-31,75.25,76.5199966430664,74.33999633789062,76.41999816894531,75.29015350341797,3020800
2022-02-01,76.93000030517578,77.30999755859375,74.91000366210938,75.56999969482422,74.45272827148438,1191400
2022-02-02,75.38999938964844,76.08999633789062,74.72000122070312,75.19999694824219,74.08819580078125,1240100
2022-02-03,74.5199966430664,75.43000030517578,73.97000122070312,74.08999633789062,72.9946060180664,956400
2022-02-04,73.7300033569336,74.55000305175781,72.87999725341797,73.58000183105469,72.49214935302734,1060300
2022-02-07,73.61000061035156,74.87000274658203,73.61000061035156,73.86000061035156,72.76799774169922,1188100
2022-02-08,74.04000091552734,75.51000213623047,73.88999938964844,74.19000244140625,73.09313201904297,921300
2022-02-09,75.08000183105469,75.52999877929688,73.97000122070312,74.6500015258789,73.54632568359375,727600
2022-02-10,73.25,74.38999938964844,71.80999755859375,72.2300033569336,71.162109375,831400
2022-02-11,72.5,72.93000030517578,70.55999755859375,71.30999755859375,70.25570678710938,758300
2022-02-14,71.16999816894531,72.30999755859375,70.72000122070312,71.2300033569336,70.17689514160156,945600
2022-02-15,72.13999938964844,73.22000122070312,71.97000122070312,72.45999908447266,71.38870239257812,952400
2022-02-16,72.18000030517578,72.86000061035156,71.88999938964844,72.31999969482422,71.25077819824219,651800
2022-02-17,71.86000061035156,72.38999938964844,70.87000274658203,71.05000305175781,69.99955749511719,997000
2022-02-18,70.9000015258789,71.8499984741211,70.9000015258789,71.19999694824219,70.14733123779297,593300
2022-02-22,70.80000305175781,71.80000305175781,69.29000091552734,69.52999877929688,68.50202178955078,984100
2022-02-23,70.4000015258789,70.4000015258789,67.68000030517578,67.88999938964844,66.88626861572266,1776000
2022-02-24,66.44000244140625,67.81999969482422,65.29000091552734,67.7699966430664,66.76803588867188,2522100
2022-02-25,67.91999816894531,69.41999816894531,67.20999908447266,69.38999938964844,68.36408996582031,1255400
2022-02-28,68.31999969482422,68.88999938964844,67.66000366210938,68.58000183105469,67.56607055664062,1316300
2022-03-01,68.5199966430664,68.5199966430664,66.29000091552734,66.62999725341797,65.6448974609375,856200
2022-03-02,67.30999755859375,69.69999694824219,66.91000366210938,69.4000015258789,68.37394714355469,1498100
2022-03-03,69.33999633789062,69.69000244140625,68.04000091552734,68.68000030517578,67.66458892822266,896100
2022-03-04,67.76000213623047,68.52999877929688,67.06999969482422,68.38999938964844,67.37887573242188,780100
2022-03-07,68.4800033569336,68.80000305175781,67.22000122070312,67.31999969482422,66.32469940185547,1177000
2022-03-08,67.68000030517578,68.16000366210938,66.12000274658203,66.20999908447266,65.23110961914062,1114600
2022-03-09,67.81999969482422,68.44000244140625,67.16000366210938,67.68000030517578,66.67937469482422,843000
2022-03-10,66.68000030517578,67.08000183105469,66.02999877929688,66.61000061035156,65.62519073486328,759000
2022-03-11,67.18000030517578,67.69999694824219,65.66000366210938,65.72000122070312,64.74835205078125,1090500
2022-03-14,66.26000213623047,66.56999969482422,65.08000183105469,65.87999725341797,64.9059829711914,766600
2022-03-15,66.11000061035156,66.61000061035156,65.33999633789062,66.13999938964844,65.16213989257812,759300
2022-03-16,66.52999877929688,67.95999908447266,65.45999908447266,67.30999755859375,66.3148422241211,893200
2022-03-17,66.91000366210938,68.01000213623047,66.72000122070312,68.0,66.9946517944336,805300
2022-03-18,68.16999816894531,68.33000183105469,67.18000030517578,68.05000305175781,67.04390716552734,1395600
2022-03-21,67.95999908447266,68.58000183105469,67.29000091552734,67.91999816894531,66.91582489013672,725700
2022-03-22,68.3499984741211,68.52999877929688,67.7300033569336,67.80000305175781,66.797607421875,778400
2022-03-23,67.22000122070312,67.54000091552734,65.1500015258789,65.37000274658203,64.40352630615234,1086200
2022-03-24,65.5999984741211,66.29000091552734,64.9000015258789,66.2300033569336,65.25082397460938,991700
2022-03-25,66.48999786376953,67.05000305175781,66.11000061035156,66.97000122070312,65.97986602783203,940400
2022-03-28,66.80000305175781,67.0,66.11000061035156,66.66000366210938,65.67445373535156,610500
2022-03-29,67.37000274658203,67.72000122070312,66.75,67.4800033569336,66.48233795166016,965900
2022-03-30,67.12000274658203,67.20999908447266,65.87999725341797,66.25,65.27051544189453,1172100
2022-03-31,66.23999786376953,66.72000122070312,63.849998474121094,63.88999938964844,62.945404052734375,1659700
2022-04-01,64.62000274658203,65.91000366210938,63.689998626708984,65.87999725341797,64.9059829711914,1292800
2022-04-04,65.81999969482422,67.31999969482422,65.33999633789062,67.05999755859375,66.06853485107422,1628200
2022-04-05,66.6500015258789,67.41000366210938,65.05999755859375,65.38999938964844,64.42323303222656,1437200
2022-04-06,64.63999938964844,64.81999969482422,63.91999816894531,64.5999984741211,63.64491271972656,1250200
2022-04-07,64.29000091552734,64.36000061035156,63.06999969482422,63.33000183105469,62.3936882019043,1503600
2022-04-08,63.459999084472656,63.9900016784668,62.58000183105469,62.869998931884766,61.940486907958984,1313200
2022-04-11,62.58000183105469,64.0,62.58000183105469,63.36000061035156,62.42324447631836,1177400
2022-04-12,63.83000183105469,65.80999755859375,63.83000183105469,64.48999786376953,63.536529541015625,1522600
2022-04-13,64.4000015258789,65.04000091552734,64.19000244140625,64.69999694824219,63.74342727661133,930000
2022-04-14,65.11000061035156,65.44999694824219,63.7599983215332,63.790000915527344,62.84688949584961,727300
2022-04-18,63.68000030517578,64.48999786376953,62.939998626708984,63.34000015258789,62.403541564941406,553800
2022-04-19,63.72999954223633,65.51000213623047,63.72999954223633,65.37000274658203,64.40352630615234,761800
2022-04-20,66.0,66.48999786376953,65.8499984741211,66.30000305175781,65.31977844238281,719500
2022-04-21,66.95999908447266,67.19999694824219,65.7300033569336,66.30000305175781,65.31977844238281,792800
2022-04-22,65.77999877929688,66.2699966430664,64.54000091552734,64.73999786376953,63.782840728759766,991300
2022-04-25,64.58000183105469,64.7300033569336,62.849998474121094,64.62999725341797,63.674468994140625,1200100
2022-04-26,64.08999633789062,64.54000091552734,62.29999923706055,62.369998931884766,61.447879791259766,1422900
2022-04-27,62.599998474121094,63.400001525878906,62.040000915527344,62.88999938964844,61.9601936340332,1411800
2022-04-28,62.2599983215332,62.970001220703125,58.369998931884766,59.869998931884766,59.24863052368164,2283800
2022-04-29,59.7400016784668,60.470001220703125,58.20000076293945,58.43000030517578,57.823577880859375,3856600
2022-05-02,58.33000183105469,60.27000045776367,58.20000076293945,59.31999969482422,58.70433807373047,1290000
2022-05-03,59.20000076293945,60.13999938964844,58.529998779296875,59.099998474121094,58.48662185668945,987400
2022-05-04,58.66999816894531,61.72999954223633,58.66999816894531,61.63999938964844,61.00025939941406,980500
2022-05-05,60.959999084472656,61.279998779296875,58.40999984741211,58.93000030517578,58.31838607788086,847000
2022-05-06,58.720001220703125,59.58000183105469,57.66999816894531,59.400001525878906,58.783512115478516,1172300
2022-05-09,58.70000076293945,60.540000915527344,58.70000076293945,59.790000915527344,59.16946029663086,1120300
2022-05-10,60.2599983215332,60.75,58.369998931884766,58.959999084472656,58.34807586669922,1619500
2022-05-11,59.02000045776367,59.5,57.20000076293945,57.369998931884766,56.774574279785156,848800
2022-05-12,57.04999923706055,59.06999969482422,57.04999923706055,59.060001373291016,58.44703674316406,1052300
2022-05-13,59.369998931884766,60.7599983215332,59.2599983215332,60.0099983215332,59.38718032836914,906200
2022-05-16,59.529998779296875,59.720001220703125,58.52000045776367,58.97999954223633,58.36786651611328,846900
2022-05-17,59.970001220703125,60.52000045776367,59.27000045776367,60.349998474121094,59.72364807128906,756200
2022-05-18,59.349998474121094,59.959999084472656,57.5,57.77000045776367,57.17042541503906,833700
2022-05-19,57.22999954223633,59.29999923706055,56.91999816894531,58.45000076293945,57.84336853027344,924300
2022-05-20,58.900001525878906,59.22999954223633,56.61000061035156,57.77000045776367,57.17042541503906,1378900
2022-05-23,58.5,58.650001525878906,57.380001068115234,58.369998931884766,57.764198303222656,796300
2022-05-24,58.31999969482422,58.560001373291016,57.040000915527344,58.349998474121094,57.74440383911133,572800
2022-05-25,57.970001220703125,59.060001373291016,57.7400016784668,58.540000915527344,57.932437896728516,868800
2022-05-26,58.709999084472656,60.0099983215332,58.54999923706055,59.630001068115234,59.01112365722656,759900
2022-05-27,59.83000183105469,61.220001220703125,59.7599983215332,61.220001220703125,60.584625244140625,638000
2022-05-31,60.630001068115234,61.0,59.470001220703125,60.119998931884766,59.496036529541016,2994700
2022-06-01,60.209999084472656,61.060001373291016,59.849998474121094,60.439998626708984,59.812713623046875,887500
2022-06-02,61.04999923706055,61.70000076293945,60.900001525878906,61.15999984741211,60.52524185180664,917000
2022-06-03,60.599998474121094,61.0099983215332,60.20000076293945,60.84000015258789,60.20856475830078,549300
2022-06-06,61.58000183105469,62.13999938964844,61.040000915527344,61.869998931884766,61.22787094116211,689700
2022-06-07,61.189998626708984,62.189998626708984,60.790000915527344,61.79999923706055,61.158599853515625,539800
2022-06-08,61.369998931884766,61.779998779296875,60.83000183105469,61.09000015258789,60.455970764160156,526300
2022-06-09,60.83000183105469,62.279998779296875,60.630001068115234,60.810001373291016,60.17887878417969,756600
2022-06-10,59.849998474121094,59.849998474121094,57.58000183105469,58.060001373291016,57.457420349121094,1013800
2022-06-13,56.7599983215332,57.189998626708984,55.689998626708984,56.09000015258789,55.50786209106445,907700
2022-06-14,56.060001373291016,56.5099983215332,55.209999084472656,55.63999938964844,55.06253433227539,799600
2022-06-15,55.84000015258789,56.88999938964844,55.18000030517578,56.040000915527344,55.45838165283203,761800
2022-06-16,54.91999816894531,55.06999969482422,53.150001525878906,53.59000015258789,53.033809661865234,1055900
2022-06-17,53.619998931884766,54.290000915527344,53.0,53.11000061035156,52.55879211425781,1910100
2022-06-21,53.47999954223633,53.59000015258789,52.15999984741211,52.88999938964844,52.34107208251953,1583300
2022-06-22,52.040000915527344,53.349998474121094,51.90999984741211,53.060001373291016,52.50931167602539,1162600
2022-06-23,53.029998779296875,54.18000030517578,53.029998779296875,54.130001068115234,53.568206787109375,1085300
2022-06-24,54.689998626708984,56.060001373291016,54.40999984741211,55.81999969482422,55.240665435791016,1369100
2022-06-27,56.040000915527344,56.189998626708984,55.25,55.849998474121094,55.27035140991211,739700
2022-06-28,55.939998626708984,56.75,54.9900016784668,55.18000030517578,54.60730743408203,1107400
2022-06-29,55.27000045776367,55.27000045776367,54.02000045776367,54.79999923706055,54.23125076293945,838400
2022-06-30,53.790000915527344,55.31999969482422,53.40999984741211,54.68000030517578,54.11249923706055,1144000
2022-07-01,55.0,56.33000183105469,54.7599983215332,56.029998779296875,55.448482513427734,993400
2022-07-05,55.16999816894531,57.459999084472656,55.16999816894531,57.38999938964844,56.794368743896484,1231200
2022-07-06,58.0,58.54999923706055,57.36000061035156,57.959999084472656,57.35845184326172,1084200
2022-07-07,58.27000045776367,59.68000030517578,58.25,59.61000061035156,58.9913330078125,1661300
2022-07-08,59.5099983215332,59.5099983215332,56.810001373291016,56.970001220703125,56.37873077392578,1516500
2022-07-11,56.619998931884766,57.560001373291016,56.40999984741211,56.689998626708984,56.10163497924805,1026900
2022-07-12,56.83000183105469,57.75,55.779998779296875,56.13999938964844,55.55734634399414,1513800
2022-07-13,55.119998931884766,55.83000183105469,54.52000045776367,55.4900016784668,54.914093017578125,956900
2022-07-14,54.0,54.31999969482422,52.90999984741211,54.130001068115234,53.568206787109375,1471000
2022-07-15,55.369998931884766,56.93000030517578,55.29999923706055,56.650001525878906,56.062049865722656,1185200
2022-07-18,56.72999954223633,57.18000030517578,55.11000061035156,55.459999084472656,54.8843994140625,884600
2022-07-19,56.27000045776367,57.599998474121094,55.91999816894531,57.5099983215332,56.913124084472656,811600
2022-07-20,57.5099983215332,57.93000030517578,57.27000045776367,57.880001068115234,57.2792854309082,551500
2022-07-21,57.939998626708984,58.970001220703125,57.5,58.95000076293945,58.33818054199219,777200
2022-07-22,59.04999923706055,59.540000915527344,58.58000183105469,59.0,58.38766098022461,688600
2022-07-25,58.880001068115234,59.45000076293945,58.599998474121094,58.91999816894531,58.30849075317383,656300
2022-07-26,58.77000045776367,59.209999084472656,58.36000061035156,59.040000915527344,58.427249908447266,812600
2022-07-27,59.290000915527344,60.68000030517578,58.9900016784668,60.540000915527344,59.911678314208984,1157900
2022-07-28,61.88999938964844,61.88999938964844,58.9900016784668,60.9900016784668,60.63745880126953,1218200
2022-07-29,61.20000076293945,63.63999938964844,60.93000030517578,63.27000045776367,62.90427780151367,1945700
2022-08-01,61.97999954223633,62.79999923706055,60.70000076293945,61.93000030517578,61.572025299072266,1015300
2022-08-02,61.65999984741211,62.04999923706055,60.27000045776367,60.470001220703125,60.12046432495117,992500
2022-08-03,60.709999084472656,61.58000183105469,60.29999923706055,61.47999954223633,61.12462615966797,720500
2022-08-04,61.36000061035156,62.060001373291016,61.189998626708984,61.290000915527344,60.93572235107422,569100
2022-08-05,60.5099983215332,60.630001068115234,59.599998474121094,60.599998474121094,60.24971008300781,547800
2022-08-08,60.9900016784668,61.86000061035156,60.939998626708984,61.5,61.144508361816406,516400
2022-08-09,61.16999816894531,61.380001068115234,60.0099983215332,60.29999923706055,59.951446533203125,417000
2022-08-10,61.33000183105469,61.849998474121094,61.31999969482422,61.70000076293945,61.343353271484375,435500
2022-08-11,62.130001068115234,63.06999969482422,61.84000015258789,62.41999816894531,62.05918884277344,534500
2022-08-12,62.56999969482422,63.90999984741211,62.56999969482422,63.869998931884766,63.50080871582031,714200
2022-08-15,63.54999923706055,64.12000274658203,63.02000045776367,64.08000183105469,63.709598541259766,750200
2022-08-16,63.689998626708984,65.08999633789062,63.689998626708984,64.33000183105469,63.958152770996094,737200
2022-08-17,63.66999816894531,64.7699966430664,63.209999084472656,64.20999908447266,63.838844299316406,609800
2022-08-18,64.54000091552734,64.75,63.880001068115234,64.11000061035156,63.73942184448242,453300
2022-08-19,63.779998779296875,64.08000183105469,62.31999969482422,62.630001068115234,62.26797866821289,541900
2022-08-22,61.75,62.060001373291016,61.119998931884766,61.290000915527344,60.93572235107422,540300
2022-08-23,61.209999084472656,61.4900016784668,60.63999938964844,60.75,60.39884567260742,476000
2022-08-24,60.68000030517578,61.04999923706055,60.56999969482422,60.959999084472656,60.607627868652344,381200
2022-08-25,61.2599983215332,61.52000045776367,60.59000015258789,61.119998931884766,60.76670455932617,601400
2022-08-26,61.27000045776367,61.779998779296875,58.40999984741211,58.43000030517578,58.092254638671875,589900
2022-08-29,57.90999984741211,58.220001220703125,57.279998779296875,57.70000076293945,57.36647415161133,515700
2022-08-30,58.0,58.290000915527344,57.16999816894531,57.439998626708984,57.107975006103516,531400
2022-08-31,57.43000030517578,57.59000015258789,56.33000183105469,56.45000076293945,56.12369918823242,1413500
2022-09-01,56.04999923706055,56.459999084472656,55.68000030517578,56.41999816894531,56.0938720703125,836400
2022-09-02,57.22999954223633,57.61000061035156,56.0,56.27000045776367,55.944740295410156,678100
2022-09-06,56.33000183105469,56.56999969482422,55.52000045776367,55.88999938964844,55.56693649291992,599900
2022-09-07,55.81999969482422,57.310001373291016,55.70000076293945,57.209999084472656,56.87930679321289,769400
2022-09-08,56.68000030517578,56.97999954223633,56.06999969482422,56.849998474121094,56.521385192871094,921500
2022-09-09,57.20000076293945,57.880001068115234,56.08000183105469,56.290000915527344,55.96462631225586,1488500
2022-09-12,56.70000076293945,57.08000183105469,55.91999816894531,56.16999816894531,55.84531784057617,1776900
2022-09-13,54.869998931884766,55.130001068115234,53.869998931884766,54.18000030517578,53.8668212890625,1620900
2022-09-14,54.099998474121094,54.2400016784668,51.720001220703125,52.27000045776367,51.96786117553711,1737400
2022-09-15,52.27000045776367,53.709999084472656,52.22999954223633,52.91999816894531,52.61410140991211,2240000
2022-09-16,52.459999084472656,52.459999084472656,50.79999923706055,51.720001220703125,51.421043395996094,2786000
2022-09-19,51.560001373291016,52.7599983215332,51.29999923706055,52.59000015258789,52.2860107421875,893400
2022-09-20,51.9900016784668,52.400001525878906,50.86000061035156,51.220001220703125,50.92393112182617,1364800
2022-09-21,51.81999969482422,52.52000045776367,51.040000915527344,51.060001373291016,50.76485824584961,1473800
2022-09-22,50.90999984741211,51.150001525878906,50.25,50.52000045776367,50.22797775268555,1036000
2022-09-23,50.0,50.349998474121094,49.29999923706055,49.83000183105469,49.541969299316406,824600
2022-09-26,49.70000076293945,50.189998626708984,49.27000045776367,49.40999984741211,49.124393463134766,901000
2022-09-27,50.099998474121094,50.41999816894531,48.88999938964844,49.33000183105469,49.044857025146484,913900
2022-09-28,49.7400016784668,50.689998626708984,49.2599983215332,50.45000076293945,50.158382415771484,1295000
2022-09-29,49.849998474121094,49.849998474121094,48.56999969482422,48.72999954223633,48.44832229614258,737900
2022-09-30,48.7400016784668,49.369998931884766,48.099998474121094,48.58000183105469,48.2991943359375,1036200
2022-10-03,49.040000915527344,50.91999816894531,48.9900016784668,50.630001068115234,50.33734130859375,1208600
2022-10-04,51.38999938964844,52.369998931884766,51.38999938964844,52.36000061035156,52.057342529296875,984300
2022-10-05,51.54999923706055,52.099998474121094,51.20000076293945,51.5,51.20231246948242,980300
2022-10-06,51.209999084472656,51.66999816894531,50.75,50.779998779296875,50.486473083496094,767400
2022-10-07,50.2400016784668,50.279998779296875,49.209999084472656,49.5,49.21387481689453,1307400
2022-10-10,49.900001525878906,50.13999938964844,49.279998779296875,49.58000183105469,49.29341125488281,876400
2022-10-11,49.58000183105469,49.90999984741211,48.95000076293945,49.310001373291016,49.02497100830078,1175300
2022-10-12,49.2400016784668,49.59000015258789,48.7400016784668,49.130001068115234,48.846012115478516,896200
2022-10-13,47.529998779296875,49.38999938964844,46.58000183105469,48.86000061035156,48.577571868896484,3153000
2022-10-14,49.150001525878906,49.599998474121094,48.209999084472656,49.040000915527344,48.756534576416016,2017600
2022-10-17,50.08000183105469,51.869998931884766,50.0099983215332,51.61000061035156,51.311676025390625,2260800
2022-10-18,52.619998931884766,52.970001220703125,51.20000076293945,51.7599983215332,51.46080780029297,1733200
2022-10-19,51.20000076293945,51.81999969482422,50.2400016784668,50.77000045776367,50.476531982421875,1272300
2022-10-20,50.84000015258789,51.16999816894531,48.68000030517578,48.7599983215332,48.4781494140625,955000
2022-10-21,49.06999969482422,50.290000915527344,48.66999816894531,50.130001068115234,49.840232849121094,990200
2022-10-24,50.40999984741211,51.310001373291016,50.20000076293945,50.79999923706055,50.5063591003418,840900
2022-10-25,50.86000061035156,52.189998626708984,50.86000061035156,52.099998474121094,51.79884338378906,1033100
2022-10-26,52.119998931884766,52.900001525878906,51.65999984741211,51.95000076293945,51.64971160888672,1416900
2022-10-27,53.06999969482422,53.79999923706055,51.77000045776367,51.900001525878906,51.60000228881836,1332100
2022-10-28,51.959999084472656,54.4900016784668,51.91999816894531,54.380001068115234,54.380001068115234,1063200
2022-10-31,54.060001373291016,55.18000030517578,53.880001068115234,54.779998779296875,54.779998779296875,2528000
2022-11-01,55.290000915527344,55.720001220703125,54.099998474121094,54.599998474121094,54.599998474121094,1110000
2022-11-02,54.33000183105469,55.83000183105469,53.70000076293945,53.70000076293945,53.70000076293945,1144700
2022-11-03,53.25,54.779998779296875,53.08000183105469,54.369998931884766,54.369998931884766,1099000
2022-11-04,55.16999816894531,56.220001220703125,54.97999954223633,55.97999954223633,55.97999954223633,1008500
2022-11-07,56.099998474121094,57.029998779296875,55.36000061035156,56.90999984741211,56.90999984741211,992000
2022-11-08,57.15999984741211,57.369998931884766,55.529998779296875,55.970001220703125,55.970001220703125,1092400
2022-11-09,55.33000183105469,55.900001525878906,54.970001220703125,55.04999923706055,55.04999923706055,983400
2022-11-10,57.540000915527344,59.40999984741211,57.02000045776367,59.279998779296875,59.279998779296875,1431200
2022-11-11,59.0099983215332,60.7400016784668,58.540000915527344,60.0,60.0,1229800
2022-11-14,59.650001525878906,60.15999984741211,59.2400016784668,59.5099983215332,59.5099983215332,1361300
2022-11-15,60.2599983215332,61.22999954223633,59.93000030517578,60.38999938964844,60.38999938964844,992300
2022-11-16,60.08000183105469,60.439998626708984,59.5099983215332,59.79999923706055,59.79999923706055,578700
2022-11-17,58.79999923706055,60.130001068115234,58.36000061035156,60.099998474121094,60.099998474121094,762700
2022-11-18,61.2599983215332,61.40999984741211,60.4900016784668,61.279998779296875,61.279998779296875,1082300
2022-11-21,60.95000076293945,61.58000183105469,60.630001068115234,61.400001525878906,61.400001525878906,1190600
2022-11-22,61.599998474121094,62.209999084472656,61.310001373291016,61.900001525878906,61.900001525878906,884300
2022-11-23,61.880001068115234,62.38999938964844,61.43000030517578,61.529998779296875,61.529998779296875,863400
2022-11-25,61.689998626708984,62.20000076293945,61.47999954223633,61.86000061035156,61.86000061035156,455700
2022-11-28,61.38999938964844,61.650001525878906,59.709999084472656,59.7599983215332,59.7599983215332,764300
2022-11-29,59.560001373291016,60.75,59.13999938964844,60.4900016784668,60.4900016784668,1482900
2022-11-30,60.20000076293945,60.7400016784668,58.84000015258789,60.7400016784668,60.7400016784668,2099500
2022-12-01,60.939998626708984,62.0099983215332,60.04999923706055,60.47999954223633,60.47999954223633,1090800
2022-12-02,59.5099983215332,60.650001525878906,59.119998931884766,60.380001068115234,60.380001068115234,930000
2022-12-05,59.72999954223633,60.029998779296875,59.189998626708984,59.81999969482422,59.81999969482422,1092400
2022-12-06,59.81999969482422,60.2599983215332,58.70000076293945,59.369998931884766,59.369998931884766,926400
2022-12-07,59.25,59.68000030517578,59.040000915527344,59.27000045776367,59.27000045776367,668000
2022-12-08,59.08000183105469,59.189998626708984,57.95000076293945,58.41999816894531,58.41999816894531,1155400
2022-12-09,58.459999084472656,59.09000015258789,58.06999969482422,58.29999923706055,58.29999923706055,1074900
2022-12-12,58.29999923706055,58.529998779296875,57.56999969482422,58.5099983215332,58.5099983215332,904500
2022-12-13,60.560001373291016,60.81999969482422,58.91999816894531,59.369998931884766,59.369998931884766,1135700
2022-12-14,59.369998931884766,60.119998931884766,58.529998779296875,58.880001068115234,58.880001068115234,1209800
2022-12-15,58.040000915527344,58.06999969482422,56.470001220703125,56.79999923706055,56.79999923706055,1721800
2022-12-16,56.22999954223633,56.54999923706055,55.47999954223633,56.04999923706055,56.04999923706055,2095100
2022-12-19,55.93000030517578,56.84000015258789,55.75,56.060001373291016,56.060001373291016,754400
2022-12-20,55.83000183105469,56.720001220703125,55.77000045776367,56.34000015258789,56.34000015258789,1208700
2022-12-21,56.849998474121094,57.70000076293945,56.66999816894531,57.2400016784668,57.2400016784668,902700
2022-12-22,56.41999816894531,56.91999816894531,55.40999984741211,56.22999954223633,56.22999954223633,778300
2022-12-23,56.04999923706055,56.939998626708984,55.84000015258789,56.900001525878906,56.900001525878906,879500
2022-12-27,56.93000030517578,58.040000915527344,56.91999816894531,57.66999816894531,57.66999816894531,829600
2022-12-28,57.91999816894531,58.2599983215332,56.72999954223633,56.77000045776367,56.77000045776367,710200
2022-12-29,57.18000030517578,58.029998779296875,56.97999954223633,57.65999984741211,57.65999984741211,664300
2022-12-30,57.209999084472656,57.439998626708984,56.689998626708984,57.2400016784668,57.2400016784668,592100
2023-01-03,57.86000061035156,59.09000015258789,57.45000076293945,58.91999816894531,58.91999816894531,1366200
2023-01-04,59.65999984741211,60.79999923706055,59.41999816894531,60.65999984741211,60.65999984741211,1054400
2023-01-05,60.02000045776367,60.470001220703125,58.93000030517578,59.380001068115234,59.380001068115234,990300
2023-01-06,60.04999923706055,61.68000030517578,59.849998474121094,61.439998626708984,61.439998626708984,831700
2023-01-09,61.54999923706055,63.099998474121094,61.29999923706055,61.4900016784668,61.4900016784668,1195900
2023-01-10,60.06999969482422,60.599998474121094,59.5099983215332,59.86000061035156,59.86000061035156,1571600
2023-01-11,60.189998626708984,62.75,60.029998779296875,62.58000183105469,62.58000183105469,1398300
2023-01-12,62.7400016784668,62.810001373291016,60.9900016784668,61.400001525878906,61.400001525878906,1160800
2023-01-13,61.0,62.220001220703125,60.34000015258789,62.130001068115234,62.130001068115234,803500
