Date,Open,High,Low,Close,Adj Close,Volume
2022-01-18,34.099998474121094,34.400001525878906,32.470001220703125,32.970001220703125,32.4384880065918,9779200
2022-01-19,33.369998931884766,33.529998779296875,32.099998474121094,32.380001068115234,31.857999801635742,8146800
2022-01-20,31.780000686645508,32.869998931884766,31.149999618530273,31.25,30.865365982055664,8783800
2022-01-21,30.799999237060547,31.040000915527344,29.469999313354492,30.100000381469727,29.729520797729492,9839500
2022-01-24,28.989999771118164,30.690000534057617,27.979999542236328,30.540000915527344,30.164106369018555,10338600
2022-01-25,30.299999237060547,33.400001525878906,29.610000610351562,33.06999969482422,32.662967681884766,14303100
2022-01-26,33.540000915527344,34.290000915527344,32.33000183105469,33.11000061035156,32.70247268676758,12034100
2022-01-27,33.86000061035156,34.4900016784668,32.27000045776367,32.95000076293945,32.5444450378418,8766200
2022-01-28,33.06999969482422,33.97999954223633,32.09000015258789,33.16999816894531,32.7617301940918,7526800
2022-01-31,33.099998474121094,33.54999923706055,32.38999938964844,33.209999084472656,32.80124282836914,7038300
2022-02-01,33.02000045776367,34.9900016784668,32.61000061035156,34.709999084472656,34.282779693603516,9075600
2022-02-02,34.7599983215332,34.90999984741211,33.81999969482422,34.77000045776367,34.342041015625,6537600
2022-02-03,34.380001068115234,35.150001525878906,33.900001525878906,34.540000915527344,34.114871978759766,6909200
2022-02-04,35.04999923706055,36.459999084472656,34.40999984741211,34.4900016784668,34.065486907958984,10324900
2022-02-07,34.18000030517578,34.779998779296875,33.279998779296875,34.09000015258789,33.670413970947266,7647000
2022-02-08,33.779998779296875,33.880001068115234,32.31999969482422,32.869998931884766,32.46542739868164,10434400
2022-02-09,32.72999954223633,33.90999984741211,32.70000076293945,33.43000030517578,33.01853561401367,7594000
2022-02-10,33.25,34.61000061035156,33.130001068115234,33.459999084472656,33.04816436767578,8841800
2022-02-11,33.63999938964844,34.459999084472656,33.36000061035156,34.13999938964844,33.71979522705078,12781100
2022-02-14,33.849998474121094,34.15999984741211,31.940000534057617,32.13999938964844,31.744409561157227,12322300
2022-02-15,31.049999237060547,32.380001068115234,30.899999618530273,32.22999954223633,31.833303451538086,6883700
2022-02-16,32.41999816894531,33.22999954223633,31.979999542236328,32.400001525878906,32.00121307373047,7334700
2022-02-17,32.27000045776367,33.2400016784668,32.099998474121094,32.38999938964844,31.991334915161133,6808500
2022-02-18,31.809999465942383,32.369998931884766,31.420000076293945,32.15999984741211,31.76416778564453,8774300
2022-02-22,33.02000045776367,33.2400016784668,30.43000030517578,31.040000915527344,30.6579532623291,14908200
2022-02-23,31.440000534057617,32.279998779296875,30.649999618530273,30.829999923706055,30.45053482055664,10600300
2022-02-24,31.1299991607666,32.45000076293945,29.950000762939453,32.310001373291016,31.91231918334961,14283800
2022-02-25,32.13999938964844,33.7400016784668,32.130001068115234,33.66999816894531,33.255577087402344,9284100
2022-02-28,33.45000076293945,35.66999816894531,33.310001373291016,35.630001068115234,35.19145584106445,12942500
2022-03-01,36.290000915527344,37.63999938964844,35.9900016784668,37.290000915527344,36.83102798461914,15356900
2022-03-02,38.0,39.16999816894531,37.209999084472656,37.869998931884766,37.40388488769531,12209000
2022-03-03,37.189998626708984,38.290000915527344,37.11000061035156,38.279998779296875,37.808837890625,11157200
2022-03-04,38.439998626708984,39.72999954223633,37.900001525878906,39.47999954223633,38.99406814575195,14536200
2022-03-07,39.90999984741211,40.560001373291016,37.33000183105469,37.91999816894531,37.453269958496094,15962100
2022-03-08,39.130001068115234,41.20000076293945,37.459999084472656,38.630001068115234,38.15453338623047,16485200
2022-03-09,36.9900016784668,38.900001525878906,36.36000061035156,38.70000076293945,38.22367477416992,13634700
2022-03-10,39.060001373291016,40.20000076293945,38.2400016784668,40.040000915527344,39.54718017578125,10804000
2022-03-11,39.560001373291016,40.150001525878906,39.0,39.04999923706055,38.569358825683594,8395100
2022-03-14,38.0099983215332,38.4900016784668,36.439998626708984,37.58000183105469,37.11745834350586,11775900
2022-03-15,35.56999969482422,36.84000015258789,34.79999923706055,36.70000076293945,36.248287200927734,11132700
2022-03-16,36.79999923706055,37.130001068115234,35.88999938964844,36.849998474121094,36.39643859863281,10542400
2022-03-17,37.81999969482422,39.849998474121094,37.619998931884766,39.43000030517578,38.94468307495117,9280800
2022-03-18,39.13999938964844,39.380001068115234,38.63999938964844,39.11000061035156,38.628623962402344,11795000
2022-03-21,40.130001068115234,41.72999954223633,40.04999923706055,40.880001068115234,40.3768424987793,8093600
2022-03-22,40.68000030517578,41.279998779296875,39.849998474121094,40.52000045776367,40.021270751953125,7202900
2022-03-23,41.400001525878906,41.7400016784668,40.29999923706055,40.709999084472656,40.20893096923828,8012900
2022-03-24,40.79999923706055,41.72999954223633,40.349998474121094,40.779998779296875,40.27806854248047,5551700
2022-03-25,40.439998626708984,42.09000015258789,40.2400016784668,41.529998779296875,41.018836975097656,5891400
2022-03-28,40.5,40.5,38.93000030517578,39.849998474121094,39.35951614379883,7191100
2022-03-29,38.880001068115234,40.970001220703125,38.52000045776367,40.959999084472656,40.45585250854492,7534500
2022-03-30,41.45000076293945,42.36000061035156,40.68000030517578,41.20000076293945,40.69289779663086,9015800
2022-03-31,41.060001373291016,42.77000045776367,40.79999923706055,41.33000183105469,40.8213005065918,7934500
2022-04-01,41.41999816894531,42.689998626708984,41.41999816894531,42.220001220703125,41.70034408569336,5005400
2022-04-04,43.0,43.689998626708984,42.27000045776367,42.97999954223633,42.450992584228516,6937800
2022-04-05,43.22999954223633,43.880001068115234,41.58000183105469,41.689998626708984,41.1768684387207,7330100
2022-04-06,41.900001525878906,42.2400016784668,40.36000061035156,40.810001373291016,40.307701110839844,7368000
2022-04-07,41.56999969482422,41.90999984741211,39.36000061035156,41.0,40.495361328125,8741500
2022-04-08,41.369998931884766,43.400001525878906,41.29999923706055,43.02000045776367,42.49049758911133,6951900
2022-04-11,42.36000061035156,42.439998626708984,40.72999954223633,41.06999969482422,40.56449890136719,9983100
2022-04-12,41.97999954223633,43.2599983215332,41.95000076293945,42.18000030517578,41.66083908081055,5817500
2022-04-13,42.849998474121094,43.9900016784668,42.130001068115234,43.61000061035156,43.073238372802734,6519500
2022-04-14,43.369998931884766,44.279998779296875,43.31999969482422,43.68000030517578,43.14237594604492,5864600
2022-04-18,44.11000061035156,44.9900016784668,43.459999084472656,43.97999954223633,43.438682556152344,10373400
2022-04-19,43.54999923706055,45.220001220703125,43.459999084472656,44.38999938964844,43.8436393737793,7131600
2022-04-20,44.43000030517578,45.150001525878906,43.95000076293945,44.33000183105469,43.78437805175781,8777200
2022-04-21,44.88999938964844,45.220001220703125,41.68000030517578,42.189998626708984,41.78854751586914,10374600
2022-04-22,41.779998779296875,42.689998626708984,40.470001220703125,40.709999084472656,40.3226318359375,8827500
2022-04-25,39.08000183105469,39.349998474121094,36.97999954223633,39.08000183105469,38.70814514160156,10373300
2022-04-26,39.20000076293945,39.970001220703125,38.4900016784668,38.619998931884766,38.25251770019531,9979700
2022-04-27,38.84000015258789,40.33000183105469,38.11000061035156,39.970001220703125,39.58967590332031,10210200
2022-04-28,40.47999954223633,41.97999954223633,38.91999816894531,41.45000076293945,41.05559158325195,7272700
2022-04-29,41.540000915527344,42.630001068115234,40.66999816894531,40.93000030517578,40.5405387878418,12974500
2022-05-02,40.310001373291016,41.099998474121094,39.18000030517578,40.61000061035156,40.22358703613281,10677800
2022-05-03,40.63999938964844,42.959999084472656,40.58000183105469,42.52000045776367,42.11540603637695,9096200
2022-05-04,43.97999954223633,45.27000045776367,42.209999084472656,45.20000076293945,44.7699089050293,10228600
2022-05-05,44.83000183105469,45.25,40.68000030517578,41.29999923706055,40.90701675415039,15617200
2022-05-06,41.97999954223633,44.16999816894531,41.130001068115234,44.11000061035156,43.69028091430664,9499800
2022-05-09,43.130001068115234,43.130001068115234,37.349998474121094,37.529998779296875,37.172889709472656,13347600
2022-05-10,38.209999084472656,39.47999954223633,36.119998931884766,37.380001068115234,37.02431869506836,11971800
2022-05-11,38.38999938964844,40.599998474121094,38.04999923706055,38.29999923706055,37.93556213378906,10243300
2022-05-12,37.880001068115234,39.029998779296875,36.869998931884766,38.029998779296875,37.66813278198242,10293600
2022-05-13,39.2599983215332,41.91999816894531,39.25,41.150001525878906,40.758445739746094,8755200
2022-05-16,41.36000061035156,43.380001068115234,41.2599983215332,42.40999984741211,42.00645446777344,9127800
2022-05-17,42.869998931884766,43.459999084472656,42.38999938964844,43.13999938964844,42.72950744628906,6472200
2022-05-18,43.40999984741211,43.47999954223633,39.779998779296875,40.45000076293945,40.06510543823242,8696400
2022-05-19,39.47999954223633,41.900001525878906,39.33000183105469,40.81999969482422,40.431583404541016,7227400
2022-05-20,41.08000183105469,42.29999923706055,40.22999954223633,41.65999984741211,41.263587951660156,8298500
2022-05-23,42.33000183105469,44.369998931884766,41.869998931884766,44.150001525878906,43.72990036010742,8510500
2022-05-24,43.40999984741211,44.459999084472656,43.06999969482422,43.619998931884766,43.20494079589844,7953400
2022-05-25,43.5099983215332,45.58000183105469,43.5099983215332,45.54999923706055,45.1165771484375,7895100
2022-05-26,46.06999969482422,46.88999938964844,45.58000183105469,45.84000015258789,45.40381622314453,9517700
2022-05-27,45.70000076293945,47.63999938964844,45.52000045776367,47.619998931884766,47.1668815612793,9157000
2022-05-31,49.72999954223633,50.459999084472656,46.20000076293945,47.0099983215332,46.56268310546875,37978500
2022-06-01,48.029998779296875,48.970001220703125,46.5,47.619998931884766,47.1668815612793,9252600
2022-06-02,47.13999938964844,48.400001525878906,46.79999923706055,47.470001220703125,47.018310546875,6671300
2022-06-03,47.400001525878906,48.4900016784668,47.310001373291016,48.29999923706055,47.84040832519531,5009400
2022-06-06,48.91999816894531,49.06999969482422,47.599998474121094,48.54999923706055,48.08803176879883,5524300
2022-06-07,48.119998931884766,51.91999816894531,48.060001373291016,51.38999938964844,50.90100860595703,10390900
2022-06-08,51.75,51.95000076293945,50.86000061035156,51.16999816894531,50.68309783935547,7689200
2022-06-09,50.650001525878906,51.630001068115234,50.02000045776367,50.040000915527344,49.5638542175293,6461800
2022-06-10,49.13999938964844,49.81999969482422,47.720001220703125,48.810001373291016,48.345558166503906,6434300
2022-06-13,46.470001220703125,46.540000915527344,43.900001525878906,45.56999969482422,45.13638687133789,9843000
2022-06-14,46.599998474121094,47.65999984741211,44.9900016784668,46.0,45.562294006347656,7751900
2022-06-15,46.06999969482422,46.5,44.349998474121094,45.630001068115234,45.19581985473633,7478000
2022-06-16,44.04999923706055,44.33000183105469,41.15999984741211,41.7599983215332,41.362640380859375,9135100
2022-06-17,41.779998779296875,41.84000015258789,38.15999984741211,39.220001220703125,38.84680938720703,16283100
2022-06-21,39.81999969482422,41.13999938964844,39.040000915527344,40.349998474121094,39.96605682373047,9495000
2022-06-22,37.630001068115234,39.02000045776367,37.22999954223633,37.5,37.14317321777344,9695000
2022-06-23,37.7599983215332,38.439998626708984,35.41999816894531,36.209999084472656,35.865447998046875,9729200
2022-06-24,36.93000030517578,37.880001068115234,36.2599983215332,36.45000076293945,36.10316467285156,9966400
2022-06-27,37.16999816894531,38.16999816894531,36.599998474121094,37.470001220703125,37.113460540771484,11187100
2022-06-28,38.88999938964844,39.849998474121094,37.91999816894531,38.77000045776367,38.401092529296875,9116600
2022-06-29,39.40999984741211,39.779998779296875,35.93000030517578,36.099998474121094,35.75649642944336,8867700
2022-06-30,35.099998474121094,36.119998931884766,34.47999954223633,34.900001525878906,34.56791687011719,8202300
2022-07-01,35.220001220703125,35.720001220703125,33.7599983215332,35.349998474121094,35.01362991333008,5861200
2022-07-05,34.099998474121094,34.36000061035156,32.119998931884766,32.72999954223633,32.41856384277344,8289400
2022-07-06,32.15999984741211,33.279998779296875,30.690000534057617,32.0099983215332,31.705411911010742,9824300
2022-07-07,33.189998626708984,35.029998779296875,33.0,34.5099983215332,34.18162536621094,8409400
2022-07-08,35.470001220703125,35.58000183105469,34.130001068115234,34.849998474121094,34.51838684082031,7607300
2022-07-11,34.18000030517578,35.0,33.52000045776367,34.209999084472656,33.88447952270508,5910100
2022-07-12,32.7400016784668,33.45000076293945,32.279998779296875,32.43000030517578,32.12141799926758,11259600
2022-07-13,32.099998474121094,33.77000045776367,31.719999313354492,32.900001525878906,32.58694839477539,8134600
2022-07-14,31.329999923706055,31.84000015258789,30.440000534057617,31.579999923706055,31.279504776000977,9817700
2022-07-15,32.27000045776367,32.540000915527344,31.420000076293945,31.989999771118164,31.685606002807617,6938400
2022-07-18,33.08000183105469,33.75,32.540000915527344,32.79999923706055,32.48789978027344,6085600
2022-07-19,32.79999923706055,34.4900016784668,32.54999923706055,34.34000015258789,34.01324462890625,8108800
2022-07-20,33.97999954223633,35.099998474121094,33.58000183105469,35.0,34.66696548461914,7540100
2022-07-21,33.599998474121094,34.02000045776367,32.45000076293945,33.290000915527344,33.0914192199707,6646800
2022-07-22,33.27000045776367,34.13999938964844,32.20000076293945,32.40999984741211,32.21666717529297,5329800
2022-07-25,33.369998931884766,34.619998931884766,32.540000915527344,34.43000030517578,34.2246208190918,7567200
2022-07-26,34.9900016784668,35.25,33.08000183105469,33.84000015258789,33.63813781738281,6634600
2022-07-27,34.0099983215332,35.349998474121094,33.279998779296875,35.189998626708984,34.98008346557617,7023000
2022-07-28,35.599998474121094,36.29999923706055,34.709999084472656,35.619998931884766,35.40752029418945,6664500
2022-07-29,36.529998779296875,37.439998626708984,36.22999954223633,37.16999816894531,36.948272705078125,7681800
2022-08-01,36.2400016784668,36.38999938964844,35.099998474121094,36.0099983215332,35.79519271850586,7217200
2022-08-02,35.95000076293945,36.439998626708984,35.16999816894531,35.93000030517578,35.71567153930664,5119800
2022-08-03,36.209999084472656,36.34000015258789,33.779998779296875,34.43000030517578,34.2246208190918,8401600
2022-08-04,33.119998931884766,33.86000061035156,30.5,30.68000030517578,30.49698829650879,12166800
2022-08-05,30.290000915527344,32.65999984741211,30.149999618530273,31.75,31.560606002807617,8250100
2022-08-08,31.540000915527344,32.709999084472656,31.420000076293945,32.209999084472656,32.017860412597656,7015100
2022-08-09,32.900001525878906,33.790000915527344,32.47999954223633,32.68000030517578,32.48505783081055,6347400
2022-08-10,33.02000045776367,33.68000030517578,31.8799991607666,33.220001220703125,33.0218391418457,5988100
2022-08-11,34.0,34.9900016784668,33.95000076293945,34.84000015258789,34.632171630859375,7353500
2022-08-12,34.5,35.09000015258789,33.9900016784668,34.70000076293945,34.49300765991211,6904700
2022-08-15,32.90999984741211,33.97999954223633,32.369998931884766,33.56999969482422,33.369747161865234,5921600
2022-08-16,34.150001525878906,34.59000015258789,33.0,33.220001220703125,33.0218391418457,6611300
2022-08-17,33.040000915527344,33.95000076293945,32.79999923706055,33.630001068115234,33.42939376831055,6803000
2022-08-18,34.29999923706055,36.58000183105469,34.29999923706055,36.5,36.28227233886719,8864800
2022-08-19,35.959999084472656,36.97999954223633,35.65999984741211,36.150001525878906,35.93436050415039,9014900
2022-08-22,35.58000183105469,36.86000061035156,34.47999954223633,36.790000915527344,36.57054138183594,8267100
2022-08-23,37.869998931884766,39.93000030517578,37.63999938964844,38.790000915527344,38.55861282348633,9826800
2022-08-24,39.04999923706055,40.689998626708984,38.79999923706055,40.310001373291016,40.06954574584961,10305400
2022-08-25,40.4900016784668,40.939998626708984,39.470001220703125,40.400001525878906,40.15900802612305,6662300
2022-08-26,40.459999084472656,41.310001373291016,39.7400016784668,40.18000030517578,39.9403190612793,6616500
2022-08-29,39.93000030517578,42.63999938964844,39.7599983215332,41.36000061035156,41.11328125,9132000
2022-08-30,40.2400016784668,40.650001525878906,38.779998779296875,39.31999969482422,39.08544921875,10661000
2022-08-31,38.16999816894531,40.25,37.83000183105469,39.11000061035156,38.87670135498047,8810800
2022-09-01,38.40999984741211,38.439998626708984,36.810001373291016,37.91999816894531,37.69379806518555,7941600
2022-09-02,39.529998779296875,39.97999954223633,38.459999084472656,38.79999923706055,38.56855010986328,7531000
2022-09-06,38.939998626708984,39.38999938964844,37.650001525878906,37.81999969482422,37.594398498535156,6038700
2022-09-07,36.59000015258789,36.970001220703125,36.02000045776367,36.66999816894531,36.451255798339844,6496000
2022-09-08,36.849998474121094,37.59000015258789,36.68000030517578,36.93000030517578,36.7097053527832,7890200
2022-09-09,38.15999984741211,38.290000915527344,37.29999923706055,38.09000015258789,37.86278533935547,6043600
2022-09-12,39.7400016784668,40.77000045776367,39.0099983215332,40.0,39.76139450073242,9459100
2022-09-13,39.65999984741211,40.7599983215332,38.68000030517578,39.11000061035156,38.87670135498047,7741400
2022-09-14,39.68000030517578,42.220001220703125,39.599998474121094,41.7400016784668,41.49101638793945,8571900
2022-09-15,41.380001068115234,42.58000183105469,41.09000015258789,41.4900016784668,41.24250793457031,9221600
2022-09-16,41.349998474121094,41.380001068115234,39.08000183105469,40.459999084472656,40.21864700317383,12193300
2022-09-19,39.09000015258789,40.90999984741211,39.0099983215332,40.45000076293945,40.208709716796875,6049600
2022-09-20,40.2599983215332,40.290000915527344,38.88999938964844,39.599998474121094,39.36377716064453,6625400
2022-09-21,40.2400016784668,40.66999816894531,38.400001525878906,38.43000030517578,38.20075988769531,5803800
2022-09-22,39.029998779296875,39.529998779296875,37.099998474121094,37.11000061035156,36.888633728027344,7355900
2022-09-23,35.029998779296875,35.18000030517578,32.130001068115234,32.869998931884766,32.67392349243164,17295100
2022-09-26,32.9900016784668,33.75,31.829999923706055,31.84000015258789,31.650068283081055,10152000
2022-09-27,32.83000183105469,33.40999984741211,31.979999542236328,32.68000030517578,32.48505783081055,10516700
2022-09-28,32.939998626708984,34.84000015258789,32.880001068115234,34.66999816894531,34.46318435668945,10422700
2022-09-29,34.279998779296875,35.040000915527344,33.25,34.95000076293945,34.74151611328125,9094300
2022-09-30,34.13999938964844,35.06999969482422,33.77000045776367,34.189998626708984,33.98604965209961,7705300
2022-10-03,35.95000076293945,37.38999938964844,35.810001373291016,37.29999923706055,37.07749938964844,12897200
2022-10-04,38.630001068115234,39.459999084472656,37.939998626708984,39.15999984741211,38.9264030456543,10280200
2022-10-05,39.099998474121094,40.93000030517578,38.59000015258789,40.52000045776367,40.278289794921875,11925400
2022-10-06,40.189998626708984,42.36000061035156,40.09000015258789,42.20000076293945,41.94826889038086,8897800
2022-10-07,42.15999984741211,43.709999084472656,41.93000030517578,42.52000045776367,42.266361236572266,10920100
2022-10-10,42.2599983215332,43.2599983215332,41.029998779296875,41.16999816894531,40.92441177368164,10050700
2022-10-11,40.099998474121094,41.540000915527344,39.86000061035156,40.47999954223633,40.238529205322266,7325300
2022-10-12,40.099998474121094,41.279998779296875,39.060001373291016,40.75,40.506919860839844,7373700
2022-10-13,39.79999923706055,42.25,39.720001220703125,41.86000061035156,41.61029815673828,10394200
2022-10-14,41.29999923706055,42.18000030517578,39.66999816894531,39.93000030517578,39.691810607910156,7625000
2022-10-17,40.36000061035156,41.779998779296875,39.7400016784668,40.099998474121094,39.86079406738281,7270300
2022-10-18,40.349998474121094,40.95000076293945,38.970001220703125,39.81999969482422,39.58246612548828,7240600
2022-10-19,39.95000076293945,41.939998626708984,39.81999969482422,41.90999984741211,41.65999984741211,7881900
2022-10-20,42.20000076293945,43.130001068115234,41.290000915527344,41.5099983215332,41.5099983215332,7131500
2022-10-21,41.90999984741211,43.20000076293945,41.5099983215332,43.189998626708984,43.189998626708984,8542500
2022-10-24,43.29999923706055,44.41999816894531,42.959999084472656,43.7599983215332,43.7599983215332,7901100
2022-10-25,43.779998779296875,45.400001525878906,43.369998931884766,45.20000076293945,45.20000076293945,8117800
2022-10-26,45.43000030517578,47.09000015258789,45.2400016784668,46.08000183105469,46.08000183105469,8074400
2022-10-27,47.2599983215332,47.5,45.58000183105469,45.72999954223633,45.72999954223633,8040800
2022-10-28,46.29999923706055,46.45000076293945,44.040000915527344,45.439998626708984,45.439998626708984,7177100
2022-10-31,44.849998474121094,46.33000183105469,44.099998474121094,45.459999084472656,45.459999084472656,5944300
2022-11-01,46.43000030517578,46.56999969482422,45.65999984741211,45.790000915527344,45.790000915527344,5803900
2022-11-02,45.5099983215332,45.939998626708984,44.0099983215332,44.2400016784668,44.2400016784668,7690800
2022-11-03,43.150001525878906,47.880001068115234,43.029998779296875,47.290000915527344,47.290000915527344,9835000
2022-11-04,48.869998931884766,50.220001220703125,47.66999816894531,48.9900016784668,48.9900016784668,8846700
2022-11-07,49.13999938964844,50.58000183105469,49.0099983215332,49.5,49.5,6503200
2022-11-08,49.130001068115234,49.66999816894531,47.939998626708984,49.040000915527344,49.040000915527344,6744700
2022-11-09,48.02000045776367,48.2400016784668,45.2599983215332,45.54999923706055,45.54999923706055,7833200
2022-11-10,46.709999084472656,47.380001068115234,45.630001068115234,47.0,47.0,6225700
2022-11-11,48.29999923706055,49.29999923706055,48.099998474121094,48.7599983215332,48.7599983215332,5962700
2022-11-14,48.209999084472656,48.95000076293945,47.18000030517578,47.209999084472656,47.209999084472656,5478600
2022-11-15,47.45000076293945,49.220001220703125,46.529998779296875,49.040000915527344,49.040000915527344,5814400
2022-11-16,48.08000183105469,48.709999084472656,47.400001525878906,47.43000030517578,47.43000030517578,5831800
2022-11-17,46.349998474121094,47.02000045776367,45.540000915527344,46.939998626708984,46.939998626708984,5377900
2022-11-18,45.41999816894531,46.540000915527344,44.31999969482422,46.34000015258789,46.34000015258789,6158800
2022-11-21,45.25,45.56999969482422,43.040000915527344,45.27000045776367,45.27000045776367,7778300
2022-11-22,46.16999816894531,47.93000030517578,45.72999954223633,47.779998779296875,47.779998779296875,5732300
2022-11-23,46.79999923706055,47.779998779296875,46.31999969482422,46.779998779296875,46.779998779296875,5235200
2022-11-25,47.20000076293945,47.20000076293945,46.099998474121094,46.43000030517578,46.43000030517578,2876300
2022-11-28,44.83000183105469,45.47999954223633,43.75,44.959999084472656,44.959999084472656,7228500
2022-11-29,45.900001525878906,47.040000915527344,45.83000183105469,46.59000015258789,46.59000015258789,7090500
2022-11-30,47.470001220703125,47.650001525878906,46.0,46.849998474121094,46.849998474121094,9011400
2022-12-01,47.5,48.08000183105469,46.47999954223633,46.720001220703125,46.720001220703125,5264900
2022-12-02,46.189998626708984,47.380001068115234,46.189998626708984,47.11000061035156,47.11000061035156,4617600
2022-12-05,48.06999969482422,48.54999923706055,45.22999954223633,45.709999084472656,45.709999084472656,5896700
2022-12-06,45.060001373291016,46.20000076293945,43.58000183105469,43.869998931884766,43.869998931884766,5685200
2022-12-07,44.099998474121094,44.65999984741211,43.20000076293945,43.65999984741211,43.65999984741211,5982400
2022-12-08,45.20000076293945,45.380001068115234,42.709999084472656,42.77000045776367,42.77000045776367,6398100
2022-12-09,42.75,43.560001373291016,41.7599983215332,41.86000061035156,41.86000061035156,6800200
2022-12-12,42.29999923706055,44.36000061035156,42.16999816894531,43.90999984741211,43.90999984741211,8562800
2022-12-13,45.369998931884766,46.150001525878906,44.72999954223633,45.83000183105469,45.83000183105469,9658800
2022-12-14,46.400001525878906,46.66999816894531,44.189998626708984,45.040000915527344,45.040000915527344,7552000
2022-12-15,44.61000061035156,45.20000076293945,43.93000030517578,45.04999923706055,45.04999923706055,7323700
2022-12-16,43.79999923706055,44.41999816894531,42.810001373291016,43.790000915527344,43.790000915527344,12120400
2022-12-19,44.029998779296875,44.689998626708984,43.25,43.84000015258789,43.84000015258789,5010500
2022-12-20,43.68000030517578,44.45000076293945,43.470001220703125,44.130001068115234,44.130001068115234,4370500
2022-12-21,45.43000030517578,46.68000030517578,45.150001525878906,46.66999816894531,46.66999816894531,4595400
2022-12-22,46.66999816894531,46.81999969482422,43.45000076293945,44.689998626708984,44.689998626708984,5337000
2022-12-23,45.4900016784668,47.310001373291016,45.13999938964844,47.25,47.25,5330800
2022-12-27,47.7400016784668,48.13999938964844,47.33000183105469,47.63999938964844,47.63999938964844,4505500
2022-12-28,47.5,47.59000015258789,45.040000915527344,45.18000030517578,45.18000030517578,5001700
2022-12-29,44.599998474121094,46.209999084472656,44.349998474121094,45.90999984741211,45.90999984741211,4534000
2022-12-30,45.459999084472656,46.689998626708984,45.41999816894531,46.68000030517578,46.68000030517578,4749200
2023-01-03,45.88999938964844,46.349998474121094,43.02000045776367,43.619998931884766,43.619998931884766,6169000
2023-01-04,42.40999984741211,43.310001373291016,41.84000015258789,42.150001525878906,42.150001525878906,9034500
2023-01-05,41.88999938964844,42.40999984741211,41.36000061035156,41.7599983215332,41.7599983215332,7019000
2023-01-06,42.540000915527344,43.31999969482422,41.939998626708984,42.88999938964844,42.88999938964844,5762500
2023-01-09,44.060001373291016,44.45000076293945,43.29999923706055,43.369998931884766,43.369998931884766,5737000
2023-01-10,43.11000061035156,43.369998931884766,42.0,43.2400016784668,43.2400016784668,5161700
2023-01-11,43.75,44.189998626708984,42.91999816894531,43.81999969482422,43.81999969482422,4860100
2023-01-12,44.099998474121094,46.13999938964844,43.9900016784668,45.349998474121094,45.349998474121094,5573300
2023-01-13,45.16999816894531,45.5,44.279998779296875,45.34000015258789,45.34000015258789,3488400
