Date,Open,High,Low,Close,Adj Close,Volume
2022-01-18,80.73999786376953,80.73999786376953,79.37999725341797,79.8499984741211,78.9546890258789,1801600
2022-01-19,80.18000030517578,80.83999633789062,78.43000030517578,78.51000213623047,77.62972259521484,2321500
2022-01-20,78.7699966430664,79.83999633789062,77.79000091552734,77.91000366210938,77.03644561767578,2270700
2022-01-21,78.02999877929688,78.91000366210938,76.91000366210938,77.02999877929688,76.16630554199219,3348600
2022-01-24,75.94000244140625,77.66000366210938,74.2300033569336,77.3499984741211,76.48272705078125,3707800
2022-01-25,76.08000183105469,76.70999908447266,74.56999969482422,76.01000213623047,75.15774536132812,4285400
2022-01-26,78.72000122070312,80.05999755859375,75.5,76.33999633789062,75.48404693603516,5336900
2022-01-27,77.52999877929688,78.3499984741211,74.56999969482422,75.02999877929688,74.18872833251953,5389200
2022-01-28,75.11000061035156,77.12999725341797,74.1500015258789,77.11000061035156,76.24542236328125,3038000
2022-01-31,77.0,79.70999908447266,76.62000274658203,79.58999633789062,78.6976089477539,3302000
2022-02-01,79.44999694824219,79.80000305175781,78.27999877929688,79.12000274658203,78.23287963867188,2427100
2022-02-02,79.31999969482422,80.55000305175781,79.1500015258789,80.44999694824219,79.54796600341797,2857100
2022-02-03,79.5,80.11000061035156,78.95999908447266,79.06999969482422,78.18343353271484,2326800
2022-02-04,78.76000213623047,79.5999984741211,77.66000366210938,78.76000213623047,77.87690734863281,1902100
2022-02-07,79.06999969482422,79.61000061035156,77.76000213623047,77.97000122070312,77.09577941894531,2159100
2022-02-08,77.9000015258789,78.79000091552734,77.05999755859375,78.6500015258789,77.76815032958984,2717000
2022-02-09,79.7300033569336,80.5,79.44000244140625,79.98999786376953,79.0931167602539,2608400
2022-02-10,78.7699966430664,79.87000274658203,77.0199966430664,77.5999984741211,76.72991943359375,2932200
2022-02-11,77.80999755859375,77.93000030517578,74.75,75.18000030517578,74.33705139160156,3241700
2022-02-14,75.08000183105469,76.19000244140625,74.61000061035156,75.30999755859375,74.46559143066406,2568700
2022-02-15,76.79000091552734,77.22000122070312,76.2699966430664,76.80000305175781,75.93888854980469,2545500
2022-02-16,76.30000305175781,77.2699966430664,75.68000030517578,76.94999694824219,76.08720397949219,3174000
2022-02-17,76.33000183105469,76.52999877929688,75.41000366210938,75.4800033569336,74.63369750976562,2461200
2022-02-18,75.43000030517578,76.5999984741211,75.3499984741211,76.2300033569336,75.37528228759766,5478600
2022-02-22,75.77999877929688,76.3499984741211,74.52999877929688,74.94000244140625,74.09974670410156,2859000
2022-02-23,75.4000015258789,75.75,73.36000061035156,73.66999816894531,72.84398651123047,3473200
2022-02-24,71.62000274658203,75.25,71.0999984741211,75.11000061035156,74.2678451538086,3308800
2022-02-25,75.20999908447266,76.94000244140625,74.8499984741211,76.8499984741211,75.98832702636719,2050000
2022-02-28,75.69999694824219,76.38999938964844,75.05000305175781,76.01000213623047,75.15774536132812,2952100
2022-03-01,75.97000122070312,75.97000122070312,73.51000213623047,74.12000274658203,73.28893280029297,2460300
2022-03-02,74.73999786376953,76.52999877929688,74.4800033569336,76.16999816894531,75.31594848632812,2508600
2022-03-03,76.62000274658203,77.08000183105469,75.38999938964844,76.36000061035156,75.50382995605469,2334100
2022-03-04,75.43000030517578,76.66000366210938,74.95999908447266,76.2300033569336,75.37528228759766,2052500
2022-03-07,76.12000274658203,76.2300033569336,72.75,72.81999969482422,72.00350952148438,3681400
2022-03-08,72.76000213623047,74.55999755859375,71.70999908447266,72.54000091552734,71.72665405273438,4315000
2022-03-09,74.55999755859375,75.33000183105469,73.4000015258789,74.91000366210938,74.0700912475586,2864100
2022-03-10,73.69000244140625,74.9000015258789,73.12000274658203,74.2699966430664,73.43724822998047,2057500
2022-03-11,74.97000122070312,75.4000015258789,73.48999786376953,73.61000061035156,72.78466033935547,2296300
2022-03-14,74.13999938964844,74.68000030517578,71.04000091552734,71.48999786376953,70.68841552734375,3851500
2022-03-15,72.01000213623047,73.55999755859375,72.01000213623047,73.43000030517578,72.6066665649414,3795800
2022-03-16,74.13999938964844,75.6500015258789,73.52999877929688,75.2300033569336,74.3864974975586,2337400
2022-03-17,74.87000274658203,75.91999816894531,74.70999908447266,75.91999816894531,75.06876373291016,1971700
2022-03-18,76.44000244140625,77.0,75.45999908447266,76.73999786376953,75.87956237792969,5934300
2022-03-21,76.25,77.08000183105469,75.75,76.05000305175781,75.393798828125,3196300
2022-03-22,75.69000244140625,76.30999755859375,75.58999633789062,75.69999694824219,75.04680633544922,5693600
2022-03-23,75.23999786376953,75.66999816894531,74.20999908447266,74.2300033569336,73.5895004272461,2745800
2022-03-24,74.6500015258789,75.43000030517578,74.33999633789062,75.41999816894531,74.76922607421875,2487200
2022-03-25,75.7699966430664,75.93000030517578,74.91999816894531,75.66999816894531,75.0170669555664,2667900
2022-03-28,75.69000244140625,75.97000122070312,75.02999877929688,75.80999755859375,75.1558609008789,2306200
2022-03-29,76.77999877929688,77.45999908447266,76.20999908447266,77.36000061035156,76.69248962402344,1811100
2022-03-30,77.06999969482422,77.33000183105469,76.43000030517578,76.70999908447266,76.048095703125,1789200
2022-03-31,76.45999908447266,76.83000183105469,75.3499984741211,75.3499984741211,74.6998291015625,2616400
2022-04-01,76.0,76.30999755859375,74.5199966430664,75.56999969482422,74.91793060302734,2120200
2022-04-04,75.51000213623047,76.27999877929688,75.3499984741211,75.98999786376953,75.33430480957031,2475000
2022-04-05,75.76000213623047,75.9000015258789,74.16999816894531,74.38999938964844,73.74810791015625,2061200
2022-04-06,73.5199966430664,73.73999786376953,72.6500015258789,73.05999755859375,72.4295883178711,2625800
2022-04-07,72.98999786376953,74.29000091552734,72.62000274658203,73.97000122070312,73.33173370361328,2349900
2022-04-08,73.73999786376953,74.0199966430664,72.94000244140625,73.27999877929688,72.64768981933594,1652200
2022-04-11,72.83999633789062,73.05000305175781,71.61000061035156,71.73999786376953,71.1209716796875,2210300
2022-04-12,72.31999969482422,73.0,71.45999908447266,71.80000305175781,71.18046569824219,2860000
2022-04-13,71.83000183105469,72.19000244140625,71.55000305175781,71.91000366210938,71.28952026367188,2453600
2022-04-14,71.91000366210938,72.0999984741211,70.31999969482422,70.37999725341797,69.77271270751953,3053000
2022-04-18,70.13999938964844,71.02999877929688,69.8499984741211,70.43000030517578,69.82228088378906,3094400
2022-04-19,70.62999725341797,71.27999877929688,70.26000213623047,71.11000061035156,70.49641418457031,6142100
2022-04-20,71.86000061035156,73.2699966430664,71.86000061035156,72.54000091552734,71.91407775878906,2650100
2022-04-21,73.44999694824219,73.58999633789062,71.44000244140625,71.62000274658203,71.00202178955078,1906700
2022-04-22,71.18000030517578,71.7300033569336,69.37000274658203,69.44000244140625,68.84082794189453,2040500
2022-04-25,69.06999969482422,70.83999633789062,68.33000183105469,70.70999908447266,70.09986114501953,2351900
2022-04-26,70.33999633789062,70.55999755859375,68.48999786376953,68.55000305175781,67.95851135253906,2846800
2022-04-27,69.38999938964844,71.81999969482422,68.7300033569336,70.16000366210938,69.55461883544922,2730700
2022-04-28,71.33000183105469,73.87999725341797,70.94000244140625,73.55000305175781,72.91536712646484,3837100
2022-04-29,72.88999938964844,73.62999725341797,71.4000015258789,71.5,70.883056640625,3822400
2022-05-02,71.41000366210938,72.16000366210938,69.87000274658203,71.58999633789062,70.9722671508789,2553300
2022-05-03,71.80999755859375,72.51000213623047,71.45999908447266,71.97000122070312,71.3489990234375,1927700
2022-05-04,72.1500015258789,74.0,71.47000122070312,73.94000244140625,73.302001953125,2218200
2022-05-05,73.08000183105469,73.2300033569336,70.37000274658203,71.16000366210938,70.54598236083984,1678800
2022-05-06,70.5199966430664,70.81999969482422,69.13999938964844,70.41999816894531,69.81237030029297,2402300
2022-05-09,69.41999816894531,70.47000122070312,68.83000183105469,69.08999633789062,68.49384307861328,2449200
2022-05-10,70.33999633789062,70.54000091552734,68.1500015258789,69.04000091552734,68.44427490234375,2278200
2022-05-11,68.83999633789062,70.13999938964844,68.23999786376953,68.37000274658203,67.78005981445312,2363900
2022-05-12,67.98999786376953,68.95999908447266,67.4000015258789,68.62999725341797,68.03781127929688,2278100
2022-05-13,69.27999877929688,70.95999908447266,69.1500015258789,70.47000122070312,69.8619384765625,1909800
2022-05-16,69.76000213623047,70.19000244140625,68.98999786376953,69.54000091552734,68.9399642944336,1566800
2022-05-17,71.02999877929688,71.2699966430664,70.18000030517578,71.11000061035156,70.49641418457031,1799300
2022-05-18,70.19999694824219,70.73999786376953,67.79000091552734,67.97000122070312,67.38351440429688,2006700
2022-05-19,67.3499984741211,68.38999938964844,66.98999786376953,67.58999633789062,67.00678253173828,3201600
2022-05-20,68.37999725341797,68.52999877929688,66.70999908447266,68.43000030517578,67.83953857421875,2697100
2022-05-23,68.94000244140625,69.62000274658203,68.31999969482422,69.4000015258789,68.8011703491211,2125100
2022-05-24,69.0199966430664,69.4000015258789,67.76000213623047,68.98999786376953,68.39469909667969,1894700
2022-05-25,68.56999969482422,69.31999969482422,68.0,68.75,68.15678405761719,2657900
2022-05-26,69.05000305175781,70.33000183105469,68.61000061035156,69.91999816894531,69.31668090820312,2215500
2022-05-27,70.73999786376953,71.77999877929688,70.73999786376953,71.33000183105469,70.71451568603516,3237800
2022-05-31,70.88999938964844,71.44000244140625,69.9800033569336,70.86000061035156,70.24856567382812,3779600
2022-06-01,71.0,71.2300033569336,68.91000366210938,69.27999877929688,68.68220520019531,2966100
2022-06-02,69.47000122070312,72.0199966430664,69.13999938964844,71.9800033569336,71.3589096069336,1855500
2022-06-03,71.0,71.30999755859375,70.55999755859375,70.87999725341797,70.26839447021484,2027000
2022-06-06,71.5999984741211,72.44000244140625,71.06999969482422,71.25,70.63520812988281,1598400
2022-06-07,70.5999984741211,71.6500015258789,70.31999969482422,71.58999633789062,70.9722671508789,1646000
2022-06-08,71.02999877929688,71.41000366210938,70.27999877929688,70.5,69.89167785644531,1325400
2022-06-09,70.16000366210938,70.66999816894531,69.0199966430664,69.13999938964844,68.54341125488281,1473600
2022-06-10,67.91999816894531,68.36000061035156,66.79000091552734,67.55000305175781,66.96713256835938,2428500
2022-06-13,66.08999633789062,66.72000122070312,64.95999908447266,65.22000122070312,64.65724182128906,2789800
2022-06-14,65.56999969482422,66.0199966430664,65.0,65.52999877929688,64.96456909179688,2518200
2022-06-15,66.1500015258789,67.12000274658203,65.13999938964844,66.12000274658203,65.54947662353516,2097900
2022-06-16,64.47000122070312,64.63999938964844,61.900001525878906,62.5099983215332,61.970619201660156,2461100
2022-06-17,62.470001220703125,63.470001220703125,61.66999816894531,62.900001525878906,62.557411193847656,3797800
2022-06-21,64.02999877929688,64.02999877929688,62.97999954223633,63.40999984741211,63.064632415771484,2600900
2022-06-22,62.81999969482422,63.9900016784668,62.58000183105469,63.349998474121094,63.00495910644531,3090300
2022-06-23,63.560001373291016,64.11000061035156,62.95000076293945,64.02999877929688,63.68125534057617,2080400
2022-06-24,64.87999725341797,65.94000244140625,64.62999725341797,65.8499984741211,65.49134063720703,3311200
2022-06-27,65.91999816894531,66.69000244140625,65.3499984741211,66.12000274658203,65.75988006591797,2543900
2022-06-28,66.47000122070312,66.88999938964844,64.61000061035156,64.72000122070312,64.36749267578125,1761700
2022-06-29,64.87999725341797,64.87999725341797,63.29999923706055,64.37000274658203,64.0194091796875,2056900
2022-06-30,63.47999954223633,64.97000122070312,63.290000915527344,64.37999725341797,64.02935028076172,2314700
2022-07-01,63.93000030517578,64.61000061035156,62.900001525878906,63.75,63.40277862548828,1944700
2022-07-05,62.650001525878906,63.970001220703125,61.779998779296875,63.95000076293945,63.60169219970703,2237200
2022-07-06,64.29000091552734,65.0,63.86000061035156,64.45999908447266,64.1089096069336,2259300
2022-07-07,65.0,66.0199966430664,64.61000061035156,65.81999969482422,65.46150970458984,2568800
2022-07-08,65.56999969482422,66.2300033569336,65.0999984741211,65.87999725341797,65.52117156982422,1744000
2022-07-11,65.29000091552734,65.61000061035156,64.75,64.97000122070312,64.61613464355469,1623100
2022-07-12,65.0199966430664,65.4800033569336,64.1500015258789,64.37999725341797,64.02935028076172,2001600
2022-07-13,63.279998779296875,64.62999725341797,63.08000183105469,64.16999816894531,63.820491790771484,1235400
2022-07-14,64.23999786376953,64.83000183105469,63.16999816894531,64.73999786376953,64.38738250732422,1701600
2022-07-15,65.73999786376953,66.16999816894531,65.16999816894531,66.12000274658203,65.75988006591797,1582300
2022-07-18,66.38999938964844,66.68000030517578,64.95999908447266,65.22000122070312,64.86477661132812,1267000
2022-07-19,66.05999755859375,67.75,66.05999755859375,67.6500015258789,67.28153991699219,1673500
2022-07-20,67.58000183105469,68.94000244140625,67.45999908447266,68.69999694824219,68.32582092285156,1495100
2022-07-21,68.94999694824219,69.94999694824219,68.63999938964844,69.94999694824219,69.56900787353516,1507700
2022-07-22,70.0,70.5,69.2699966430664,69.81999969482422,69.4397201538086,1924100
2022-07-25,69.94000244140625,69.9800033569336,68.9800033569336,69.58999633789062,69.21096801757812,1428300
2022-07-26,69.63999938964844,69.83999633789062,69.0,69.52999877929688,69.15129852294922,1980300
2022-07-27,71.4800033569336,74.86000061035156,71.4000015258789,74.43000030517578,74.02461242675781,3355500
2022-07-28,74.91000366210938,77.01000213623047,74.62000274658203,76.70999908447266,76.29219055175781,2681900
2022-07-29,76.54000091552734,77.41999816894531,76.2699966430664,77.12999725341797,76.70989990234375,3422800
2022-08-01,76.16999816894531,77.62000274658203,76.16999816894531,76.5199966430664,76.10322570800781,2462100
2022-08-02,76.0,77.30999755859375,75.94999694824219,76.44000244140625,76.02366638183594,2243400
2022-08-03,76.68000030517578,77.5999984741211,76.36000061035156,77.19999694824219,76.7795181274414,2060000
2022-08-04,77.3499984741211,77.77999877929688,77.13999938964844,77.51000213623047,77.08783721923828,1621300
2022-08-05,76.62000274658203,77.58999633789062,76.37999725341797,77.54000091552734,77.11767578125,1351000
2022-08-08,77.91999816894531,78.2699966430664,77.3499984741211,77.58000183105469,77.15745544433594,1578300
2022-08-09,76.9800033569336,77.26000213623047,76.18000030517578,76.37999725341797,75.9639892578125,1229000
2022-08-10,77.93000030517578,78.69999694824219,77.48999786376953,78.33000183105469,77.90337371826172,1872800
2022-08-11,78.45999908447266,78.98999786376953,77.79000091552734,77.88999938964844,77.46576690673828,1370800
2022-08-12,78.29000091552734,79.52999877929688,78.20999908447266,79.4800033569336,79.04710388183594,1333400
2022-08-15,78.9800033569336,80.37000274658203,78.9800033569336,79.62999725341797,79.19628143310547,1244200
2022-08-16,79.44000244140625,79.91000366210938,79.2300033569336,79.56999969482422,79.1366195678711,1054100
2022-08-17,78.97000122070312,79.98999786376953,78.54000091552734,79.63999938964844,79.20623779296875,1919400
2022-08-18,80.0199966430664,80.43000030517578,79.68000030517578,80.13999938964844,79.7035140991211,1443900
2022-08-19,79.63999938964844,79.81999969482422,78.75,79.20999908447266,78.77857971191406,1684700
2022-08-22,77.83999633789062,78.27999877929688,77.18000030517578,77.41999816894531,76.99832916259766,1093800
2022-08-23,77.43000030517578,78.1500015258789,77.30000305175781,77.5,77.07788848876953,1060600
2022-08-24,77.37999725341797,77.54000091552734,76.91999816894531,77.04000091552734,76.62039947509766,1083600
2022-08-25,77.47000122070312,78.37999725341797,77.31999969482422,78.37000274658203,77.94316101074219,1247000
2022-08-26,78.3499984741211,78.44999694824219,75.38999938964844,75.47000122070312,75.05895233154297,1313200
2022-08-29,74.80000305175781,75.54000091552734,74.70999908447266,74.76000213623047,74.35282135009766,983200
2022-08-30,75.02999877929688,75.12000274658203,73.81999969482422,74.16999816894531,73.76602172851562,1343600
2022-08-31,74.33000183105469,74.55999755859375,73.47000122070312,73.52999877929688,73.12950897216797,1601300
2022-09-01,73.19999694824219,73.51000213623047,72.2300033569336,73.44999694824219,73.0499496459961,1434100
2022-09-02,74.63999938964844,74.91999816894531,72.20999908447266,72.58000183105469,72.18468475341797,1166700
2022-09-06,72.80999755859375,73.4000015258789,72.08999633789062,72.81999969482422,72.42337799072266,1699100
2022-09-07,73.01000213623047,74.4800033569336,72.9000015258789,74.25,73.84559631347656,1550000
2022-09-08,73.83999633789062,74.91000366210938,73.44999694824219,74.87999725341797,74.47215270996094,1303800
2022-09-09,75.37999725341797,76.27999877929688,75.13999938964844,75.9000015258789,75.48661041259766,1410400
2022-09-12,76.16999816894531,76.4000015258789,75.62000274658203,76.4000015258789,75.98388671875,2767900
2022-09-13,74.83999633789062,75.41000366210938,73.94000244140625,74.19999694824219,73.79586791992188,2495800
2022-09-14,74.19999694824219,74.38999938964844,73.22000122070312,73.93000030517578,73.52733612060547,1644400
2022-09-15,73.88999938964844,74.16000366210938,72.80999755859375,72.88999938964844,72.49300384521484,1548100
2022-09-16,72.08000183105469,72.97000122070312,71.55999755859375,72.7300033569336,72.33386993408203,3508600
2022-09-19,71.9800033569336,73.20999908447266,71.83999633789062,73.16999816894531,72.97213745117188,2268300
2022-09-20,72.54000091552734,72.63999938964844,71.5,72.1500015258789,71.95490264892578,2908300
2022-09-21,72.45999908447266,73.9000015258789,71.79000091552734,71.80999755859375,71.61581420898438,2274200
2022-09-22,71.52999877929688,71.62999725341797,69.5199966430664,69.55000305175781,69.36193084716797,1981200
2022-09-23,69.19999694824219,69.19999694824219,67.80000305175781,68.83000183105469,68.64388275146484,3030800
2022-09-26,68.62000274658203,69.55000305175781,68.01000213623047,68.29000091552734,68.10533905029297,1678300
2022-09-27,69.12000274658203,69.37999725341797,67.7300033569336,68.29000091552734,68.10533905029297,2516800
2022-09-28,68.31999969482422,69.7300033569336,67.83999633789062,69.37999725341797,69.19239044189453,1936300
2022-09-29,68.61000061035156,68.61000061035156,67.3499984741211,67.91999816894531,67.73633575439453,1620800
2022-09-30,67.66000366210938,68.68000030517578,66.87000274658203,66.95999908447266,66.7789306640625,2332900
2022-10-03,67.73999786376953,69.79000091552734,67.41999816894531,69.38999938964844,69.20236206054688,1910000
2022-10-04,70.72000122070312,71.66000366210938,70.5999984741211,71.61000061035156,71.4163589477539,2308700
2022-10-05,70.68000030517578,72.31999969482422,70.58000183105469,71.87999725341797,71.68563079833984,1626200
2022-10-06,71.98999786376953,73.1500015258789,71.8499984741211,72.4000015258789,72.2042236328125,2309100
2022-10-07,71.36000061035156,71.48999786376953,69.83000183105469,70.16999816894531,69.98025512695312,2322800
2022-10-10,70.81999969482422,70.94999694824219,68.75,69.31999969482422,69.13255310058594,1574000
2022-10-11,68.94999694824219,69.08000183105469,67.36000061035156,67.68000030517578,67.49698638916016,2146300
2022-10-12,67.97000122070312,68.12999725341797,67.11000061035156,67.1500015258789,66.96842193603516,1712500
2022-10-13,65.69000244140625,69.6500015258789,65.20999908447266,69.26000213623047,69.07271575927734,2690900
2022-10-14,69.87999725341797,70.16000366210938,66.94999694824219,67.05000305175781,66.86869049072266,2084100
2022-10-17,68.27999877929688,69.66000366210938,68.27999877929688,69.37000274658203,69.18241882324219,2247800
2022-10-18,71.41000366210938,71.77999877929688,69.37000274658203,70.06999969482422,69.88052368164062,2408000
2022-10-19,69.38999938964844,70.18000030517578,69.26000213623047,70.08999633789062,69.90046691894531,2031500
2022-10-20,70.91999816894531,70.91999816894531,68.63999938964844,69.13999938964844,68.95304107666016,2879200
2022-10-21,68.98999786376953,71.8499984741211,68.98999786376953,71.55000305175781,71.35652923583984,2625400
2022-10-24,71.58000183105469,72.31999969482422,70.66999816894531,71.63999938964844,71.44628143310547,3151200
2022-10-25,71.20999908447266,72.9000015258789,71.20999908447266,72.75,72.55327606201172,2823800
2022-10-26,73.0,73.98999786376953,71.41000366210938,73.19000244140625,72.9920883178711,3692900
2022-10-27,73.7699966430664,74.37000274658203,73.0199966430664,73.88999938964844,73.69019317626953,3585200
2022-10-28,74.30999755859375,76.69000244140625,74.2699966430664,76.43000030517578,76.22332763671875,2709400
2022-10-31,75.94000244140625,76.81999969482422,75.73999786376953,75.83000183105469,75.62495422363281,2482400
2022-11-01,76.5199966430664,77.08999633789062,75.4000015258789,76.7699966430664,76.5624008178711,2952300
2022-11-02,76.19000244140625,76.66999816894531,73.94999694824219,74.02999877929688,73.82981872558594,2693800
2022-11-03,73.04000091552734,74.68000030517578,72.68000030517578,74.25,74.04922485351562,2572000
2022-11-04,75.58999633789062,76.41000366210938,74.41000366210938,76.2699966430664,76.06375885009766,2703100
2022-11-07,76.5,76.5,75.33999633789062,75.83999633789062,75.63491821289062,2741200
2022-11-08,76.06999969482422,76.5999984741211,75.18000030517578,75.94999694824219,75.74462127685547,2321700
2022-11-09,75.54000091552734,75.91999816894531,74.23999786376953,74.4800033569336,74.27860260009766,1848000
2022-11-10,77.0,79.16000366210938,76.72000122070312,79.05999755859375,78.8462142944336,3283500
2022-11-11,79.51000213623047,80.22000122070312,78.88999938964844,79.31999969482422,79.10551452636719,2711100
2022-11-14,79.12000274658203,80.08000183105469,78.6500015258789,78.66999816894531,78.45726776123047,2087200
2022-11-15,80.19999694824219,80.63999938964844,78.66000366210938,79.69999694824219,79.48448181152344,2289100
2022-11-16,79.45999908447266,80.05999755859375,78.91000366210938,79.0999984741211,78.8861083984375,1733500
2022-11-17,77.9000015258789,79.04000091552734,77.62999725341797,78.93000030517578,78.71656799316406,1356900
2022-11-18,80.08999633789062,80.19999694824219,79.01000213623047,79.70999908447266,79.49445343017578,1885200
2022-11-21,79.31999969482422,80.04000091552734,79.16999816894531,79.56999969482422,79.3548355102539,2180200
2022-11-22,79.2699966430664,80.23999786376953,78.98999786376953,80.08000183105469,79.86345672607422,3277400
2022-11-23,80.2699966430664,80.8499984741211,79.83999633789062,80.06999969482422,79.85348510742188,1499600
2022-11-25,80.0,80.68000030517578,79.7300033569336,80.33999633789062,80.12274932861328,793700
2022-11-28,79.70999908447266,79.7699966430664,77.43000030517578,77.81999969482422,77.60956573486328,2311400
2022-11-29,77.80999755859375,78.2699966430664,76.94999694824219,77.4000015258789,77.19070434570312,1663900
2022-11-30,77.5,80.44000244140625,77.16000366210938,80.43000030517578,80.21250915527344,2737300
2022-12-01,81.0,81.30999755859375,80.23999786376953,80.87000274658203,80.65132141113281,1655800
2022-12-02,79.83999633789062,80.88999938964844,79.41999816894531,80.62000274658203,80.4020004272461,1340300
2022-12-05,79.98999786376953,80.08000183105469,78.87000274658203,79.4800033569336,79.26508331298828,2053800
2022-12-06,79.44999694824219,79.63999938964844,77.76000213623047,78.2699966430664,78.058349609375,1222300
2022-12-07,77.98999786376953,78.69000244140625,77.56999969482422,78.05999755859375,77.84891510009766,1515600
2022-12-08,78.62999725341797,79.63999938964844,78.48999786376953,79.55000305175781,79.33489227294922,2276600
2022-12-09,79.37999725341797,79.7300033569336,78.44000244140625,78.51000213623047,78.2977066040039,1411700
2022-12-12,78.61000061035156,80.20999908447266,78.4000015258789,80.19000244140625,79.97315979003906,2380500
2022-12-13,82.0,82.73999786376953,80.76000213623047,81.97000122070312,81.74834442138672,3573900
2022-12-14,81.91000366210938,82.86000061035156,80.68000030517578,81.72000122070312,81.4990234375,3346400
2022-12-15,80.47000122070312,80.58999633789062,78.04000091552734,78.1500015258789,77.93867492675781,2199400
2022-12-16,77.44999694824219,78.08999633789062,76.88999938964844,77.66000366210938,77.45000457763672,4561100
2022-12-19,77.37999725341797,77.63999938964844,75.55999755859375,75.94999694824219,75.94999694824219,2216600
2022-12-20,75.94000244140625,76.63999938964844,75.7300033569336,76.2300033569336,76.2300033569336,2470700
2022-12-21,76.7699966430664,77.19000244140625,76.19999694824219,76.77999877929688,76.77999877929688,1824500
2022-12-22,75.94999694824219,76.30000305175781,74.73999786376953,76.05999755859375,76.05999755859375,1848800
2022-12-23,75.91999816894531,76.16999816894531,75.0199966430664,75.80999755859375,75.80999755859375,1395500
2022-12-27,75.94999694824219,76.73999786376953,75.33000183105469,76.3499984741211,76.3499984741211,1556700
2022-12-28,76.19999694824219,76.68000030517578,74.7300033569336,74.88999938964844,74.88999938964844,1142600
2022-12-29,75.56999969482422,77.08000183105469,75.56999969482422,76.62000274658203,76.62000274658203,1127300
2022-12-30,76.01000213623047,76.26000213623047,75.2699966430664,76.13999938964844,76.13999938964844,1236700
2023-01-03,76.70999908447266,76.87999725341797,75.5,76.4000015258789,76.4000015258789,2542600
2023-01-04,77.44999694824219,77.93000030517578,76.56999969482422,77.52999877929688,77.52999877929688,2131600
2023-01-05,76.81999969482422,77.38999938964844,76.47000122070312,76.69999694824219,76.69999694824219,3413200
2023-01-06,77.9800033569336,79.12000274658203,77.38999938964844,78.56999969482422,78.56999969482422,1821100
2023-01-09,79.05999755859375,80.41999816894531,78.63999938964844,79.12000274658203,79.12000274658203,1972400
2023-01-10,79.12999725341797,79.6500015258789,78.72000122070312,79.30000305175781,79.30000305175781,1473300
2023-01-11,79.83999633789062,80.69999694824219,79.56999969482422,80.68000030517578,80.68000030517578,2138200
2023-01-12,80.8499984741211,81.58000183105469,80.1500015258789,80.9000015258789,80.9000015258789,2075500
2023-01-13,80.30999755859375,80.81999969482422,79.76000213623047,80.37000274658203,80.37000274658203,2069700
