Date,Open,High,Low,Close,Adj Close,Volume
2022-01-18,105.3499984741211,105.77999877929688,103.54000091552734,105.41000366210938,102.84955596923828,1121900
2022-01-19,105.66999816894531,107.48999786376953,105.30999755859375,105.33999633789062,102.78125,965800
2022-01-20,105.33999633789062,105.79000091552734,104.37999725341797,105.0199966430664,102.4690170288086,1339200
2022-01-21,104.98999786376953,106.02999877929688,104.51000213623047,104.58999633789062,102.04946899414062,1350700
2022-01-24,104.5999984741211,105.27999877929688,99.81999969482422,102.31999969482422,99.83460235595703,1270000
2022-01-25,101.7300033569336,104.5,101.18000030517578,103.91999816894531,101.39573669433594,1566200
2022-01-26,103.73999786376953,105.33999633789062,102.76000213623047,103.6500015258789,101.1323013305664,1564600
2022-01-27,104.41000366210938,106.45999908447266,104.12999725341797,104.83000183105469,102.28364562988281,1259700
2022-01-28,104.56999969482422,106.16999816894531,103.58000183105469,106.11000061035156,103.53254699707031,1271600
2022-01-31,105.0999984741211,107.55000305175781,104.69000244140625,107.22000122070312,104.61558532714844,2251500
2022-02-01,107.27999877929688,107.30000305175781,105.33999633789062,106.27999877929688,103.69841003417969,1119300
2022-02-02,105.83000183105469,107.43000030517578,105.55000305175781,106.79000091552734,104.19602966308594,1104400
2022-02-03,106.7699966430664,107.12999725341797,105.58000183105469,106.77999877929688,104.18626403808594,964700
2022-02-04,105.98999786376953,106.80999755859375,104.69999694824219,105.76000213623047,103.19104766845703,951200
2022-02-07,105.80000305175781,106.44000244140625,104.80000305175781,105.94000244140625,103.36668395996094,871800
2022-02-08,106.25,107.0,105.86000061035156,106.56999969482422,103.98136901855469,1063100
2022-02-09,106.26000213623047,109.22000122070312,106.26000213623047,108.8499984741211,106.20598602294922,1203600
2022-02-10,108.05000305175781,108.3499984741211,105.41999816894531,105.94999694824219,103.37643432617188,940700
2022-02-11,106.08000183105469,107.81999969482422,105.56999969482422,106.68000030517578,104.08869934082031,859600
2022-02-14,106.87999725341797,107.16999816894531,104.52999877929688,105.9800033569336,103.40571594238281,1040000
2022-02-15,106.31999969482422,106.83999633789062,105.06999969482422,105.52999877929688,102.96662902832031,860300
2022-02-16,105.73999786376953,106.55000305175781,104.77999877929688,106.08999633789062,103.51303100585938,706400
2022-02-17,105.81999969482422,107.20999908447266,104.7699966430664,106.66000366210938,104.74053955078125,961900
2022-02-18,105.25,107.08999633789062,105.25,106.04000091552734,104.13169860839844,2331400
2022-02-22,105.98999786376953,107.3499984741211,105.62000274658203,106.26000213623047,104.34773254394531,1190000
2022-02-23,106.16999816894531,106.7300033569336,105.16999816894531,105.38999938964844,103.49339294433594,1539500
2022-02-24,104.80000305175781,105.25,102.30000305175781,104.75,102.86491394042969,2330500
2022-02-25,105.76000213623047,109.33999633789062,105.68000030517578,109.08999633789062,107.12680053710938,1311100
2022-02-28,108.04000091552734,110.37999725341797,108.04000091552734,109.80999755859375,107.8338394165039,2296500
2022-03-01,109.62999725341797,110.68000030517578,109.11000061035156,109.93000030517578,107.9516830444336,2193300
2022-03-02,110.0,111.79000091552734,109.45999908447266,111.13999938964844,109.1399154663086,1338700
2022-03-03,111.87000274658203,113.7699966430664,111.86000061035156,113.73999786376953,111.693115234375,1162300
2022-03-04,113.33000183105469,116.26000213623047,112.48999786376953,116.1500015258789,114.05976104736328,1156400
2022-03-07,116.2300033569336,116.80999755859375,114.63999938964844,116.01000213623047,113.92227935791016,1539300
2022-03-08,116.37000274658203,116.37000274658203,113.4000015258789,113.4000015258789,111.35923767089844,1197900
2022-03-09,114.1500015258789,114.70999908447266,112.1500015258789,112.18000030517578,110.16119384765625,1096200
2022-03-10,111.33999633789062,113.69999694824219,111.27999877929688,113.29000091552734,111.251220703125,798200
2022-03-11,113.30999755859375,114.43000030517578,112.37999725341797,113.73999786376953,111.693115234375,1308300
2022-03-14,114.23999786376953,114.47000122070312,111.23999786376953,112.86000061035156,110.8289566040039,898600
2022-03-15,114.41999816894531,114.72000122070312,113.05000305175781,114.11000061035156,112.05646514892578,1193700
2022-03-16,113.8499984741211,114.4800033569336,111.7300033569336,114.3499984741211,112.29214477539062,1206600
2022-03-17,114.58999633789062,115.48999786376953,114.0199966430664,114.47000122070312,112.40998840332031,737000
2022-03-18,114.44999694824219,115.4000015258789,112.48999786376953,112.7300033569336,110.70130157470703,2273600
2022-03-21,113.0,115.27999877929688,112.91999816894531,115.23999786376953,113.16613006591797,726500
2022-03-22,115.66999816894531,116.0,113.75,114.16000366210938,112.1055679321289,756700
2022-03-23,114.38999938964844,115.02999877929688,112.62999725341797,114.30999755859375,112.25286102294922,673000
2022-03-24,114.61000061035156,115.88999938964844,114.25,115.66999816894531,113.58839416503906,792000
2022-03-25,116.31999969482422,118.58999633789062,115.94999694824219,118.5199966430664,116.38710021972656,905000
2022-03-28,118.47000122070312,118.47000122070312,117.12999725341797,117.79000091552734,115.67024230957031,1134800
2022-03-29,117.41000366210938,119.19000244140625,117.13999938964844,119.18000030517578,117.03523254394531,728700
2022-03-30,119.13999938964844,120.41000366210938,118.11000061035156,120.37000274658203,118.20381164550781,931900
2022-03-31,120.04000091552734,120.94000244140625,119.4800033569336,119.48999786376953,117.33965301513672,1157100
2022-04-01,119.55999755859375,121.45999908447266,118.81999969482422,121.41000366210938,119.22509765625,995000
2022-04-04,120.75,120.83000183105469,118.16000366210938,119.18000030517578,117.03523254394531,1042400
2022-04-05,119.44999694824219,120.95999908447266,119.27999877929688,120.2300033569336,118.06632995605469,745800
2022-04-06,120.66999816894531,122.11000061035156,119.72000122070312,122.05000305175781,119.85357666015625,1013900
2022-04-07,121.98999786376953,121.98999786376953,119.2699966430664,120.86000061035156,118.68498992919922,1112800
2022-04-08,121.06999969482422,121.81999969482422,119.7699966430664,121.70999908447266,119.51969909667969,947800
2022-04-11,122.1500015258789,122.5,120.0999984741211,120.51000213623047,118.3412857055664,902200
2022-04-12,120.08000183105469,121.29000091552734,119.1500015258789,120.19999694824219,118.03685760498047,762300
2022-04-13,120.52999877929688,120.94999694824219,118.58000183105469,119.9000015258789,117.74226379394531,862100
2022-04-14,120.87999725341797,121.0,119.70999908447266,119.73999786376953,117.58513641357422,939200
2022-04-18,119.94999694824219,121.81999969482422,119.0199966430664,119.5999984741211,117.44766235351562,630000
2022-04-19,120.12000274658203,120.87000274658203,119.75,120.61000061035156,118.43949127197266,532400
2022-04-20,121.5,122.95999908447266,120.80000305175781,122.69000244140625,120.48206329345703,628200
2022-04-21,122.31999969482422,122.62000274658203,120.9800033569336,121.16000366210938,118.97959899902344,686200
2022-04-22,121.0,121.0,118.56999969482422,118.69999694824219,116.5638656616211,844100
2022-04-25,118.66999816894531,119.06999969482422,116.18000030517578,117.69999694824219,115.58185577392578,1052000
2022-04-26,117.87999725341797,118.8499984741211,116.93000030517578,117.05000305175781,114.94355773925781,874900
2022-04-27,117.2300033569336,118.25,115.41999816894531,116.05999755859375,113.97137451171875,797300
2022-04-28,116.7300033569336,117.58000183105469,115.80000305175781,116.80999755859375,114.70787048339844,819500
2022-04-29,116.4800033569336,116.4800033569336,113.01000213623047,113.4000015258789,111.35923767089844,2886900
2022-05-02,114.18000030517578,114.66000366210938,110.66999816894531,111.76000213623047,109.74876403808594,1086400
2022-05-03,112.23999786376953,114.55999755859375,111.95999908447266,112.61000061035156,110.58346557617188,915500
2022-05-04,113.26000213623047,115.30999755859375,113.0999984741211,115.30999755859375,113.23487091064453,994200
2022-05-05,115.29000091552734,117.5,113.93000030517578,115.04000091552734,112.9697265625,1006600
2022-05-06,114.30999755859375,115.30000305175781,113.3499984741211,114.9000015258789,112.8322525024414,1356500
2022-05-09,114.54000091552734,114.75,113.0199966430664,113.62999725341797,111.58509063720703,1134400
2022-05-10,113.75,115.2300033569336,111.56999969482422,113.11000061035156,111.07445526123047,952600
2022-05-11,113.62000274658203,115.54000091552734,112.19000244140625,112.62000274658203,110.5932846069336,1064600
2022-05-12,112.66000366210938,113.37999725341797,111.06999969482422,112.08999633789062,110.07281494140625,1184800
2022-05-13,111.88999938964844,113.5199966430664,111.16000366210938,112.95999908447266,110.92715454101562,1086200
2022-05-16,113.58000183105469,114.30000305175781,112.76000213623047,113.16000366210938,111.12356567382812,1234000
2022-05-17,113.76000213623047,113.87999725341797,111.69000244140625,113.75,111.70294189453125,1040900
2022-05-18,114.37000274658203,114.37000274658203,111.5999984741211,111.8499984741211,109.8371353149414,1080400
2022-05-19,111.16999816894531,111.93000030517578,109.91999816894531,111.37000274658203,109.36577606201172,937800
2022-05-20,110.54000091552734,112.12000274658203,109.94000244140625,111.69999694824219,110.36369323730469,981400
2022-05-23,112.95999908447266,114.12999725341797,111.70999908447266,113.66999816894531,112.31011962890625,1294900
2022-05-24,114.16999816894531,116.44000244140625,113.55000305175781,116.02999877929688,114.64189147949219,937900
2022-05-25,115.9000015258789,116.79000091552734,115.41999816894531,115.91999816894531,114.533203125,1013600
2022-05-26,116.4000015258789,117.45999908447266,116.06999969482422,116.73999786376953,115.34339141845703,1083900
2022-05-27,116.51000213623047,117.6500015258789,115.83999633789062,117.63999938964844,116.23262786865234,909200
2022-05-31,116.48999786376953,116.48999786376953,115.0999984741211,116.30999755859375,114.91854095458984,2783200
2022-06-01,116.69000244140625,117.0999984741211,114.70999908447266,116.43000030517578,115.037109375,993000
2022-06-02,116.63999938964844,117.62000274658203,113.62000274658203,116.5999984741211,115.20507049560547,725000
2022-06-03,116.23999786376953,116.76000213623047,115.55999755859375,116.11000061035156,114.72093200683594,652400
2022-06-06,116.44999694824219,117.38999938964844,116.0999984741211,116.76000213623047,115.3631591796875,715600
2022-06-07,116.47000122070312,117.48999786376953,115.94000244140625,117.43000030517578,116.025146484375,714800
2022-06-08,117.0999984741211,117.33000183105469,115.05999755859375,115.22000122070312,113.8415756225586,630500
2022-06-09,115.2699966430664,115.6500015258789,112.9000015258789,112.94999694824219,111.5987319946289,554400
2022-06-10,112.19000244140625,112.91000366210938,111.5,111.97000122070312,110.63046264648438,646000
2022-06-13,110.7699966430664,111.2300033569336,106.5199966430664,107.01000213623047,105.72980499267578,856500
2022-06-14,107.20999908447266,108.36000061035156,104.41000366210938,105.54000091552734,104.27738189697266,906700
2022-06-15,106.16999816894531,108.02999877929688,105.22000122070312,106.08999633789062,104.82080078125,982500
2022-06-16,104.8499984741211,105.1500015258789,103.66000366210938,104.58000183105469,103.32887268066406,990800
2022-06-17,105.05999755859375,105.4800033569336,102.04000091552734,103.51000213623047,102.27167510986328,2207000
2022-06-21,103.66999816894531,105.9800033569336,103.5,105.47000122070312,104.20822143554688,839700
2022-06-22,104.23999786376953,106.37000274658203,104.23999786376953,105.66000366210938,104.39595031738281,627900
2022-06-23,106.2300033569336,107.30000305175781,106.20999908447266,107.04000091552734,105.75943756103516,669800
2022-06-24,107.6500015258789,109.66999816894531,107.41000366210938,109.23999786376953,107.93312072753906,723400
2022-06-27,108.93000030517578,110.97000122070312,108.88999938964844,110.75,109.42505645751953,511100
2022-06-28,111.05000305175781,112.16999816894531,110.47000122070312,110.6500015258789,109.32624816894531,521200
2022-06-29,110.81999969482422,111.33000183105469,110.08999633789062,110.9000015258789,109.5732650756836,726800
2022-06-30,110.12000274658203,112.68000030517578,110.0999984741211,112.0999984741211,110.75890350341797,829600
2022-07-01,112.5199966430664,115.4000015258789,111.97000122070312,115.1500015258789,113.77242279052734,800000
2022-07-05,114.63999938964844,114.86000061035156,108.95999908447266,110.61000061035156,109.28672790527344,838100
2022-07-06,111.0199966430664,113.62000274658203,110.44000244140625,113.0,111.64813995361328,643100
2022-07-07,113.61000061035156,113.75,112.30000305175781,112.33999633789062,110.99603271484375,673100
2022-07-08,112.69999694824219,112.83999633789062,111.66000366210938,112.05000305175781,110.70950317382812,585900
2022-07-11,111.70999908447266,112.97000122070312,111.2699966430664,112.12000274658203,110.77867126464844,673400
2022-07-12,111.2699966430664,112.62000274658203,111.11000061035156,111.8499984741211,110.51189422607422,519200
2022-07-13,110.97000122070312,112.0,110.30000305175781,111.08000183105469,109.75111389160156,565300
2022-07-14,109.41000366210938,111.33000183105469,109.41000366210938,110.91999816894531,109.59302520751953,748200
2022-07-15,112.18000030517578,112.29000091552734,110.48999786376953,111.9000015258789,110.5613021850586,1145500
2022-07-18,112.12999725341797,112.5,111.41000366210938,111.9000015258789,110.5613021850586,927700
2022-07-19,112.52999877929688,113.55999755859375,112.26000213623047,113.47000122070312,112.11251831054688,1029600
2022-07-20,113.55999755859375,114.02999877929688,111.5,111.69999694824219,110.36369323730469,1193500
2022-07-21,111.4000015258789,113.08999633789062,111.26000213623047,112.62000274658203,111.27268981933594,706400
2022-07-22,113.12999725341797,113.83999633789062,112.44999694824219,113.3499984741211,111.99394989013672,588700
2022-07-25,113.5,114.93000030517578,113.25,114.7699966430664,113.39696502685547,830500
2022-07-26,115.0,116.43000030517578,114.80999755859375,116.25,114.85926055908203,680700
2022-07-27,115.94999694824219,116.83999633789062,115.30999755859375,116.48999786376953,115.09638977050781,979300
2022-07-28,117.26000213623047,120.1500015258789,116.43000030517578,119.93000030517578,118.49523162841797,853800
2022-07-29,120.19000244140625,121.91999816894531,119.88999938964844,121.38999938964844,119.9377670288086,1185800
2022-08-01,120.9800033569336,121.44999694824219,119.95999908447266,121.16999816894531,119.72039794921875,1085900
2022-08-02,121.12999725341797,121.77999877929688,119.9800033569336,120.0999984741211,118.66320037841797,920400
2022-08-03,119.5199966430664,119.56999969482422,116.91999816894531,119.27999877929688,117.85301208496094,947600
2022-08-04,118.23999786376953,119.22000122070312,115.5199966430664,115.83000183105469,114.44428253173828,1105300
2022-08-05,115.44999694824219,115.62000274658203,113.06999969482422,113.88999938964844,112.5274887084961,1106000
2022-08-08,114.38999938964844,115.19000244140625,113.61000061035156,114.5999984741211,113.22899627685547,1474400
2022-08-09,115.43000030517578,115.80000305175781,114.69000244140625,115.27999877929688,113.9008560180664,988700
2022-08-10,115.58999633789062,116.04000091552734,114.26000213623047,114.47000122070312,113.10055541992188,2173300
2022-08-11,114.2300033569336,115.86000061035156,114.0999984741211,115.2699966430664,113.89098358154297,2238700
2022-08-12,115.91000366210938,116.98999786376953,115.4000015258789,116.94999694824219,115.5508804321289,1578100
2022-08-15,116.94000244140625,117.77999877929688,116.20999908447266,117.38999938964844,115.9856185913086,1789500
2022-08-16,117.47000122070312,117.87000274658203,116.58999633789062,117.58000183105469,116.17334747314453,759300
2022-08-17,117.44000244140625,118.23999786376953,116.54000091552734,117.66000366210938,116.25239562988281,966200
2022-08-18,117.91000366210938,118.30999755859375,117.47000122070312,118.08000183105469,116.66736602783203,604900
2022-08-19,117.41000366210938,118.41000366210938,117.02999877929688,118.01000213623047,117.2735595703125,812000
2022-08-22,117.70999908447266,117.70999908447266,116.0199966430664,116.1500015258789,115.4251708984375,604400
2022-08-23,116.29000091552734,116.51000213623047,115.33000183105469,116.22000122070312,115.4947280883789,836100
2022-08-24,116.6500015258789,116.9000015258789,115.86000061035156,116.72000122070312,115.99161529541016,631600
2022-08-25,116.94000244140625,117.69000244140625,116.5,117.58000183105469,116.84624481201172,519400
2022-08-26,117.62000274658203,117.80999755859375,115.87000274658203,115.98999786376953,115.26616668701172,801600
2022-08-29,115.75,117.13999938964844,115.19000244140625,116.36000061035156,115.63385772705078,656400
2022-08-30,116.66000366210938,116.66000366210938,114.06999969482422,114.43000030517578,113.71590423583984,626200
2022-08-31,114.75,114.86000061035156,113.33999633789062,113.37999725341797,112.67244720458984,938200
2022-09-01,113.44999694824219,115.12999725341797,112.88999938964844,114.77999877929688,114.06371307373047,715900
2022-09-02,115.16999816894531,116.48999786376953,114.22000122070312,114.55000305175781,113.83515167236328,883400
2022-09-06,114.66999816894531,116.18000030517578,113.9000015258789,114.20999908447266,113.49727630615234,564400
2022-09-07,114.72000122070312,117.70999908447266,114.72000122070312,117.63999938964844,116.90586853027344,671500
2022-09-08,117.38999938964844,118.02999877929688,116.5999984741211,117.94999694824219,117.21392822265625,914400
2022-09-09,118.44999694824219,118.73999786376953,117.4000015258789,118.08999633789062,117.35305786132812,654600
2022-09-12,118.58999633789062,119.86000061035156,117.98999786376953,119.44000244140625,118.69464111328125,611800
2022-09-13,118.36000061035156,118.8499984741211,115.87999725341797,116.45999908447266,115.73323059082031,787700
2022-09-14,116.37999725341797,117.72000122070312,116.37999725341797,117.02999877929688,116.29967498779297,962300
2022-09-15,116.75,116.75,113.97000122070312,114.12000274658203,113.4078369140625,948500
2022-09-16,114.19999694824219,114.41999816894531,113.22000122070312,114.01000213623047,113.29852294921875,1302400
2022-09-19,113.45999908447266,115.23999786376953,113.2699966430664,115.22000122070312,114.50096893310547,717500
2022-09-20,114.37999725341797,114.37999725341797,112.44999694824219,113.51000213623047,112.80164337158203,602700
2022-09-21,114.30000305175781,115.37999725341797,112.62000274658203,112.62999725341797,111.92713165283203,807500
2022-09-22,112.51000213623047,114.12999725341797,111.4000015258789,113.33000183105469,112.62276458740234,786600
2022-09-23,112.25,112.25,110.33999633789062,111.52999877929688,110.83399963378906,987100
2022-09-26,111.12000274658203,112.19999694824219,108.48999786376953,109.16999816894531,108.48872375488281,805800
2022-09-27,109.80999755859375,109.80999755859375,107.08000183105469,107.56999969482422,106.89871215820312,822500
2022-09-28,108.88999938964844,109.66000366210938,107.38999938964844,109.05999755859375,108.37940979003906,523800
2022-09-29,108.41000366210938,108.86000061035156,104.5999984741211,104.66000366210938,104.00687408447266,640500
2022-09-30,104.91999816894531,105.5,101.56999969482422,101.8499984741211,101.21440124511719,1019100
2022-10-03,103.54000091552734,105.93000030517578,103.05000305175781,105.01000213623047,104.35469055175781,817400
2022-10-04,105.19000244140625,106.48999786376953,104.83000183105469,106.41000366210938,105.74595642089844,940600
2022-10-05,105.41999816894531,105.41999816894531,103.2300033569336,104.11000061035156,103.4603042602539,521200
2022-10-06,103.6500015258789,103.80000305175781,100.68000030517578,100.80999755859375,100.18089294433594,859300
2022-10-07,100.6500015258789,100.80000305175781,98.83999633789062,99.38999938964844,98.76976013183594,856600
2022-10-10,99.7300033569336,100.9800033569336,99.5,99.87999725341797,99.25669860839844,1035200
2022-10-11,99.5,103.41000366210938,99.5,102.19999694824219,101.56221771240234,1159900
2022-10-12,101.72000122070312,101.9800033569336,99.2300033569336,99.26000213623047,98.64057159423828,779800
2022-10-13,98.18000030517578,101.81999969482422,97.70999908447266,101.45999908447266,100.82683563232422,755300
2022-10-14,101.9000015258789,102.54000091552734,97.8499984741211,98.11000061035156,97.49774932861328,951900
2022-10-17,99.30000305175781,100.80000305175781,98.98999786376953,99.62999725341797,99.00825500488281,1091100
2022-10-18,100.69000244140625,102.20999908447266,100.69000244140625,101.75,101.11502838134766,776500
2022-10-19,102.0,102.88999938964844,101.11000061035156,102.04000091552734,101.4032211303711,831500
2022-10-20,102.0,102.0,100.0199966430664,100.11000061035156,99.48526763916016,685200
2022-10-21,100.25,102.41000366210938,99.45999908447266,101.73999786376953,101.10508728027344,740000
2022-10-24,102.37999725341797,102.9000015258789,100.76000213623047,101.3499984741211,100.71752166748047,715900
2022-10-25,101.31999969482422,103.47000122070312,100.94999694824219,103.31999969482422,102.67523193359375,712000
2022-10-26,103.5999984741211,104.44999694824219,102.91999816894531,103.41999816894531,102.77460479736328,780900
2022-10-27,104.12000274658203,105.51000213623047,104.12000274658203,104.69000244140625,104.03668212890625,637400
2022-10-28,105.0999984741211,107.22000122070312,105.0999984741211,107.11000061035156,106.44158172607422,493300
2022-10-31,107.11000061035156,107.5,105.80000305175781,106.55000305175781,105.88507843017578,1107600
2022-11-01,106.9000015258789,107.12999725341797,104.93000030517578,106.2699966430664,105.60681915283203,739200
2022-11-02,105.66999816894531,108.33999633789062,105.31999969482422,105.55000305175781,104.89131927490234,748300
2022-11-03,103.97000122070312,105.33000183105469,102.72000122070312,104.73999786376953,104.08637237548828,865300
2022-11-04,105.02999877929688,106.18000030517578,104.20999908447266,106.02999877929688,105.36831665039062,560500
2022-11-07,106.13999938964844,106.4000015258789,102.5999984741211,103.97000122070312,103.32117462158203,667600
2022-11-08,104.54000091552734,105.41000366210938,103.63999938964844,104.63999938964844,103.98699188232422,652200
2022-11-09,104.16999816894531,105.19999694824219,102.86000061035156,103.1500015258789,102.50629425048828,876700
2022-11-10,108.79000091552734,112.19999694824219,106.6500015258789,111.80000305175781,111.1023178100586,1693000
2022-11-11,112.16000366210938,112.16000366210938,109.02999877929688,110.69000244140625,109.9992446899414,1076100
2022-11-14,111.25,112.27999877929688,110.23999786376953,110.52999877929688,109.84024047851562,688900
2022-11-15,111.37999725341797,111.5999984741211,110.05000305175781,111.58000183105469,110.8836898803711,909600
2022-11-16,111.43000030517578,112.95999908447266,111.43000030517578,112.30000305175781,111.59919738769531,716300
2022-11-17,111.23999786376953,111.83999633789062,109.81999969482422,111.16000366210938,110.46630859375,680800
2022-11-18,112.33999633789062,115.2699966430664,112.33999633789062,115.05000305175781,114.33203125,1034400
2022-11-21,114.4800033569336,116.37000274658203,114.4800033569336,115.79000091552734,115.06741333007812,1061800
2022-11-22,116.29000091552734,117.61000061035156,115.7300033569336,117.51000213623047,116.77667999267578,808500
2022-11-23,117.48999786376953,118.61000061035156,116.98999786376953,118.58000183105469,117.84000396728516,1054900
2022-11-25,118.33000183105469,119.23999786376953,118.2699966430664,119.16000366210938,119.16000366210938,365900
2022-11-28,118.52999877929688,118.52999877929688,116.05000305175781,118.06999969482422,118.06999969482422,1249000
2022-11-29,117.47000122070312,118.76000213623047,117.04000091552734,118.63999938964844,118.63999938964844,898000
2022-11-30,118.66999816894531,120.48999786376953,118.41999816894531,120.19999694824219,120.19999694824219,2773500
2022-12-01,120.95999908447266,121.0199966430664,116.80999755859375,117.48999786376953,117.48999786376953,1230600
2022-12-02,116.3499984741211,116.80000305175781,115.05000305175781,116.54000091552734,116.54000091552734,968400
2022-12-05,115.58000183105469,115.87000274658203,114.66000366210938,115.86000061035156,115.86000061035156,677100
2022-12-06,115.87999725341797,117.58000183105469,115.87999725341797,117.44000244140625,117.44000244140625,958400
2022-12-07,117.16000366210938,118.2699966430664,116.83999633789062,117.41000366210938,117.41000366210938,1070000
2022-12-08,117.41000366210938,117.8499984741211,116.91000366210938,117.5,117.5,916800
2022-12-09,117.0,118.5,115.6500015258789,117.66999816894531,117.66999816894531,2023400
2022-12-12,118.08000183105469,119.05999755859375,116.81999969482422,119.0,119.0,1480900
2022-12-13,120.52999877929688,121.08000183105469,117.91999816894531,118.52999877929688,118.52999877929688,1748000
2022-12-14,119.0,120.6500015258789,117.75,118.33999633789062,118.33999633789062,742100
2022-12-15,117.70999908447266,118.11000061035156,115.93000030517578,116.86000061035156,116.86000061035156,721400
2022-12-16,115.41000366210938,115.94999694824219,113.01000213623047,114.7699966430664,114.7699966430664,1713700
2022-12-19,114.63999938964844,115.19000244140625,112.94000244140625,113.4800033569336,113.4800033569336,733700
2022-12-20,112.95999908447266,113.94000244140625,112.55999755859375,113.06999969482422,113.06999969482422,613300
2022-12-21,113.7699966430664,114.91000366210938,113.61000061035156,114.58000183105469,114.58000183105469,548000
2022-12-22,114.3499984741211,114.3499984741211,111.58999633789062,114.02999877929688,114.02999877929688,527600
2022-12-23,114.02999877929688,115.12000274658203,112.58000183105469,115.0999984741211,115.0999984741211,512400
2022-12-27,115.33000183105469,115.94999694824219,114.44999694824219,115.58000183105469,115.58000183105469,960100
2022-12-28,115.3499984741211,116.44000244140625,115.01000213623047,115.06999969482422,115.06999969482422,834800
2022-12-29,115.70999908447266,115.94000244140625,113.86000061035156,114.48999786376953,114.48999786376953,815200
2022-12-30,114.56999969482422,114.56999969482422,111.33999633789062,112.06999969482422,112.06999969482422,588900
2023-01-03,112.33999633789062,112.91000366210938,110.20999908447266,111.19999694824219,111.19999694824219,1040000
2023-01-04,111.47000122070312,112.58999633789062,111.30000305175781,111.94000244140625,111.94000244140625,755200
2023-01-05,110.9800033569336,111.30000305175781,108.7300033569336,108.87000274658203,108.87000274658203,768100
2023-01-06,110.0,112.88999938964844,109.69999694824219,112.52999877929688,112.52999877929688,820700
2023-01-09,112.62000274658203,114.44999694824219,112.23999786376953,113.79000091552734,113.79000091552734,834800
2023-01-10,113.68000030517578,114.37999725341797,113.04000091552734,114.30000305175781,114.30000305175781,698800
2023-01-11,114.72000122070312,117.11000061035156,114.30000305175781,116.7300033569336,116.7300033569336,644000
2023-01-12,117.06999969482422,117.69999694824219,116.1500015258789,116.37999725341797,116.37999725341797,585800
2023-01-13,116.0199966430664,116.0199966430664,114.38999938964844,114.73999786376953,114.73999786376953,633600
