Date,Open,High,Low,Close,Adj Close,Volume
2022-01-18,85.58999633789062,86.33000183105469,85.18000030517578,85.86000061035156,84.38099670410156,2258900
2022-01-19,85.98999786376953,86.37999725341797,85.19999694824219,85.5999984741211,84.12547302246094,1827000
2022-01-20,85.76000213623047,87.56999969482422,85.70999908447266,85.98999786376953,84.50875091552734,2504900
2022-01-21,86.6500015258789,86.81999969482422,85.51000213623047,86.27999877929688,84.79376220703125,2348400
2022-01-24,85.19000244140625,86.05000305175781,84.02999877929688,85.95999908447266,84.47927856445312,3510600
2022-01-25,84.91999816894531,85.93000030517578,83.91000366210938,85.06999969482422,83.6046142578125,2697900
2022-01-26,84.79000091552734,85.54000091552734,83.93000030517578,84.2699966430664,82.8183822631836,3888000
2022-01-27,84.61000061035156,86.19000244140625,84.05999755859375,84.62999725341797,83.17218017578125,2665400
2022-01-28,84.93000030517578,85.3499984741211,83.16999816894531,85.29000091552734,83.8208236694336,2588600
2022-01-31,85.29000091552734,85.55000305175781,84.41000366210938,85.44000244140625,83.9682388305664,2568500
2022-02-01,85.58999633789062,85.58999633789062,83.79000091552734,84.93000030517578,83.4670181274414,3340700
2022-02-02,84.55999755859375,85.66999816894531,83.97000122070312,85.55000305175781,84.07634735107422,3203500
2022-02-03,85.44000244140625,86.20999908447266,84.95999908447266,86.0999984741211,84.61687469482422,4585100
2022-02-04,85.66000366210938,87.25,85.0999984741211,86.70999908447266,85.21636962890625,3673200
2022-02-07,86.9800033569336,87.33000183105469,86.05999755859375,86.87000274658203,85.37361145019531,2676200
2022-02-08,86.87000274658203,88.44999694824219,86.76000213623047,88.41000366210938,86.88707733154297,4744300
2022-02-09,88.83999633789062,89.69999694824219,88.5999984741211,89.44999694824219,87.9091567993164,2887900
2022-02-10,88.9000015258789,89.23999786376953,87.56999969482422,87.75,86.23844909667969,3295100
2022-02-11,87.3499984741211,87.68000030517578,85.81999969482422,85.91000366210938,84.43014526367188,3490000
2022-02-14,85.58999633789062,85.80999755859375,84.33000183105469,85.44999694824219,83.97805786132812,2384900
2022-02-15,86.2300033569336,86.62000274658203,85.26000213623047,85.58999633789062,84.11564636230469,1702200
2022-02-16,85.2699966430664,85.38999938964844,83.80000305175781,85.12999725341797,83.66357421875,2879700
2022-02-17,80.80000305175781,83.79000091552734,79.55999755859375,82.80000305175781,81.37371826171875,5189300
2022-02-18,82.38999938964844,83.13999938964844,81.18000030517578,82.3499984741211,80.93145751953125,5029000
2022-02-22,82.5,84.76000213623047,81.94000244140625,84.45999908447266,83.00511169433594,3888300
2022-02-23,84.51000213623047,86.08999633789062,84.19000244140625,85.73999786376953,84.26307678222656,3153200
2022-02-24,84.91999816894531,85.08999633789062,83.41000366210938,84.6500015258789,83.46441650390625,5266900
2022-02-25,84.76000213623047,86.95999908447266,84.47000122070312,86.26000213623047,85.05187225341797,3174200
2022-02-28,85.25,86.44000244140625,84.37999725341797,84.97000122070312,83.77993774414062,4376200
2022-03-01,84.81999969482422,85.80000305175781,83.4800033569336,84.13999938964844,82.96155548095703,2961700
2022-03-02,84.55000305175781,86.18000030517578,84.37000274658203,85.2300033569336,84.03629302978516,2454000
2022-03-03,85.47000122070312,85.93000030517578,84.91000366210938,85.19000244140625,83.9968490600586,1540500
2022-03-04,84.13999938964844,86.1500015258789,84.0999984741211,86.0199966430664,84.81521606445312,1979600
2022-03-07,85.62000274658203,85.62000274658203,83.81999969482422,84.9800033569336,83.789794921875,3204700
2022-03-08,84.5199966430664,84.62999725341797,80.44000244140625,80.44999694824219,79.32323455810547,3159800
2022-03-09,81.33000183105469,81.76000213623047,79.26000213623047,79.73999786376953,78.62318420410156,3453500
2022-03-10,78.86000061035156,79.55999755859375,77.69000244140625,78.9800033569336,77.87382507324219,2751000
2022-03-11,79.41999816894531,79.41999816894531,76.66999816894531,76.8499984741211,75.7736587524414,3833000
2022-03-14,77.44999694824219,78.80999755859375,77.19999694824219,77.98999786376953,76.8976821899414,2452700
2022-03-15,78.58999633789062,78.94000244140625,77.94999694824219,78.66999816894531,77.56816864013672,1720700
2022-03-16,79.13999938964844,79.69999694824219,77.9800033569336,78.95999908447266,77.8541030883789,2288900
2022-03-17,78.69999694824219,79.5999984741211,77.97000122070312,79.44000244140625,78.32738494873047,2662700
2022-03-18,79.5199966430664,79.62999725341797,77.79000091552734,79.12000274658203,78.0118637084961,3895600
2022-03-21,79.01000213623047,79.91999816894531,78.8499984741211,79.05000305175781,77.9428482055664,3016700
2022-03-22,79.26000213623047,79.2699966430664,78.01000213623047,78.01000213623047,76.91741180419922,4193000
2022-03-23,78.02999877929688,78.11000061035156,76.91999816894531,77.06999969482422,75.9905776977539,4620600
2022-03-24,77.37999725341797,78.0,76.86000061035156,77.68000030517578,76.59203338623047,7617400
2022-03-25,77.5999984741211,78.33000183105469,76.76000213623047,77.20999908447266,76.12860870361328,2990100
2022-03-28,77.3499984741211,78.93000030517578,76.75,78.91999816894531,77.81465911865234,3536600
2022-03-29,79.6500015258789,80.72000122070312,78.91999816894531,79.51000213623047,78.39640045166016,6771000
2022-03-30,79.62000274658203,80.04000091552734,78.5999984741211,79.37999725341797,78.26821899414062,2861100
2022-03-31,79.05000305175781,79.68000030517578,77.19000244140625,77.54000091552734,76.45399475097656,4662200
2022-04-01,77.68000030517578,78.62000274658203,76.94000244140625,78.58000183105469,77.47943115234375,3183400
2022-04-04,76.1500015258789,77.0199966430664,75.41999816894531,75.47000122070312,74.41297912597656,5406800
2022-04-05,75.31999969482422,78.0,75.31999969482422,76.48999786376953,75.418701171875,4263500
2022-04-06,76.04000091552734,77.08999633789062,75.77999877929688,77.0,75.92155456542969,3513200
2022-04-07,76.62999725341797,78.26000213623047,76.55000305175781,78.01000213623047,76.91741180419922,2976400
2022-04-08,77.8499984741211,80.30999755859375,77.8499984741211,80.0,78.87954711914062,4260900
2022-04-11,80.0,80.58000183105469,78.5999984741211,78.7699966430664,77.66675567626953,3590700
2022-04-12,78.19999694824219,79.56999969482422,77.94999694824219,78.06999969482422,76.97657012939453,3045100
2022-04-13,78.05000305175781,78.80000305175781,77.58999633789062,78.44000244140625,77.34139251708984,2459100
2022-04-14,78.68000030517578,78.76000213623047,75.97000122070312,76.44000244140625,75.36940002441406,3843100
2022-04-18,76.25,76.37000274658203,74.5999984741211,74.97000122070312,73.91999053955078,1824000
2022-04-19,75.22000122070312,76.62999725341797,75.08000183105469,76.51000213623047,75.43841552734375,2523800
2022-04-20,76.48999786376953,78.7300033569336,75.87999725341797,78.55999755859375,77.45970153808594,2492200
2022-04-21,78.66000366210938,78.66000366210938,77.79000091552734,77.9800033569336,76.88783264160156,2224300
2022-04-22,77.4000015258789,77.4000015258789,72.88999938964844,73.08000183105469,72.05645751953125,4266500
2022-04-25,72.80000305175781,73.22000122070312,72.12999725341797,72.91000366210938,71.88884735107422,3140100
2022-04-26,72.23999786376953,72.6500015258789,70.5,70.52999877929688,69.54216766357422,2280900
2022-04-27,70.72000122070312,72.12000274658203,70.30000305175781,71.06999969482422,70.07461547851562,4639300
2022-04-28,71.16000366210938,74.6500015258789,69.87999725341797,70.80000305175781,69.80839538574219,8441000
2022-04-29,70.23999786376953,72.11000061035156,69.72000122070312,71.05999755859375,70.06475830078125,4019200
2022-05-02,71.33000183105469,72.43000030517578,69.72000122070312,70.61000061035156,69.62105560302734,3854700
2022-05-03,71.12000274658203,72.88999938964844,71.01000213623047,72.05000305175781,71.04088592529297,4496600
2022-05-04,71.94999694824219,73.62999725341797,71.6500015258789,73.19999694824219,72.17477416992188,3550800
2022-05-05,72.73999786376953,73.38999938964844,72.0999984741211,72.98999786376953,71.96771240234375,3029700
2022-05-06,72.51000213623047,73.19000244140625,71.79000091552734,72.79000091552734,71.77052307128906,3174400
2022-05-09,72.16000366210938,74.51000213623047,71.87999725341797,73.62000274658203,72.58889770507812,4362400
2022-05-10,73.86000061035156,74.22000122070312,72.22000122070312,72.45999908447266,71.44514465332031,3417400
2022-05-11,72.37999725341797,74.23999786376953,71.91000366210938,72.0,70.99159240722656,2543400
2022-05-12,72.12000274658203,72.80999755859375,71.2699966430664,72.6500015258789,71.63248443603516,2270600
2022-05-13,72.80000305175781,73.5,72.58000183105469,73.02999877929688,72.00716400146484,2069400
2022-05-16,73.05999755859375,73.77999877929688,72.54000091552734,73.69000244140625,72.65792083740234,2864000
2022-05-17,74.16999816894531,74.36000061035156,73.41999816894531,74.33999633789062,73.2988052368164,1981000
2022-05-18,73.9000015258789,74.1500015258789,71.81999969482422,72.12000274658203,71.10990142822266,1994300
2022-05-19,71.55000305175781,72.70999908447266,71.16000366210938,72.5999984741211,71.58318328857422,2580700
2022-05-20,73.13999938964844,73.30000305175781,72.06999969482422,73.2300033569336,72.20436096191406,1695500
2022-05-23,74.19000244140625,74.48999786376953,73.01000213623047,73.37000274658203,72.34239959716797,2322900
2022-05-24,73.48999786376953,73.95999908447266,72.93000030517578,73.9000015258789,72.86498260498047,3259600
2022-05-25,73.83000183105469,77.08000183105469,73.54000091552734,75.19000244140625,74.13691711425781,4050000
2022-05-26,75.18000030517578,76.30000305175781,74.70999908447266,75.75,74.6890640258789,1824200
2022-05-27,76.16000366210938,76.66000366210938,75.5999984741211,76.16000366210938,75.09333038330078,2576200
2022-05-31,75.37999725341797,76.51000213623047,74.75,76.05000305175781,74.98486328125,3853400
2022-06-01,76.2300033569336,76.4800033569336,74.04000091552734,74.47000122070312,73.42699432373047,1862400
2022-06-02,74.5,74.5,72.30000305175781,74.26000213623047,73.50618743896484,2189400
2022-06-03,74.0,74.43000030517578,72.47000122070312,72.54000091552734,71.80364227294922,1881800
2022-06-06,72.22000122070312,73.2699966430664,71.95999908447266,72.5,71.76404571533203,1917700
2022-06-07,72.30000305175781,72.62000274658203,71.83000183105469,72.58000183105469,71.8432388305664,1989000
2022-06-08,72.5,73.05000305175781,72.18000030517578,72.8499984741211,72.1104965209961,1526200
2022-06-09,72.30000305175781,72.8499984741211,71.5,72.02999877929688,71.29882049560547,2865200
2022-06-10,71.43000030517578,73.62999725341797,71.19000244140625,73.12000274658203,72.37775421142578,3268800
2022-06-13,71.83000183105469,72.6500015258789,71.26000213623047,71.56999969482422,70.8434829711914,3779600
2022-06-14,71.48999786376953,72.1500015258789,67.2300033569336,67.4800033569336,66.79501342773438,6008400
2022-06-15,67.83999633789062,68.73999786376953,66.91000366210938,67.83000183105469,67.14144897460938,3746200
2022-06-16,66.5,66.80000305175781,64.77999877929688,65.29000091552734,64.62724304199219,2918100
2022-06-17,65.43000030517578,66.37000274658203,63.27000045776367,63.83000183105469,63.18206024169922,7244100
2022-06-21,64.56999969482422,64.68000030517578,63.25,64.0199966430664,63.3701286315918,3698000
2022-06-22,63.560001373291016,65.58000183105469,63.2599983215332,64.75,64.09272003173828,2541700
2022-06-23,64.93000030517578,65.55999755859375,64.3499984741211,65.08000183105469,64.41937255859375,2413300
2022-06-24,63.75,67.02999877929688,63.75,66.77999877929688,66.10211181640625,4080300
2022-06-27,66.7699966430664,67.41999816894531,66.30999755859375,66.70999908447266,66.03282165527344,2300600
2022-06-28,67.0,67.0999984741211,65.18000030517578,65.25,64.58763885498047,2548900
2022-06-29,65.48999786376953,65.91999816894531,64.80000305175781,65.80999755859375,65.14196014404297,2589600
2022-06-30,65.30999755859375,65.51000213623047,64.08999633789062,64.2300033569336,63.5780029296875,3410800
2022-07-01,64.0999984741211,65.61000061035156,63.709999084472656,65.48999786376953,64.82520294189453,2517700
2022-07-05,65.01000213623047,65.43000030517578,63.540000915527344,65.38999938964844,64.7262191772461,1937600
2022-07-06,65.4800033569336,65.73999786376953,64.8499984741211,65.11000061035156,64.44906616210938,2242100
2022-07-07,65.11000061035156,65.41000366210938,64.56999969482422,65.20999908447266,64.54804992675781,2509200
2022-07-08,65.37000274658203,65.87000274658203,64.83000183105469,65.18000030517578,64.51834869384766,2268800
2022-07-11,64.63999938964844,65.0,64.22000122070312,64.51000213623047,63.855159759521484,2530700
2022-07-12,64.25,65.12999725341797,64.13999938964844,64.68000030517578,64.02342987060547,2648800
2022-07-13,64.08999633789062,64.44999694824219,63.43000030517578,63.779998779296875,63.132564544677734,2579500
2022-07-14,62.9900016784668,63.68000030517578,62.70000076293945,63.41999816894531,62.776214599609375,2288600
2022-07-15,64.41000366210938,65.18000030517578,64.02999877929688,64.91000366210938,64.2510986328125,1855100
2022-07-18,64.93000030517578,65.44999694824219,64.19000244140625,64.36000061035156,63.70668029785156,1903400
2022-07-19,65.13999938964844,65.58999633789062,64.87999725341797,65.31999969482422,64.65693664550781,2285200
2022-07-20,65.19999694824219,65.6500015258789,64.79000091552734,65.58999633789062,64.92418670654297,2526600
2022-07-21,65.93000030517578,66.58999633789062,65.47000122070312,66.02999877929688,65.35972595214844,2298000
2022-07-22,66.2699966430664,66.44000244140625,65.5999984741211,66.16000366210938,65.48841094970703,1480600
2022-07-25,66.27999877929688,66.47000122070312,65.86000061035156,66.26000213623047,65.58739471435547,2115900
2022-07-26,66.62999725341797,66.77999877929688,65.9000015258789,66.73999786376953,66.06251525878906,2437400
2022-07-27,66.9000015258789,67.06999969482422,65.79000091552734,66.80000305175781,66.12191009521484,3136400
2022-07-28,61.75,62.65999984741211,58.90999984741211,59.5,58.89601135253906,9053900
2022-07-29,59.41999816894531,59.84000015258789,57.91999816894531,58.65999984741211,58.064537048339844,6232100
2022-08-01,58.34000015258789,59.16999816894531,58.029998779296875,58.66999816894531,58.07443618774414,5197900
2022-08-02,58.77000045776367,59.5,58.33000183105469,58.880001068115234,58.28230667114258,3866800
2022-08-03,58.95000076293945,59.09000015258789,57.77000045776367,58.18000030517578,57.589412689208984,4056300
2022-08-04,58.439998626708984,58.599998474121094,57.75,57.90999984741211,57.32215118408203,4493500
2022-08-05,57.77000045776367,58.61000061035156,57.4900016784668,58.59000015258789,57.9952507019043,2448300
2022-08-08,58.9900016784668,59.90999984741211,58.470001220703125,59.709999084472656,59.103878021240234,3053300
2022-08-09,59.54999923706055,59.81999969482422,58.72999954223633,58.95000076293945,58.351593017578125,2530900
2022-08-10,59.20000076293945,60.060001373291016,59.029998779296875,59.900001525878906,59.29195022583008,3130400
2022-08-11,60.06999969482422,61.060001373291016,59.689998626708984,59.970001220703125,59.361244201660156,2073600
2022-08-12,60.0099983215332,60.709999084472656,60.0099983215332,60.459999084472656,59.84626770019531,2114000
2022-08-15,60.33000183105469,62.2400016784668,60.130001068115234,62.02000045776367,61.39043426513672,2991900
2022-08-16,61.68000030517578,61.869998931884766,60.81999969482422,61.84000015258789,61.212257385253906,2889500
2022-08-17,61.54999923706055,61.7599983215332,60.91999816894531,61.380001068115234,60.756927490234375,2124400
2022-08-18,61.41999816894531,61.560001373291016,60.130001068115234,61.04999923706055,60.43027877807617,2508400
2022-08-19,61.5099983215332,62.119998931884766,60.79999923706055,61.25,60.62824630737305,5992300
2022-08-22,61.040000915527344,61.150001525878906,59.529998779296875,59.66999816894531,59.06428527832031,3753600
2022-08-23,59.310001373291016,59.54999923706055,58.65999984741211,58.65999984741211,58.064537048339844,2433300
2022-08-24,58.54999923706055,59.099998474121094,58.34000015258789,58.709999084472656,58.11402893066406,2938400
2022-08-25,59.029998779296875,59.95000076293945,58.439998626708984,59.91999816894531,59.311744689941406,2171500
2022-08-26,60.0,60.11000061035156,57.119998931884766,57.16999816894531,56.58966064453125,2544700
2022-08-29,56.79999923706055,57.31999969482422,56.400001525878906,56.9900016784668,56.41149139404297,1859100
2022-08-30,57.189998626708984,57.27000045776367,56.400001525878906,56.47999954223633,55.90666580200195,2745700
2022-08-31,57.27000045776367,58.88999938964844,56.93000030517578,57.459999084472656,56.8767204284668,4137300
2022-09-01,56.939998626708984,57.20000076293945,56.13999938964844,56.7599983215332,56.46881866455078,4454900
2022-09-02,57.029998779296875,57.349998474121094,55.880001068115234,56.209999084472656,55.9216423034668,2656500
2022-09-06,56.4900016784668,56.529998779296875,54.45000076293945,54.65999984741211,54.37959289550781,3081200
2022-09-07,54.7599983215332,58.88999938964844,54.5099983215332,58.72999954223633,58.428714752197266,6328700
2022-09-08,58.130001068115234,59.099998474121094,58.0,58.70000076293945,58.398868560791016,4250300
2022-09-09,58.93000030517578,59.810001373291016,58.68000030517578,59.529998779296875,59.224609375,2383600
2022-09-12,59.779998779296875,60.38999938964844,59.63999938964844,59.779998779296875,59.47332763671875,2252300
2022-09-13,58.7400016784668,59.16999816894531,57.97999954223633,58.130001068115234,57.83179473876953,2121700
2022-09-14,58.29999923706055,59.47999954223633,58.150001525878906,59.11000061035156,58.806766510009766,3048500
2022-09-15,59.119998931884766,60.33000183105469,58.58000183105469,58.970001220703125,58.667484283447266,2788700
2022-09-16,58.72999954223633,58.83000183105469,58.099998474121094,58.18000030517578,57.88153839111328,4271000
2022-09-19,57.88999938964844,58.58000183105469,56.61000061035156,58.43000030517578,58.13025665283203,2660300
2022-09-20,58.029998779296875,58.029998779296875,56.189998626708984,56.58000183105469,56.28974533081055,1900500
2022-09-21,56.540000915527344,57.09000015258789,55.45000076293945,55.470001220703125,55.18544006347656,1903300
2022-09-22,55.220001220703125,55.9900016784668,55.0,55.369998931884766,55.08595275878906,2752000
2022-09-23,55.189998626708984,55.58000183105469,54.560001373291016,55.40999984741211,55.12574768066406,2610800
2022-09-26,55.15999984741211,55.4900016784668,53.81999969482422,54.90999984741211,54.62831115722656,2646700
2022-09-27,55.34000015258789,55.5099983215332,53.779998779296875,54.29999923706055,54.02144241333008,2546600
2022-09-28,54.869998931884766,55.91999816894531,54.54999923706055,55.560001373291016,55.27497863769531,3031500
2022-09-29,55.41999816894531,55.97999954223633,54.68000030517578,55.29999923706055,55.01631164550781,3165000
2022-09-30,55.5,55.709999084472656,53.849998474121094,53.86000061035156,53.58369827270508,3972800
2022-10-03,54.25,55.93000030517578,53.810001373291016,55.619998931884766,55.33466720581055,3253800
2022-10-04,56.16999816894531,57.61000061035156,56.06999969482422,57.45000076293945,57.15528106689453,3320900
2022-10-05,56.939998626708984,58.22999954223633,56.720001220703125,57.709999084472656,57.41394805908203,2320300
2022-10-06,57.529998779296875,57.70000076293945,55.959999084472656,56.25,55.9614372253418,3195900
2022-10-07,55.88999938964844,56.13999938964844,55.2599983215332,55.619998931884766,55.33466720581055,2686600
2022-10-10,55.880001068115234,56.0,54.52000045776367,54.97999954223633,54.69795227050781,1937900
2022-10-11,54.90999984741211,56.15999984741211,54.4900016784668,55.810001373291016,55.52369689941406,3161800
2022-10-12,55.63999938964844,55.63999938964844,54.86000061035156,55.0,54.71784973144531,2391400
2022-10-13,54.29999923706055,56.40999984741211,53.849998474121094,56.08000183105469,55.79231262207031,4562100
2022-10-14,56.41999816894531,56.75,54.400001525878906,54.5,54.22041702270508,3896000
2022-10-17,55.2599983215332,55.869998931884766,54.869998931884766,55.25,54.96656799316406,4559100
2022-10-18,56.630001068115234,56.810001373291016,55.45000076293945,55.599998474121094,55.31476974487305,4374200
2022-10-19,55.400001525878906,56.47999954223633,54.529998779296875,55.31999969482422,55.03620910644531,6516600
2022-10-20,55.619998931884766,56.34000015258789,54.88999938964844,55.0,54.71784973144531,3831100
2022-10-21,54.900001525878906,56.540000915527344,54.33000183105469,56.43000030517578,56.1405143737793,4516000
2022-10-24,56.91999816894531,57.36000061035156,56.18000030517578,56.43000030517578,56.1405143737793,3902100
2022-10-25,56.189998626708984,57.20000076293945,55.959999084472656,57.11000061035156,56.8170280456543,4747400
2022-10-26,57.47999954223633,58.119998931884766,57.09000015258789,57.630001068115234,57.33435821533203,5030900
2022-10-27,57.45000076293945,57.619998931884766,53.56999969482422,53.970001220703125,53.69313430786133,8921400
2022-10-28,53.599998474121094,55.630001068115234,53.599998474121094,55.0,54.71784973144531,6383000
2022-10-31,54.880001068115234,55.04999923706055,54.130001068115234,54.349998474121094,54.07118225097656,4766700
2022-11-01,54.689998626708984,54.970001220703125,53.709999084472656,53.7400016784668,53.464317321777344,3555600
2022-11-02,53.47999954223633,53.97999954223633,51.90999984741211,51.93000030517578,51.66360092163086,3947000
2022-11-03,51.40999984741211,51.40999984741211,50.43000030517578,50.439998626708984,50.18124008178711,3176700
2022-11-04,50.86000061035156,50.959999084472656,49.83000183105469,50.58000183105469,50.320526123046875,3864000
2022-11-07,50.79999923706055,52.349998474121094,50.650001525878906,52.34000015258789,52.071495056152344,4623300
2022-11-08,52.27000045776367,53.2599983215332,51.0099983215332,52.650001525878906,52.379905700683594,4665200
2022-11-09,52.810001373291016,53.060001373291016,51.630001068115234,51.650001525878906,51.38503646850586,3358200
2022-11-10,53.34000015258789,54.119998931884766,52.88999938964844,53.72999954223633,53.45436477661133,5843300
2022-11-11,53.970001220703125,55.18000030517578,53.79999923706055,54.880001068115234,54.59846878051758,10218300
2022-11-14,54.86000061035156,55.04999923706055,53.630001068115234,53.68000030517578,53.40462112426758,4128600
2022-11-15,54.029998779296875,54.880001068115234,53.65999984741211,54.34000015258789,54.06123733520508,4134100
2022-11-16,54.560001373291016,55.61000061035156,54.560001373291016,54.939998626708984,54.65815734863281,5892600
2022-11-17,54.279998779296875,54.59000015258789,53.70000076293945,54.31999969482422,54.04133987426758,5058500
2022-11-18,55.0,55.290000915527344,54.52000045776367,55.0,54.71784973144531,4643500
2022-11-21,55.029998779296875,56.5099983215332,55.029998779296875,55.83000183105469,55.54359436035156,2537100
2022-11-22,55.83000183105469,55.84000015258789,54.7599983215332,55.31999969482422,55.03620910644531,3429800
2022-11-23,55.38999938964844,56.459999084472656,55.31999969482422,56.29999923706055,56.01118087768555,3460400
2022-11-25,56.459999084472656,56.72999954223633,55.70000076293945,56.0,55.71271896362305,2125100
2022-11-28,55.70000076293945,56.029998779296875,55.02000045776367,55.189998626708984,54.90687561035156,4321100
2022-11-29,55.0099983215332,55.86000061035156,54.720001220703125,55.34000015258789,55.05610656738281,3962100
2022-11-30,55.47999954223633,56.54999923706055,54.88999938964844,56.529998779296875,56.2400016784668,7416300
2022-12-01,56.5,56.91999816894531,52.29999923706055,52.380001068115234,52.380001068115234,11120100
2022-12-02,51.880001068115234,53.61000061035156,51.779998779296875,53.220001220703125,53.220001220703125,7442900
2022-12-05,52.779998779296875,52.97999954223633,51.130001068115234,51.29999923706055,51.29999923706055,5018300
2022-12-06,51.0,51.869998931884766,50.880001068115234,51.5099983215332,51.5099983215332,4969200
2022-12-07,51.47999954223633,52.77000045776367,51.33000183105469,52.349998474121094,52.349998474121094,5133900
2022-12-08,52.43000030517578,53.15999984741211,52.099998474121094,52.619998931884766,52.619998931884766,3184800
2022-12-09,52.439998626708984,53.099998474121094,52.2599983215332,52.380001068115234,52.380001068115234,4494200
2022-12-12,52.220001220703125,52.689998626708984,51.77000045776367,52.630001068115234,52.630001068115234,3590500
2022-12-13,53.630001068115234,53.79999923706055,52.5099983215332,53.16999816894531,53.16999816894531,4534900
2022-12-14,52.97999954223633,53.349998474121094,52.06999969482422,52.29999923706055,52.29999923706055,6972900
2022-12-15,50.900001525878906,51.4900016784668,49.91999816894531,50.7599983215332,50.7599983215332,7366100
2022-12-16,50.400001525878906,50.869998931884766,49.470001220703125,49.709999084472656,49.709999084472656,9392900
2022-12-19,49.0,50.279998779296875,49.0,49.95000076293945,49.95000076293945,5556700
2022-12-20,49.849998474121094,50.349998474121094,49.59000015258789,49.93000030517578,49.93000030517578,8072500
2022-12-21,50.06999969482422,50.369998931884766,49.81999969482422,50.33000183105469,50.33000183105469,3579800
2022-12-22,50.13999938964844,50.38999938964844,49.0099983215332,50.13999938964844,50.13999938964844,3015100
2022-12-23,49.959999084472656,50.209999084472656,49.540000915527344,50.16999816894531,50.16999816894531,1837000
2022-12-27,50.150001525878906,51.02000045776367,49.540000915527344,50.84000015258789,50.84000015258789,2643200
2022-12-28,51.060001373291016,51.70000076293945,50.279998779296875,50.36000061035156,50.36000061035156,2247900
2022-12-29,50.720001220703125,51.439998626708984,50.630001068115234,51.119998931884766,51.119998931884766,2884900
2022-12-30,50.810001373291016,51.040000915527344,50.45000076293945,50.970001220703125,50.970001220703125,1822700
2023-01-03,50.400001525878906,51.36000061035156,50.11000061035156,51.040000915527344,51.040000915527344,2787400
2023-01-04,51.61000061035156,52.5,51.5,52.33000183105469,52.33000183105469,3266600
2023-01-05,51.83000183105469,53.119998931884766,51.83000183105469,52.56999969482422,52.56999969482422,3051500
2023-01-06,50.0,50.380001068115234,47.86000061035156,48.45000076293945,48.45000076293945,11097600
2023-01-09,47.599998474121094,47.95000076293945,44.470001220703125,44.70000076293945,44.70000076293945,13897300
2023-01-10,45.31999969482422,46.41999816894531,45.02000045776367,45.7400016784668,45.7400016784668,5839600
2023-01-11,45.900001525878906,46.02000045776367,45.27000045776367,45.439998626708984,45.439998626708984,5362600
2023-01-12,45.38999938964844,45.63999938964844,44.7400016784668,45.09000015258789,45.09000015258789,8526900
2023-01-13,44.970001220703125,45.060001373291016,44.33000183105469,44.84000015258789,44.84000015258789,6519100
