Date,Open,High,Low,Close,Adj Close,Volume
2022-01-18,35.040000915527344,35.18000030517578,33.86000061035156,34.2599983215332,32.7171745300293,3238000
2022-01-19,34.7599983215332,34.7599983215332,33.68000030517578,33.81999969482422,32.2969970703125,2478200
2022-01-20,34.15999984741211,34.22999954223633,32.65999984741211,32.720001220703125,31.246532440185547,2296900
2022-01-21,32.40999984741211,32.52000045776367,31.729999542236328,31.81999969482422,30.387060165405273,2701000
2022-01-24,31.079999923706055,31.809999465942383,30.209999084472656,31.690000534057617,30.262916564941406,3439500
2022-01-25,31.0,31.899999618530273,30.389999389648438,31.549999237060547,30.12921905517578,3654100
2022-01-26,32.20000076293945,32.68000030517578,31.31999969482422,31.739999771118164,30.3106632232666,2522100
2022-01-27,32.13999938964844,32.65999984741211,31.100000381469727,31.329999923706055,29.919126510620117,2432200
2022-01-28,30.889999389648438,31.25,30.270000457763672,31.229999542236328,29.823631286621094,4434300
2022-01-31,31.010000228881836,31.989999771118164,30.770000457763672,31.969999313354492,30.530303955078125,9154100
2022-02-01,32.849998474121094,32.939998626708984,31.469999313354492,32.13999938964844,30.69264793395996,6922600
2022-02-02,32.13999938964844,32.209999084472656,31.579999923706055,32.15999984741211,30.711748123168945,3985200
2022-02-03,32.130001068115234,32.189998626708984,30.90999984741211,30.959999084472656,29.565786361694336,2772100
2022-02-04,30.90999984741211,31.479999542236328,30.760000228881836,31.1200008392334,29.718584060668945,2351000
2022-02-07,31.09000015258789,31.610000610351562,30.850000381469727,31.079999923706055,29.68038558959961,3497900
2022-02-08,31.209999084472656,31.459999084472656,30.770000457763672,30.940000534057617,29.546688079833984,2633900
2022-02-09,31.200000762939453,31.559999465942383,31.079999923706055,31.34000015258789,29.928674697875977,2796400
2022-02-10,30.950000762939453,33.029998779296875,30.950000762939453,31.389999389648438,29.976425170898438,4175400
2022-02-11,31.290000915527344,31.709999084472656,30.389999389648438,30.6299991607666,29.250648498535156,2798300
2022-02-14,30.600000381469727,30.979999542236328,29.959999084472656,30.399999618530273,29.031005859375,2569000
2022-02-15,30.770000457763672,31.15999984741211,30.700000762939453,31.06999969482422,29.670833587646484,1762700
2022-02-16,30.799999237060547,31.530000686645508,30.799999237060547,31.3799991607666,29.966876983642578,1744100
2022-02-17,31.040000915527344,31.09000015258789,30.020000457763672,30.110000610351562,28.75406837463379,1633500
2022-02-18,29.989999771118164,30.450000762939453,29.860000610351562,30.3700008392334,29.002357482910156,3319100
2022-02-22,30.280000686645508,30.280000686645508,29.100000381469727,29.510000228881836,28.18108558654785,2871900
2022-02-23,29.799999237060547,29.969999313354492,28.950000762939453,29.030000686645508,27.72270393371582,2292100
2022-02-24,28.170000076293945,29.09000015258789,27.700000762939453,28.959999084472656,27.655853271484375,2551500
2022-02-25,29.09000015258789,30.219999313354492,29.079999923706055,30.209999084472656,28.84956169128418,2926300
2022-02-28,29.489999771118164,30.079999923706055,29.34000015258789,29.729999542236328,28.391178131103516,2915100
2022-03-01,29.450000762939453,29.639999389648438,27.959999084472656,28.079999923706055,26.815481185913086,3354800
2022-03-02,28.360000610351562,29.579999923706055,28.25,29.450000762939453,28.123788833618164,2765700
2022-03-03,29.579999923706055,29.899999618530273,28.90999984741211,29.209999084472656,27.894596099853516,2951100
2022-03-04,28.600000381469727,28.68000030517578,27.760000228881836,28.200000762939453,26.930078506469727,2511300
2022-03-07,27.989999771118164,28.139999389648438,27.049999237060547,27.209999084472656,25.984661102294922,3402400
2022-03-08,27.5,28.270000457763672,27.229999542236328,27.610000610351562,26.366649627685547,2774200
2022-03-09,28.489999771118164,28.93000030517578,28.450000762939453,28.540000915527344,27.2547664642334,3574600
2022-03-10,27.959999084472656,28.270000457763672,26.489999771118164,27.229999542236328,26.003759384155273,4891000
2022-03-11,27.6200008392334,27.850000381469727,27.239999771118164,27.260000228881836,26.032407760620117,3589400
2022-03-14,27.790000915527344,27.940000534057617,26.6200008392334,26.829999923706055,25.621774673461914,4338000
2022-03-15,27.079999923706055,27.440000534057617,26.450000762939453,26.969999313354492,25.755468368530273,4022100
2022-03-16,27.450000762939453,28.329999923706055,27.190000534057617,27.8700008392334,26.614938735961914,4532700
2022-03-17,27.579999923706055,28.010000228881836,27.420000076293945,27.940000534057617,26.68178939819336,3081500
2022-03-18,27.920000076293945,28.139999389648438,27.440000534057617,27.920000076293945,26.662689208984375,6659400
2022-03-21,27.93000030517578,28.309999465942383,27.3700008392334,27.649999618530273,26.40484619140625,3232300
2022-03-22,28.040000915527344,28.350000381469727,27.920000076293945,28.09000015258789,26.82503318786621,1944400
2022-03-23,27.8799991607666,27.979999542236328,27.200000762939453,27.219999313354492,25.994211196899414,2198400
2022-03-24,27.350000381469727,27.610000610351562,27.209999084472656,27.600000381469727,26.357099533081055,1908600
2022-03-25,27.670000076293945,28.049999237060547,27.56999969482422,27.829999923706055,26.57674217224121,2527300
2022-03-28,27.75,28.0,27.43000030517578,27.989999771118164,26.729534149169922,1580000
2022-03-29,28.510000228881836,29.040000915527344,28.399999618530273,28.979999542236328,27.67495346069336,2853300
2022-03-30,28.8799991607666,29.100000381469727,28.260000228881836,28.389999389648438,27.38556671142578,1794200
2022-03-31,28.309999465942383,28.6299991607666,27.90999984741211,27.920000076293945,26.93219757080078,2461900
2022-04-01,28.06999969482422,28.25,27.579999923706055,27.93000030517578,26.941843032836914,3882400
2022-04-04,27.899999618530273,28.3799991607666,27.639999389648438,28.020000457763672,27.02865982055664,2113100
2022-04-05,27.850000381469727,28.059999465942383,27.469999313354492,27.649999618530273,26.6717472076416,2748900
2022-04-06,27.360000610351562,27.479999542236328,26.65999984741211,26.799999237060547,25.85181999206543,2936000
2022-04-07,26.6200008392334,26.760000228881836,25.579999923706055,26.360000610351562,25.42738914489746,3191500
2022-04-08,26.350000381469727,26.809999465942383,25.979999542236328,26.280000686645508,25.350217819213867,3145000
2022-04-11,26.139999389648438,26.690000534057617,26.110000610351562,26.18000030517578,25.25375747680664,2648500
2022-04-12,26.020000457763672,26.450000762939453,25.600000381469727,25.770000457763672,24.85826301574707,4854000
2022-04-13,25.579999923706055,26.239999771118164,25.450000762939453,26.18000030517578,25.25375747680664,2807600
2022-04-14,26.299999237060547,26.530000686645508,25.549999237060547,25.56999969482422,24.66533660888672,2671500
2022-04-18,25.5,25.84000015258789,25.329999923706055,25.68000030517578,24.771446228027344,3338500
2022-04-19,25.770000457763672,26.81999969482422,25.690000534057617,26.760000228881836,25.813236236572266,2455400
2022-04-20,27.040000915527344,27.229999542236328,26.65999984741211,26.690000534057617,25.745712280273438,2302200
2022-04-21,27.049999237060547,27.270000457763672,26.34000015258789,26.479999542236328,25.543142318725586,3099200
2022-04-22,26.399999618530273,26.8799991607666,26.290000915527344,26.389999389648438,25.45632553100586,4297100
2022-04-25,26.219999313354492,26.639999389648438,25.56999969482422,26.6299991607666,25.687835693359375,3678100
2022-04-26,26.299999237060547,26.450000762939453,25.559999465942383,25.780000686645508,24.867910385131836,3668100
2022-04-27,25.760000228881836,26.059999465942383,25.540000915527344,25.639999389648438,24.732860565185547,2926000
2022-04-28,25.989999771118164,26.110000610351562,25.299999237060547,25.950000762939453,25.03189468383789,3698900
2022-04-29,25.84000015258789,26.09000015258789,24.530000686645508,24.59000015258789,23.720008850097656,12256600
2022-05-02,24.610000610351562,25.350000381469727,24.450000762939453,25.329999923706055,24.43383026123047,5203300
2022-05-03,25.06999969482422,26.360000610351562,24.93000030517578,25.549999237060547,24.64604377746582,7039800
2022-05-04,25.450000762939453,26.90999984741211,25.139999389648438,26.799999237060547,25.85181999206543,4484700
2022-05-05,26.18000030517578,26.3799991607666,24.510000228881836,25.040000915527344,24.154090881347656,5083800
2022-05-06,25.049999237060547,25.34000015258789,24.5,25.010000228881836,24.125150680541992,3261700
2022-05-09,24.649999618530273,25.219999313354492,24.520000457763672,24.84000015258789,23.961166381835938,4526900
2022-05-10,25.110000610351562,25.459999084472656,24.049999237060547,24.530000686645508,23.662134170532227,3717000
2022-05-11,24.360000610351562,24.579999923706055,23.729999542236328,23.8799991607666,23.03512954711914,3704700
2022-05-12,23.709999084472656,24.56999969482422,23.6299991607666,24.520000457763672,23.652488708496094,3463600
2022-05-13,24.90999984741211,25.280000686645508,24.719999313354492,25.09000015258789,24.202320098876953,2623000
2022-05-16,24.860000610351562,25.139999389648438,24.420000076293945,24.93000030517578,24.04798126220703,2207500
2022-05-17,25.549999237060547,25.93000030517578,25.200000762939453,25.84000015258789,24.9257869720459,2344500
2022-05-18,25.5,25.809999465942383,25.110000610351562,25.229999542236328,24.337366104125977,3190300
2022-05-19,24.81999969482422,25.489999771118164,24.760000228881836,25.110000610351562,24.22161293029785,3062400
2022-05-20,25.489999771118164,25.81999969482422,25.100000381469727,25.799999237060547,24.88719940185547,3319100
2022-05-23,26.239999771118164,26.34000015258789,25.780000686645508,26.0,25.080123901367188,2507300
2022-05-24,25.81999969482422,26.040000915527344,25.110000610351562,25.959999084472656,25.04153823852539,2672700
2022-05-25,25.760000228881836,26.600000381469727,25.760000228881836,26.450000762939453,25.514204025268555,2272100
2022-05-26,26.610000610351562,27.34000015258789,26.489999771118164,27.209999084472656,26.247316360473633,2019000
2022-05-27,27.3799991607666,27.579999923706055,27.260000228881836,27.549999237060547,26.575284957885742,1720000
2022-05-31,27.360000610351562,27.56999969482422,26.93000030517578,27.079999923706055,26.12191390991211,5173200
2022-06-01,27.0,27.209999084472656,26.219999313354492,26.559999465942383,25.620311737060547,2132000
2022-06-02,26.6299991607666,26.8700008392334,26.360000610351562,26.860000610351562,25.909698486328125,1598700
2022-06-03,26.559999465942383,26.739999771118164,26.420000076293945,26.459999084472656,25.523849487304688,1334000
2022-06-06,26.649999618530273,27.170000076293945,26.510000228881836,26.780000686645508,25.832529067993164,1543300
2022-06-07,26.6200008392334,26.950000762939453,26.360000610351562,26.940000534057617,25.986867904663086,2799100
2022-06-08,26.579999923706055,26.809999465942383,25.84000015258789,25.8799991607666,24.96436882019043,2348100
2022-06-09,25.829999923706055,26.110000610351562,25.610000610351562,25.649999618530273,24.742507934570312,2010600
2022-06-10,25.0,25.110000610351562,24.549999237060547,24.559999465942383,23.691072463989258,3340700
2022-06-13,23.770000457763672,24.020000457763672,22.969999313354492,23.06999969482422,22.253786087036133,3139000
2022-06-14,23.200000762939453,23.43000030517578,22.889999389648438,23.079999923706055,22.2634334564209,3068100
2022-06-15,23.3700008392334,24.110000610351562,23.299999237060547,23.780000686645508,22.93866729736328,2965500
2022-06-16,23.1200008392334,23.190000534057617,22.760000228881836,23.149999618530273,22.330957412719727,3484600
2022-06-17,23.399999618530273,23.639999389648438,22.940000534057617,23.309999465942383,22.485294342041016,4612600
2022-06-21,23.93000030517578,24.31999969482422,23.719999313354492,24.18000030517578,23.32451820373535,2708900
2022-06-22,23.780000686645508,24.290000915527344,23.780000686645508,24.100000381469727,23.247346878051758,1823100
2022-06-23,24.09000015258789,24.420000076293945,23.860000610351562,24.3700008392334,23.507795333862305,1877800
2022-06-24,24.65999984741211,25.450000762939453,24.649999618530273,25.34000015258789,24.4434757232666,3264500
2022-06-27,25.43000030517578,25.510000228881836,24.950000762939453,25.1299991607666,24.24090576171875,2207000
2022-06-28,25.329999923706055,25.639999389648438,24.65999984741211,24.68000030517578,23.806825637817383,3212300
2022-06-29,23.940000534057617,24.0,23.010000228881836,23.270000457763672,22.713605880737305,4906800
2022-06-30,22.690000534057617,23.610000610351562,22.610000610351562,23.309999465942383,22.752647399902344,3988100
2022-07-01,23.219999313354492,23.719999313354492,23.1200008392334,23.579999923706055,23.016193389892578,2866000
2022-07-05,23.030000686645508,23.829999923706055,22.760000228881836,23.81999969482422,23.25045394897461,2151000
2022-07-06,23.770000457763672,23.93000030517578,23.440000534057617,23.690000534057617,23.123565673828125,2717200
2022-07-07,23.899999618530273,24.299999237060547,23.81999969482422,24.290000915527344,23.709217071533203,3376700
2022-07-08,24.3700008392334,24.389999389648438,23.700000762939453,23.8700008392334,23.299259185791016,2897600
2022-07-11,23.670000076293945,23.84000015258789,23.360000610351562,23.6299991607666,23.06499671936035,3396700
2022-07-12,23.690000534057617,24.520000457763672,23.649999618530273,24.030000686645508,23.455434799194336,3847900
2022-07-13,23.59000015258789,24.219999313354492,23.239999771118164,24.079999923706055,23.50423812866211,4031700
2022-07-14,23.649999618530273,24.3799991607666,23.600000381469727,24.309999465942383,23.72873878479004,3152400
2022-07-15,24.770000457763672,24.899999618530273,24.15999984741211,24.6200008392334,24.031328201293945,2777200
2022-07-18,24.809999465942383,24.940000534057617,24.40999984741211,24.5,23.91419792175293,2552400
2022-07-19,24.889999389648438,25.440000534057617,24.889999389648438,25.3700008392334,24.763395309448242,2083700
2022-07-20,25.260000228881836,25.520000457763672,24.959999084472656,25.420000076293945,24.812198638916016,2632000
2022-07-21,25.389999389648438,25.670000076293945,25.209999084472656,25.6200008392334,25.007417678833008,2250200
2022-07-22,25.75,25.899999618530273,25.06999969482422,25.299999237060547,24.695068359375,2713900
2022-07-25,25.399999618530273,25.399999618530273,25.030000686645508,25.229999542236328,24.626739501953125,2461700
2022-07-26,25.0,25.229999542236328,24.75,24.8700008392334,24.27535057067871,2849500
2022-07-27,25.1299991607666,25.489999771118164,24.790000915527344,25.43000030517578,24.82196044921875,3544700
2022-07-28,26.0,26.989999771118164,25.1200008392334,26.559999465942383,25.92494010925293,4417600
2022-07-29,26.760000228881836,27.770000457763672,26.610000610351562,27.450000762939453,26.79366111755371,6408500
2022-08-01,27.309999465942383,28.049999237060547,27.139999389648438,27.940000534057617,27.27194595336914,3343800
2022-08-02,27.649999618530273,27.770000457763672,27.18000030517578,27.3799991607666,26.72533416748047,3279800
2022-08-03,27.65999984741211,27.739999771118164,27.350000381469727,27.56999969482422,26.910791397094727,1537500
2022-08-04,27.510000228881836,27.790000915527344,27.31999969482422,27.6299991607666,26.9693546295166,1879700
2022-08-05,27.399999618530273,27.940000534057617,27.290000915527344,27.649999618530273,26.98887825012207,1568000
2022-08-08,27.829999923706055,28.170000076293945,27.790000915527344,27.850000381469727,27.184097290039062,1551300
2022-08-09,27.790000915527344,27.850000381469727,27.309999465942383,27.520000457763672,26.861988067626953,1615400
2022-08-10,28.09000015258789,28.59000015258789,27.920000076293945,28.389999389648438,27.711183547973633,1886700
2022-08-11,28.700000762939453,28.950000762939453,28.6200008392334,28.670000076293945,27.9844913482666,1468500
2022-08-12,28.920000076293945,29.06999969482422,28.6299991607666,29.020000457763672,28.326122283935547,1657500
2022-08-15,28.75,28.989999771118164,28.68000030517578,28.850000381469727,28.160186767578125,1554800
2022-08-16,28.68000030517578,29.030000686645508,28.6299991607666,28.790000915527344,28.101621627807617,1312300
2022-08-17,28.290000915527344,28.440000534057617,27.93000030517578,28.399999618530273,27.720945358276367,2082900
2022-08-18,28.3799991607666,28.520000457763672,28.209999084472656,28.459999084472656,27.779510498046875,1246500
2022-08-19,28.149999618530273,28.31999969482422,27.59000015258789,27.709999084472656,27.047441482543945,1699400
2022-08-22,27.270000457763672,27.290000915527344,26.84000015258789,26.979999542236328,26.334897994995117,2432600
2022-08-23,27.030000686645508,27.350000381469727,26.950000762939453,27.030000686645508,26.383703231811523,2128200
2022-08-24,27.06999969482422,27.200000762939453,26.90999984741211,27.06999969482422,26.422744750976562,1320900
2022-08-25,27.15999984741211,27.559999465942383,27.110000610351562,27.3700008392334,26.715574264526367,998200
2022-08-26,27.399999618530273,27.510000228881836,26.3700008392334,26.489999771118164,25.85661506652832,5437800
2022-08-29,26.299999237060547,26.600000381469727,26.079999923706055,26.110000610351562,25.485700607299805,3638300
2022-08-30,26.270000457763672,26.3799991607666,25.899999618530273,26.15999984741211,25.53450584411621,2603200
2022-08-31,26.290000915527344,26.43000030517578,26.0,26.06999969482422,25.446657180786133,2465700
2022-09-01,25.899999618530273,25.940000534057617,25.510000228881836,25.93000030517578,25.31000518798828,2862000
2022-09-02,26.290000915527344,26.489999771118164,25.75,25.889999389648438,25.270959854125977,2592200
2022-09-06,26.010000228881836,26.18000030517578,25.610000610351562,25.90999984741211,25.290481567382812,3206000
2022-09-07,25.829999923706055,26.110000610351562,25.56999969482422,26.049999237060547,25.427133560180664,2404200
2022-09-08,25.450000762939453,26.270000457763672,25.1200008392334,26.260000228881836,25.63211441040039,2924000
2022-09-09,26.540000915527344,26.6200008392334,26.34000015258789,26.3799991607666,25.749242782592773,2023900
2022-09-12,26.68000030517578,26.829999923706055,26.40999984741211,26.75,26.110397338867188,2743000
2022-09-13,26.0,26.09000015258789,24.399999618530273,24.639999389648438,24.05084800720215,4379400
2022-09-14,24.760000228881836,24.8700008392334,24.290000915527344,24.540000915527344,23.9532413482666,3419000
2022-09-15,24.530000686645508,25.0,24.420000076293945,24.530000686645508,23.943479537963867,4770600
2022-09-16,24.260000228881836,24.329999923706055,23.8799991607666,24.139999389648438,23.562803268432617,5513300
2022-09-19,23.889999389648438,24.850000381469727,23.81999969482422,24.81999969482422,24.226545333862305,2281600
2022-09-20,24.56999969482422,24.729999542236328,24.31999969482422,24.540000915527344,23.9532413482666,2912100
2022-09-21,24.719999313354492,25.079999923706055,24.239999771118164,24.25,23.67017364501953,3827900
2022-09-22,24.350000381469727,24.399999618530273,23.690000534057617,23.709999084472656,23.143083572387695,2423800
2022-09-23,23.350000381469727,23.549999237060547,22.959999084472656,23.40999984741211,22.850257873535156,2490300
2022-09-26,23.229999542236328,23.600000381469727,22.8799991607666,22.899999618530273,22.35245132446289,2817100
2022-09-27,23.15999984741211,23.399999618530273,22.459999084472656,22.639999389648438,22.098669052124023,2458200
2022-09-28,22.760000228881836,23.149999618530273,22.639999389648438,23.040000915527344,22.489107131958008,2234700
2022-09-29,22.399999618530273,22.6299991607666,21.989999771118164,22.200000762939453,21.94541358947754,3009600
2022-09-30,22.06999969482422,22.139999389648438,21.459999084472656,21.520000457763672,21.273212432861328,4252100
2022-10-03,21.780000686645508,22.479999542236328,21.520000457763672,22.440000534057617,22.182661056518555,4102500
2022-10-04,22.899999618530273,23.440000534057617,22.809999465942383,23.420000076293945,23.15142250061035,3971000
2022-10-05,23.0,23.399999618530273,22.850000381469727,23.31999969482422,23.052568435668945,2431600
2022-10-06,23.260000228881836,23.5,22.93000030517578,22.950000762939453,22.686813354492188,2265000
2022-10-07,22.600000381469727,22.709999084472656,21.65999984741211,21.850000381469727,21.599428176879883,3523500
2022-10-10,22.010000228881836,22.1299991607666,21.600000381469727,21.719999313354492,21.470916748046875,2782600
2022-10-11,21.530000686645508,21.84000015258789,21.209999084472656,21.3799991607666,21.134815216064453,2964900
2022-10-12,21.290000915527344,21.420000076293945,20.739999771118164,21.110000610351562,20.8679141998291,3760300
2022-10-13,20.6200008392334,22.329999923706055,20.239999771118164,22.209999084472656,21.955297470092773,4444600
2022-10-14,22.329999923706055,22.829999923706055,21.6200008392334,21.709999084472656,21.461030960083008,2837800
2022-10-17,22.260000228881836,22.559999465942383,22.059999465942383,22.229999542236328,21.975069046020508,2590200
2022-10-18,22.81999969482422,22.8799991607666,22.270000457763672,22.520000457763672,22.261743545532227,2283900
2022-10-19,22.31999969482422,22.600000381469727,21.93000030517578,22.25,21.994840621948242,2720600
2022-10-20,22.280000686645508,22.549999237060547,21.6200008392334,21.739999771118164,21.49068832397461,2200500
2022-10-21,21.770000457763672,22.610000610351562,21.6200008392334,22.530000686645508,22.271629333496094,2554700
2022-10-24,22.760000228881836,22.950000762939453,22.6200008392334,22.81999969482422,22.55830192565918,2077600
2022-10-25,22.81999969482422,23.579999923706055,22.68000030517578,23.450000762939453,23.181079864501953,2968600
2022-10-26,23.469999313354492,23.709999084472656,23.299999237060547,23.450000762939453,23.181079864501953,2493700
2022-10-27,23.709999084472656,23.889999389648438,23.239999771118164,23.309999465942383,23.042682647705078,3357700
2022-10-28,23.290000915527344,23.760000228881836,22.940000534057617,23.719999313354492,23.447980880737305,3765200
2022-10-31,23.510000228881836,23.90999984741211,23.229999542236328,23.450000762939453,23.181079864501953,6670900
2022-11-01,23.5,23.649999618530273,21.579999923706055,22.600000381469727,22.3408260345459,8809200
2022-11-02,22.510000228881836,23.40999984741211,22.360000610351562,22.559999465942383,22.301284790039062,6867200
2022-11-03,22.18000030517578,22.75,21.950000762939453,22.420000076293945,22.16288948059082,3590300
2022-11-04,22.799999237060547,23.3799991607666,22.690000534057617,23.329999923706055,23.062454223632812,3333600
2022-11-07,23.399999618530273,23.6200008392334,22.799999237060547,23.219999313354492,22.95371437072754,3175300
2022-11-08,23.209999084472656,23.75,23.06999969482422,23.520000457763672,23.250276565551758,3229500
2022-11-09,23.260000228881836,23.309999465942383,22.639999389648438,22.700000762939453,22.439680099487305,3039800
2022-11-10,23.729999542236328,25.6200008392334,23.649999618530273,25.610000610351562,25.316308975219727,5834800
2022-11-11,25.760000228881836,27.559999465942383,25.68000030517578,27.329999923706055,27.016582489013672,5491700
2022-11-14,27.010000228881836,27.5,26.440000534057617,26.459999084472656,26.156558990478516,5914400
2022-11-15,27.059999465942383,27.540000915527344,26.540000915527344,26.920000076293945,26.611284255981445,5015600
2022-11-16,26.760000228881836,26.8700008392334,26.260000228881836,26.440000534057617,26.136789321899414,2266600
2022-11-17,25.969999313354492,26.149999618530273,25.549999237060547,26.1299991607666,25.83034324645996,2361600
2022-11-18,26.59000015258789,26.690000534057617,25.899999618530273,26.149999618530273,25.850114822387695,2237200
2022-11-21,25.979999542236328,26.239999771118164,25.899999618530273,26.1200008392334,25.820459365844727,1870000
2022-11-22,26.260000228881836,26.65999984741211,26.170000076293945,26.479999542236328,26.17633056640625,2114300
2022-11-23,26.399999618530273,26.610000610351562,26.280000686645508,26.549999237060547,26.245527267456055,1561400
2022-11-25,26.479999542236328,26.81999969482422,26.459999084472656,26.770000457763672,26.46300506591797,776000
2022-11-28,26.389999389648438,26.6200008392334,25.979999542236328,26.020000457763672,25.721607208251953,1879200
2022-11-29,26.040000915527344,26.420000076293945,25.950000762939453,26.299999237060547,25.998394012451172,1943300
2022-11-30,26.239999771118164,26.899999618530273,25.469999313354492,26.809999465942383,26.502546310424805,3987700
2022-12-01,26.90999984741211,27.420000076293945,26.690000534057617,27.280000686645508,26.9671573638916,4441300
2022-12-02,26.950000762939453,27.3700008392334,26.600000381469727,27.25,26.9375,3350400
2022-12-05,27.1200008392334,27.3700008392334,26.799999237060547,27.110000610351562,26.79910659790039,2921100
2022-12-06,27.059999465942383,27.100000381469727,26.40999984741211,26.600000381469727,26.294954299926758,3423000
2022-12-07,26.520000457763672,27.190000534057617,26.389999389648438,26.780000686645508,26.472890853881836,2755900
2022-12-08,26.90999984741211,26.989999771118164,26.670000076293945,26.8700008392334,26.561859130859375,1937800
2022-12-09,26.809999465942383,27.1200008392334,26.510000228881836,26.59000015258789,26.28506851196289,2051000
2022-12-12,26.600000381469727,27.040000915527344,26.360000610351562,27.040000915527344,26.729909896850586,2990500
2022-12-13,28.1200008392334,28.81999969482422,27.09000015258789,27.700000762939453,27.382341384887695,5275900
2022-12-14,27.5,27.93000030517578,26.920000076293945,27.100000381469727,26.789220809936523,4164900
2022-12-15,26.65999984741211,26.65999984741211,25.969999313354492,26.079999923706055,25.78091812133789,4022500
2022-12-16,25.68000030517578,26.18000030517578,25.40999984741211,25.739999771118164,25.44481658935547,7755400
2022-12-19,25.770000457763672,26.010000228881836,25.540000915527344,25.780000686645508,25.484359741210938,3146700
2022-12-20,25.709999084472656,26.079999923706055,25.579999923706055,26.010000228881836,25.711721420288086,2781900
2022-12-21,26.360000610351562,27.06999969482422,26.360000610351562,26.90999984741211,26.601398468017578,2467100
2022-12-22,26.56999969482422,26.75,25.93000030517578,26.59000015258789,26.28506851196289,2368700
2022-12-23,26.520000457763672,26.8799991607666,26.43000030517578,26.850000381469727,26.54208755493164,2002700
2022-12-27,26.850000381469727,27.020000457763672,26.68000030517578,26.90999984741211,26.601398468017578,3949400
2022-12-28,26.8700008392334,27.06999969482422,26.139999389648438,26.15999984741211,25.860000610351562,2366100
2022-12-29,26.09000015258789,27.059999465942383,26.049999237060547,26.829999923706055,26.829999923706055,2384300
2022-12-30,26.5,26.670000076293945,26.079999923706055,26.3799991607666,26.3799991607666,2771300
2023-01-03,26.81999969482422,27.3700008392334,26.700000762939453,27.1200008392334,27.1200008392334,4213500
2023-01-04,27.5,27.989999771118164,27.389999389648438,27.829999923706055,27.829999923706055,3450700
2023-01-05,27.59000015258789,27.729999542236328,27.149999618530273,27.329999923706055,27.329999923706055,1955200
2023-01-06,27.700000762939453,28.40999984741211,27.59000015258789,28.3799991607666,28.3799991607666,2889500
2023-01-09,28.530000686645508,28.969999313354492,28.270000457763672,28.510000228881836,28.510000228881836,3521500
2023-01-10,28.5,29.18000030517578,28.450000762939453,29.149999618530273,29.149999618530273,2562000
2023-01-11,29.40999984741211,29.6200008392334,29.280000686645508,29.469999313354492,29.469999313354492,3392500
2023-01-12,29.65999984741211,30.049999237060547,29.200000762939453,29.829999923706055,29.829999923706055,4433800
2023-01-13,29.520000457763672,30.18000030517578,29.3799991607666,30.06999969482422,30.06999969482422,3331200
