Date,Open,High,Low,Close,Adj Close,Volume
2022-01-18,27.770000457763672,27.84000015258789,26.510000228881836,26.799999237060547,26.113126754760742,10407500
2022-01-19,27.110000610351562,27.18000030517578,26.239999771118164,26.290000915527344,25.616201400756836,10458900
2022-01-20,27.299999237060547,27.8799991607666,26.610000610351562,26.719999313354492,26.03517723083496,12793300
2022-01-21,26.5,27.65999984741211,26.299999237060547,27.239999771118164,26.54184913635254,15878200
2022-01-24,26.68000030517578,27.110000610351562,25.520000457763672,27.06999969482422,26.376209259033203,11878600
2022-01-25,26.950000762939453,28.15999984741211,25.8799991607666,27.93000030517578,27.21416664123535,13512800
2022-01-26,28.110000610351562,28.3799991607666,27.1299991607666,27.520000457763672,26.814674377441406,12946600
2022-01-27,28.25,28.399999618530273,26.670000076293945,27.299999237060547,26.600313186645508,11477600
2022-01-28,27.09000015258789,27.540000915527344,26.479999542236328,27.15999984741211,26.46390151977539,8108400
2022-01-31,26.520000457763672,27.780000686645508,26.510000228881836,27.440000534057617,26.736724853515625,11173000
2022-02-01,27.020000457763672,27.889999389648438,26.75,27.5,26.79518699645996,8566100
2022-02-02,27.190000534057617,27.459999084472656,26.68000030517578,26.8700008392334,26.18133544921875,9553200
2022-02-03,26.90999984741211,26.979999542236328,26.209999084472656,26.360000610351562,25.684404373168945,8933900
2022-02-04,26.34000015258789,26.940000534057617,26.25,26.59000015258789,26.08664321899414,7713700
2022-02-07,26.56999969482422,27.889999389648438,26.479999542236328,27.530000686645508,27.00885009765625,9541200
2022-02-08,27.530000686645508,27.649999618530273,26.760000228881836,27.360000610351562,26.84206771850586,5726900
2022-02-09,27.43000030517578,28.170000076293945,27.31999969482422,27.649999618530273,27.126577377319336,7297500
2022-02-10,27.450000762939453,28.260000228881836,27.219999313354492,27.440000534057617,26.92055320739746,7381200
2022-02-11,27.670000076293945,29.280000686645508,27.540000915527344,29.139999389648438,28.58837127685547,10092400
2022-02-14,28.889999389648438,29.18000030517578,28.149999618530273,28.540000915527344,27.99972915649414,7327300
2022-02-15,27.829999923706055,28.829999923706055,27.65999984741211,28.790000915527344,28.244997024536133,6366200
2022-02-16,29.0,30.110000610351562,29.0,29.709999084472656,29.147579193115234,10323200
2022-02-17,29.610000610351562,29.8700008392334,29.290000915527344,29.43000030517578,28.872880935668945,5502400
2022-02-18,29.020000457763672,29.579999923706055,28.709999084472656,29.110000610351562,28.558940887451172,5039000
2022-02-22,29.75,29.969999313354492,28.40999984741211,28.600000381469727,28.05859375,15255900
2022-02-23,28.6299991607666,29.43000030517578,28.43000030517578,29.049999237060547,28.50007438659668,7211700
2022-02-24,29.450000762939453,29.510000228881836,27.899999618530273,28.719999313354492,28.176321029663086,11866300
2022-02-25,28.899999618530273,29.600000381469727,28.600000381469727,29.5,28.941556930541992,7092200
2022-02-28,29.25,29.68000030517578,28.920000076293945,29.3799991607666,28.823827743530273,11034200
2022-03-01,29.610000610351562,29.780000686645508,27.719999313354492,28.34000015258789,27.803516387939453,12167200
2022-03-02,29.040000915527344,30.649999618530273,29.030000686645508,30.389999389648438,29.814708709716797,11545600
2022-03-03,29.940000534057617,31.3799991607666,29.940000534057617,31.209999084472656,30.619186401367188,13542800
2022-03-04,30.850000381469727,33.279998779296875,30.770000457763672,33.220001220703125,32.59114074707031,14323100
2022-03-07,33.20000076293945,35.91999816894531,33.20000076293945,34.779998779296875,34.121604919433594,19497500
2022-03-08,35.2599983215332,36.91999816894531,34.16999816894531,34.79999923706055,34.1412239074707,22307600
2022-03-09,33.900001525878906,34.81999969482422,32.7400016784668,33.810001373291016,33.16997146606445,21479200
2022-03-10,33.939998626708984,36.900001525878906,33.93000030517578,36.7400016784668,36.04450607299805,13964300
2022-03-11,36.04999923706055,38.40999984741211,36.04999923706055,37.63999938964844,36.927459716796875,15390700
2022-03-14,36.66999816894531,37.47999954223633,36.279998779296875,36.97999954223633,36.27995681762695,12763500
2022-03-15,35.470001220703125,36.279998779296875,34.47999954223633,34.869998931884766,34.20989990234375,14491500
2022-03-16,34.709999084472656,34.970001220703125,32.58000183105469,33.650001525878906,33.012996673583984,20716500
2022-03-17,34.25,35.209999084472656,33.91999816894531,34.97999954223633,34.31781768798828,15890200
2022-03-18,34.68000030517578,35.54999923706055,34.619998931884766,35.290000915527344,34.6219482421875,24795600
2022-03-21,36.0099983215332,37.130001068115234,35.88999938964844,36.220001220703125,35.53434371948242,19941400
2022-03-22,36.15999984741211,36.959999084472656,35.900001525878906,36.540000915527344,35.848289489746094,16908500
2022-03-23,37.0,38.09000015258789,36.709999084472656,37.59000015258789,36.87841033935547,15181200
2022-03-24,37.4900016784668,39.779998779296875,37.41999816894531,38.290000915527344,37.56515884399414,13293800
2022-03-25,37.93000030517578,38.7400016784668,37.93000030517578,38.720001220703125,37.98701858520508,11991900
2022-03-28,37.91999816894531,37.939998626708984,36.7400016784668,37.0,36.29957962036133,7384500
2022-03-29,36.20000076293945,36.720001220703125,35.16999816894531,36.66999816894531,35.975826263427734,13403000
2022-03-30,37.310001373291016,37.560001373291016,36.61000061035156,37.349998474121094,36.64295196533203,9134100
2022-03-31,37.04999923706055,37.77000045776367,36.099998474121094,36.40999984741211,35.72074890136719,11010200
2022-04-01,36.70000076293945,37.20000076293945,36.11000061035156,36.41999816894531,35.73055648803711,8558800
2022-04-04,36.689998626708984,36.790000915527344,35.79999923706055,36.43000030517578,35.74037170410156,8290000
2022-04-05,36.400001525878906,37.29999923706055,35.34000015258789,35.52000045776367,34.847599029541016,12705300
2022-04-06,35.880001068115234,36.38999938964844,35.290000915527344,35.720001220703125,35.0438117980957,8523600
2022-04-07,35.68000030517578,36.220001220703125,35.08000183105469,36.119998931884766,35.43623352050781,9536200
2022-04-08,36.310001373291016,37.599998474121094,36.279998779296875,37.52000045776367,36.80973815917969,12765800
2022-04-11,36.720001220703125,37.18000030517578,36.400001525878906,36.470001220703125,35.77961349487305,7655500
2022-04-12,36.529998779296875,37.16999816894531,36.04999923706055,36.31999969482422,35.63245391845703,8028100
2022-04-13,36.869998931884766,37.31999969482422,36.060001373291016,37.220001220703125,36.51541519165039,6849800
2022-04-14,36.81999969482422,37.63999938964844,36.77000045776367,37.290000915527344,36.58409118652344,6853500
2022-04-18,37.599998474121094,37.90999984741211,37.16999816894531,37.43000030517578,36.721439361572266,10120500
2022-04-19,37.13999938964844,37.650001525878906,36.5099983215332,36.7400016784668,36.04450607299805,10264000
2022-04-20,35.970001220703125,36.369998931884766,32.79999923706055,35.33000183105469,34.661197662353516,23404100
2022-04-21,35.54999923706055,35.650001525878906,32.279998779296875,32.90999984741211,32.28700256347656,19153700
2022-04-22,32.599998474121094,34.02000045776367,32.02000045776367,32.20000076293945,31.59044647216797,12918100
2022-04-25,30.979999542236328,31.309999465942383,29.459999084472656,30.739999771118164,30.1580810546875,16705400
2022-04-26,31.1200008392334,32.630001068115234,31.020000457763672,31.350000381469727,30.75653839111328,17393700
2022-04-27,31.459999084472656,31.950000762939453,30.8700008392334,31.280000686645508,30.6878604888916,9187900
2022-04-28,31.5,32.400001525878906,30.860000610351562,31.969999313354492,31.36479949951172,11759100
2022-04-29,32.02000045776367,32.220001220703125,30.81999969482422,31.020000457763672,30.432783126831055,13335200
2022-05-02,30.739999771118164,31.360000610351562,30.239999771118164,30.90999984741211,30.32486343383789,8737800
2022-05-03,30.729999542236328,31.700000762939453,30.600000381469727,31.5,30.90369415283203,9766500
2022-05-04,32.189998626708984,32.959999084472656,31.079999923706055,32.84000015258789,32.21833038330078,11857600
2022-05-05,32.91999816894531,33.11000061035156,31.219999313354492,32.02000045776367,31.41385269165039,9915500
2022-05-06,32.22999954223633,32.560001373291016,31.56999969482422,32.130001068115234,31.521772384643555,6917500
2022-05-09,31.649999618530273,31.649999618530273,29.969999313354492,30.049999237060547,29.48114585876465,13366300
2022-05-10,30.360000610351562,31.479999542236328,30.09000015258789,30.81999969482422,30.236568450927734,8439300
2022-05-11,31.520000457763672,32.779998779296875,31.25,32.4900016784668,31.874958038330078,13027700
2022-05-12,32.130001068115234,32.41999816894531,30.8799991607666,31.90999984741211,31.30593490600586,12987100
2022-05-13,32.439998626708984,34.20000076293945,32.36000061035156,34.11000061035156,33.46428680419922,9974900
2022-05-16,33.869998931884766,35.029998779296875,33.810001373291016,34.93000030517578,34.26876449584961,8788800
2022-05-17,35.56999969482422,35.75,34.900001525878906,35.15999984741211,34.49441146850586,9523700
2022-05-18,35.439998626708984,35.720001220703125,34.06999969482422,34.63999938964844,33.9842529296875,7188600
2022-05-19,33.900001525878906,35.56999969482422,33.779998779296875,34.970001220703125,34.30801010131836,7785600
2022-05-20,35.31999969482422,35.56999969482422,33.959999084472656,34.54999923706055,33.89596176147461,9027700
2022-05-23,35.0,36.0,34.7599983215332,35.709999084472656,35.034000396728516,9358500
2022-05-24,35.209999084472656,36.41999816894531,35.099998474121094,36.279998779296875,35.59321212768555,7961500
2022-05-25,36.36000061035156,36.56999969482422,35.349998474121094,35.720001220703125,35.0438117980957,9187800
2022-05-26,36.33000183105469,37.36000061035156,36.279998779296875,37.099998474121094,36.39768981933594,6687000
2022-05-27,36.529998779296875,37.45000076293945,36.529998779296875,37.18000030517578,36.65401077270508,7577800
2022-05-31,37.38999938964844,37.959999084472656,35.619998931884766,35.97999954223633,35.470985412597656,21917500
2022-06-01,36.529998779296875,37.79999923706055,36.529998779296875,37.40999984741211,36.88075637817383,8349800
2022-06-02,37.400001525878906,37.47999954223633,36.709999084472656,36.90999984741211,36.3878288269043,7678600
2022-06-03,36.66999816894531,37.9900016784668,36.54999923706055,37.81999969482422,37.284950256347656,5939500
2022-06-06,38.0,38.189998626708984,37.529998779296875,37.68000030517578,37.146934509277344,6681900
2022-06-07,37.439998626708984,37.93000030517578,37.25,37.65999984741211,37.12721633911133,6771800
2022-06-08,37.880001068115234,38.65999984741211,37.40999984741211,37.4900016784668,36.959625244140625,7251700
2022-06-09,37.04999923706055,37.2599983215332,36.029998779296875,36.08000183105469,35.56957244873047,8662800
2022-06-10,35.5,36.15999984741211,34.790000915527344,35.22999954223633,34.73159408569336,9472000
2022-06-13,34.31999969482422,34.38999938964844,32.849998474121094,33.29999923706055,32.82889938354492,13025700
2022-06-14,34.2400016784668,34.5,32.52000045776367,32.93000030517578,32.464134216308594,9909100
2022-06-15,33.189998626708984,33.189998626708984,31.299999237060547,31.739999771118164,31.290969848632812,13069200
2022-06-16,30.81999969482422,31.3700008392334,29.829999923706055,29.889999389648438,29.467140197753906,14673200
2022-06-17,29.93000030517578,30.200000762939453,28.850000381469727,29.969999313354492,29.546009063720703,28201900
2022-06-21,30.520000457763672,31.219999313354492,30.209999084472656,30.479999542236328,30.04879379272461,10414000
2022-06-22,28.93000030517578,29.90999984741211,28.729999542236328,29.520000457763672,29.102375030517578,11023900
2022-06-23,29.579999923706055,29.799999237060547,28.079999923706055,28.65999984741211,28.25454330444336,11185300
2022-06-24,28.760000228881836,29.280000686645508,28.3799991607666,28.469999313354492,28.067230224609375,18456700
2022-06-27,29.18000030517578,29.649999618530273,28.799999237060547,29.440000534057617,29.023508071899414,6675400
2022-06-28,30.0,30.459999084472656,29.579999923706055,30.06999969482422,29.644594192504883,6503700
2022-06-29,30.229999542236328,30.530000686645508,29.25,29.6299991607666,29.210819244384766,8727700
2022-06-30,29.18000030517578,30.280000686645508,28.68000030517578,28.8700008392334,28.461572647094727,8592500
2022-07-01,29.110000610351562,29.420000076293945,28.020000457763672,29.09000015258789,28.67845916748047,5441400
2022-07-05,28.09000015258789,28.790000915527344,27.34000015258789,28.200000762939453,27.801050186157227,10379000
2022-07-06,27.799999237060547,28.719999313354492,26.84000015258789,27.5,27.11095428466797,8647100
2022-07-07,28.420000076293945,29.139999389648438,28.299999237060547,28.469999313354492,28.067230224609375,6656400
2022-07-08,28.899999618530273,28.989999771118164,28.1200008392334,28.469999313354492,28.067230224609375,5640500
2022-07-11,27.889999389648438,28.450000762939453,27.809999465942383,28.200000762939453,27.801050186157227,5347700
2022-07-12,27.360000610351562,27.670000076293945,26.950000762939453,27.489999771118164,27.10109519958496,7188400
2022-07-13,27.040000915527344,27.540000915527344,26.6299991607666,26.760000228881836,26.38142204284668,8540600
2022-07-14,25.739999771118164,26.420000076293945,25.600000381469727,26.34000015258789,25.967363357543945,6392000
2022-07-15,26.639999389648438,26.8799991607666,26.020000457763672,26.68000030517578,26.302555084228516,7010400
2022-07-18,27.489999771118164,27.59000015258789,27.030000686645508,27.15999984741211,26.7757625579834,6237500
2022-07-19,27.209999084472656,28.309999465942383,26.8700008392334,28.219999313354492,27.820764541625977,8769100
2022-07-20,25.420000076293945,26.329999923706055,24.3700008392334,25.889999389648438,25.52372932434082,29797900
2022-07-21,25.18000030517578,25.229999542236328,23.93000030517578,24.920000076293945,24.56745147705078,17634100
2022-07-22,25.049999237060547,25.510000228881836,23.899999618530273,24.079999923706055,23.739336013793945,10269700
2022-07-25,24.420000076293945,24.520000457763672,23.90999984741211,24.399999618530273,24.0548095703125,8569600
2022-07-26,24.799999237060547,24.90999984741211,24.1299991607666,24.299999237060547,23.956222534179688,12965200
2022-07-27,24.479999542236328,25.139999389648438,23.90999984741211,25.059999465942383,24.70547103881836,11933400
2022-07-28,25.25,25.479999542236328,24.25,24.979999542236328,24.626604080200195,6618100
2022-07-29,25.399999618530273,25.739999771118164,24.860000610351562,25.690000534057617,25.32655906677246,12847400
2022-08-01,25.510000228881836,25.510000228881836,24.610000610351562,24.65999984741211,24.31113052368164,10625100
2022-08-02,24.709999084472656,25.639999389648438,24.700000762939453,25.420000076293945,25.060379028320312,6529400
2022-08-03,25.780000686645508,26.170000076293945,25.100000381469727,25.229999542236328,24.873065948486328,8617400
2022-08-04,25.18000030517578,25.299999237060547,23.65999984741211,23.709999084472656,23.374568939208984,13526200
2022-08-05,23.540000915527344,24.31999969482422,23.469999313354492,24.059999465942383,23.71961784362793,6764800
2022-08-08,23.93000030517578,24.3799991607666,23.770000457763672,24.270000457763672,24.10700035095215,7643900
2022-08-09,24.610000610351562,24.75,23.719999313354492,23.850000381469727,23.689821243286133,7346100
2022-08-10,23.969999313354492,24.510000228881836,23.610000610351562,24.350000381469727,24.18646240234375,7516800
2022-08-11,24.670000076293945,25.579999923706055,24.670000076293945,25.280000686645508,25.11021614074707,7721500
2022-08-12,25.1299991607666,26.049999237060547,24.969999313354492,26.010000228881836,25.83531379699707,6855600
2022-08-15,24.790000915527344,25.31999969482422,24.719999313354492,25.299999237060547,25.130081176757812,5749400
2022-08-16,25.510000228881836,25.850000381469727,24.729999542236328,25.059999465942383,24.891693115234375,10857200
2022-08-17,24.829999923706055,25.190000534057617,24.489999771118164,24.75,24.583776473999023,11387600
2022-08-18,25.260000228881836,25.600000381469727,24.899999618530273,24.989999771118164,24.82216453552246,10401100
2022-08-19,24.93000030517578,25.31999969482422,24.639999389648438,25.15999984741211,24.99102210998535,8615700
2022-08-22,25.0,25.59000015258789,24.6200008392334,25.270000457763672,25.100284576416016,8429900
2022-08-23,25.68000030517578,26.690000534057617,25.670000076293945,26.100000381469727,25.92470932006836,8780400
2022-08-24,25.93000030517578,26.610000610351562,25.90999984741211,26.469999313354492,26.29222297668457,6576900
2022-08-25,26.600000381469727,26.850000381469727,26.219999313354492,26.649999618530273,26.47101402282715,6798700
2022-08-26,26.770000457763672,26.959999084472656,25.790000915527344,26.1299991607666,25.954505920410156,7216800
2022-08-29,26.049999237060547,26.450000762939453,25.850000381469727,26.229999542236328,26.053834915161133,9403100
2022-08-30,25.690000534057617,25.719999313354492,24.799999237060547,25.049999237060547,24.881759643554688,7639300
2022-08-31,24.5,25.5,24.31999969482422,25.260000228881836,25.090351104736328,13351700
2022-09-01,24.889999389648438,25.040000915527344,24.350000381469727,24.600000381469727,24.434783935546875,8670400
2022-09-02,25.299999237060547,25.68000030517578,24.93000030517578,25.280000686645508,25.11021614074707,6103100
2022-09-06,25.299999237060547,25.559999465942383,24.719999313354492,24.889999389648438,24.722835540771484,11101600
2022-09-07,24.31999969482422,24.40999984741211,23.8700008392334,24.350000381469727,24.18646240234375,12209000
2022-09-08,24.399999618530273,24.469999313354492,23.790000915527344,23.889999389648438,23.729551315307617,11737200
2022-09-09,24.479999542236328,25.3700008392334,24.3700008392334,25.25,25.08041763305664,8810900
2022-09-12,25.729999542236328,25.799999237060547,25.280000686645508,25.459999084472656,25.28900718688965,9306300
2022-09-13,25.209999084472656,26.09000015258789,24.399999618530273,24.540000915527344,24.375186920166016,10450600
2022-09-14,24.889999389648438,25.770000457763672,24.719999313354492,25.389999389648438,25.2194766998291,8974700
2022-09-15,24.829999923706055,25.030000686645508,24.219999313354492,24.329999923706055,24.166597366333008,10941400
2022-09-16,23.8700008392334,24.06999969482422,23.459999084472656,23.799999237060547,23.640155792236328,35834500
2022-09-19,23.25,24.239999771118164,23.030000686645508,24.18000030517578,24.01760482788086,12383700
2022-09-20,24.1200008392334,24.1200008392334,22.729999542236328,23.0,22.845529556274414,9078600
2022-09-21,23.450000762939453,23.600000381469727,22.8700008392334,23.020000457763672,22.865394592285156,8826100
2022-09-22,23.450000762939453,23.770000457763672,22.950000762939453,22.969999313354492,22.81572914123535,7187100
2022-09-23,21.93000030517578,22.079999923706055,21.270000457763672,21.729999542236328,21.58405876159668,13033000
2022-09-26,21.3799991607666,21.530000686645508,20.420000076293945,20.450000762939453,20.31265640258789,14415800
2022-09-27,20.790000915527344,21.43000030517578,20.670000076293945,20.760000228881836,20.620573043823242,9083400
2022-09-28,21.030000686645508,21.3700008392334,20.739999771118164,21.280000686645508,21.137081146240234,8066300
2022-09-29,21.020000457763672,21.200000762939453,20.600000381469727,21.1200008392334,20.97815704345703,7510200
2022-09-30,20.989999771118164,21.239999771118164,20.850000381469727,20.959999084472656,20.819229125976562,8438500
2022-10-03,21.850000381469727,22.43000030517578,21.81999969482422,22.280000686645508,22.1303653717041,8641200
2022-10-04,22.649999618530273,23.270000457763672,22.520000457763672,23.190000534057617,23.03425407409668,9193000
2022-10-05,22.90999984741211,23.8700008392334,22.90999984741211,23.709999084472656,23.55076026916504,6891000
2022-10-06,23.450000762939453,23.920000076293945,23.350000381469727,23.739999771118164,23.58055877685547,6639300
2022-10-07,23.760000228881836,23.760000228881836,22.770000457763672,22.8799991607666,22.726333618164062,7364700
2022-10-10,22.899999618530273,23.309999465942383,22.200000762939453,22.3700008392334,22.21976089477539,6546400
2022-10-11,22.1200008392334,22.65999984741211,21.8799991607666,22.25,22.100566864013672,7512900
2022-10-12,22.010000228881836,22.829999923706055,21.940000534057617,22.639999389648438,22.487945556640625,6162700
2022-10-13,22.18000030517578,23.979999542236328,22.18000030517578,23.8799991607666,23.71961784362793,7748100
2022-10-14,23.600000381469727,23.81999969482422,22.850000381469727,22.90999984741211,22.756134033203125,7281700
2022-10-17,23.549999237060547,23.989999771118164,23.3700008392334,23.93000030517578,23.769283294677734,8602900
2022-10-18,23.889999389648438,24.530000686645508,23.6200008392334,24.18000030517578,24.01760482788086,11519200
2022-10-19,26.559999465942383,26.559999465942383,25.1200008392334,25.649999618530273,25.477731704711914,17385500
2022-10-20,26.200000762939453,26.350000381469727,25.670000076293945,25.950000762939453,25.77571678161621,11755900
2022-10-21,25.959999084472656,26.829999923706055,25.729999542236328,26.670000076293945,26.490880966186523,11806700
2022-10-24,26.6200008392334,26.649999618530273,25.969999313354492,26.1299991607666,25.954505920410156,8048100
2022-10-25,25.8799991607666,26.200000762939453,25.739999771118164,26.100000381469727,25.92470932006836,9144600
2022-10-26,26.270000457763672,27.0,26.229999542236328,26.43000030517578,26.252492904663086,8108300
2022-10-27,26.889999389648438,27.719999313354492,26.780000686645508,27.030000686645508,26.84846305847168,9359800
2022-10-28,27.350000381469727,27.639999389648438,26.579999923706055,27.239999771118164,27.057052612304688,6770300
2022-10-31,26.959999084472656,27.709999084472656,26.799999237060547,27.65999984741211,27.474231719970703,8713700
2022-11-01,28.209999084472656,28.690000534057617,27.8799991607666,28.5,28.308589935302734,11389800
2022-11-02,28.579999923706055,28.8700008392334,27.43000030517578,27.59000015258789,27.404701232910156,10568600
2022-11-03,27.309999465942383,28.450000762939453,27.299999237060547,28.290000915527344,28.10000228881836,7866900
2022-11-04,28.690000534057617,29.459999084472656,28.6299991607666,29.110000610351562,29.110000610351562,7314500
2022-11-07,29.31999969482422,30.729999542236328,29.31999969482422,30.6200008392334,30.6200008392334,8421400
2022-11-08,30.6299991607666,31.15999984741211,30.239999771118164,30.940000534057617,30.940000534057617,8229200
2022-11-09,30.579999923706055,30.579999923706055,29.399999618530273,29.510000228881836,29.510000228881836,5342700
2022-11-10,30.09000015258789,30.610000610351562,29.639999389648438,30.579999923706055,30.579999923706055,6427100
2022-11-11,31.329999923706055,31.8799991607666,30.84000015258789,31.020000457763672,31.020000457763672,7138900
2022-11-14,30.770000457763672,30.959999084472656,30.219999313354492,30.25,30.25,6410000
2022-11-15,30.329999923706055,31.040000915527344,30.229999542236328,30.889999389648438,30.889999389648438,6400500
2022-11-16,30.81999969482422,31.1200008392334,30.170000076293945,30.229999542236328,30.229999542236328,5805600
2022-11-17,29.610000610351562,29.860000610351562,29.18000030517578,29.829999923706055,29.829999923706055,4121500
2022-11-18,29.270000457763672,29.469999313354492,28.790000915527344,29.1299991607666,29.1299991607666,10765700
2022-11-21,28.530000686645508,28.75,27.579999923706055,28.719999313354492,28.719999313354492,6854000
2022-11-22,29.260000228881836,29.68000030517578,28.90999984741211,29.489999771118164,29.489999771118164,5933300
2022-11-23,28.780000686645508,29.3799991607666,28.43000030517578,28.829999923706055,28.829999923706055,6649000
2022-11-25,28.700000762939453,29.030000686645508,28.459999084472656,28.5,28.5,2689300
2022-11-28,27.93000030517578,28.450000762939453,27.6200008392334,28.190000534057617,28.190000534057617,8331400
2022-11-29,28.700000762939453,28.809999465942383,28.420000076293945,28.649999618530273,28.649999618530273,4771800
2022-11-30,29.020000457763672,29.190000534057617,28.489999771118164,29.020000457763672,29.020000457763672,17524800
2022-12-01,29.420000076293945,29.959999084472656,29.06999969482422,29.260000228881836,29.260000228881836,5730800
2022-12-02,28.860000610351562,29.639999389648438,28.809999465942383,29.510000228881836,29.510000228881836,6461600
2022-12-05,29.690000534057617,29.850000381469727,28.59000015258789,28.719999313354492,28.719999313354492,7352600
2022-12-06,28.469999313354492,28.950000762939453,28.18000030517578,28.3799991607666,28.3799991607666,6495600
2022-12-07,28.299999237060547,28.600000381469727,27.709999084472656,27.8799991607666,27.8799991607666,8315700
2022-12-08,28.6299991607666,28.700000762939453,27.8799991607666,28.079999923706055,28.079999923706055,6371400
2022-12-09,28.020000457763672,28.3700008392334,27.06999969482422,27.110000610351562,27.110000610351562,8401700
2022-12-12,27.420000076293945,28.190000534057617,27.3700008392334,28.149999618530273,28.149999618530273,7562700
2022-12-13,28.790000915527344,29.479999542236328,28.729999542236328,29.260000228881836,29.260000228881836,8617500
2022-12-14,29.59000015258789,29.770000457763672,28.8799991607666,28.979999542236328,28.979999542236328,7634400
2022-12-15,28.84000015258789,29.200000762939453,28.579999923706055,29.040000915527344,29.040000915527344,6016000
2022-12-16,28.540000915527344,28.690000534057617,27.989999771118164,28.3700008392334,28.3700008392334,53992500
2022-12-19,28.700000762939453,28.940000534057617,27.969999313354492,28.260000228881836,28.260000228881836,6470200
2022-12-20,28.399999618530273,29.190000534057617,28.209999084472656,28.920000076293945,28.920000076293945,7202600
2022-12-21,29.450000762939453,29.6200008392334,28.600000381469727,29.350000381469727,29.350000381469727,5871400
2022-12-22,29.389999389648438,29.43000030517578,27.6299991607666,28.360000610351562,28.360000610351562,6317500
2022-12-23,28.8799991607666,29.139999389648438,28.389999389648438,29.100000381469727,29.100000381469727,5648400
2022-12-27,29.399999618530273,29.610000610351562,29.040000915527344,29.3700008392334,29.3700008392334,3801000
2022-12-28,29.209999084472656,29.290000915527344,28.34000015258789,28.549999237060547,28.549999237060547,4472300
2022-12-29,28.520000457763672,29.440000534057617,28.479999542236328,29.18000030517578,29.18000030517578,3719500
2022-12-30,28.899999618530273,29.559999465942383,28.84000015258789,29.530000686645508,29.530000686645508,3803700
2023-01-03,29.34000015258789,30.040000915527344,28.549999237060547,28.75,28.75,6551000
2023-01-04,28.3799991607666,28.3799991607666,27.3799991607666,27.889999389648438,27.889999389648438,10198800
2023-01-05,27.850000381469727,28.8700008392334,27.760000228881836,28.799999237060547,28.799999237060547,5748300
2023-01-06,29.3700008392334,30.3799991607666,29.15999984741211,29.959999084472656,29.959999084472656,6927200
2023-01-09,30.559999465942383,31.100000381469727,30.309999465942383,30.540000915527344,30.540000915527344,5574100
2023-01-10,30.440000534057617,30.93000030517578,30.049999237060547,30.8700008392334,30.8700008392334,6086300
2023-01-11,30.979999542236328,31.149999618530273,30.549999237060547,30.829999923706055,30.829999923706055,5251700
2023-01-12,30.81999969482422,31.889999389648438,30.68000030517578,31.5,31.5,5542700
2023-01-13,31.420000076293945,31.68000030517578,30.84000015258789,31.6299991607666,31.6299991607666,4520900
