Date,Open,High,Low,Close,Adj Close,Volume
2022-01-18,157.97000122070312,160.02000427246094,156.4199981689453,159.9199981689453,156.9886474609375,697600
2022-01-19,160.75999450683594,163.72000122070312,159.58999633789062,160.47999572753906,157.53839111328125,586700
2022-01-20,160.0,162.1199951171875,158.6999969482422,159.7899932861328,156.86102294921875,1030100
2022-01-21,160.35000610351562,161.83999633789062,156.5,156.60000610351562,153.72950744628906,755500
2022-01-24,154.30999755859375,158.19000244140625,151.77999877929688,157.9199981689453,155.0253143310547,776000
2022-01-25,155.05999755859375,157.32000732421875,151.9600067138672,152.00999450683594,149.22364807128906,863900
2022-01-26,153.47000122070312,154.7100067138672,148.24000549316406,148.97000122070312,146.23936462402344,808700
2022-01-27,150.60000610351562,152.66000366210938,149.14999389648438,150.14999389648438,147.39773559570312,837600
2022-01-28,150.44000244140625,154.25,148.94000244140625,154.14999389648438,151.3244171142578,828500
2022-01-31,153.86000061035156,159.3800048828125,153.86000061035156,159.22000122070312,156.30148315429688,942800
2022-02-01,157.7899932861328,158.07000732421875,149.6300048828125,153.3300018310547,150.51943969726562,1124500
2022-02-02,153.8699951171875,154.8800048828125,151.75999450683594,154.3000030517578,151.47166442871094,1044700
2022-02-03,152.5800018310547,154.5,148.14999389648438,148.38999938964844,145.66998291015625,626800
2022-02-04,147.88999938964844,151.27999877929688,147.11000061035156,149.8800048828125,147.1326904296875,620900
2022-02-07,149.60000610351562,149.6300048828125,147.64999389648438,147.8699951171875,145.15953063964844,534100
2022-02-08,147.5,149.69000244140625,146.6999969482422,148.8000030517578,146.07249450683594,615900
2022-02-09,150.8300018310547,151.75999450683594,150.0800018310547,150.86000061035156,148.09474182128906,403700
2022-02-10,147.94000244140625,150.02000427246094,145.72999572753906,146.4499969482422,143.76556396484375,558300
2022-02-11,147.10000610351562,148.22999572753906,143.82000732421875,144.6199951171875,141.96908569335938,924100
2022-02-14,143.77000427246094,146.77999877929688,143.00999450683594,144.83999633789062,142.18505859375,756200
2022-02-15,147.00999450683594,148.3000030517578,145.6199951171875,147.6300048828125,144.9239501953125,1008700
2022-02-16,146.80999755859375,148.13999938964844,143.92999267578125,145.97000122070312,143.29434204101562,655300
2022-02-17,144.94000244140625,145.02000427246094,141.89999389648438,142.3800048828125,139.77017211914062,498000
2022-02-18,142.4600067138672,143.25999450683594,140.85000610351562,142.3800048828125,139.77017211914062,1409900
2022-02-22,141.77999877929688,143.58999633789062,140.17999267578125,142.8800048828125,140.26100158691406,705500
2022-02-23,143.7100067138672,144.69000244140625,140.75999450683594,140.88999938964844,138.30747985839844,683600
2022-02-24,138.32000732421875,145.55999755859375,137.5800018310547,145.2899932861328,142.62681579589844,820100
2022-02-25,145.50999450683594,148.32000732421875,144.6699981689453,148.25,145.53257751464844,693500
2022-02-28,146.47999572753906,147.52000427246094,144.60000610351562,146.2100067138672,143.52996826171875,760300
2022-03-01,145.83999633789062,147.0500030517578,144.99000549316406,146.3000030517578,143.61831665039062,579900
2022-03-02,147.19000244140625,148.66000366210938,146.57000732421875,148.17999267578125,145.46385192871094,471600
2022-03-03,149.6300048828125,149.85000610351562,145.6999969482422,146.3000030517578,143.61831665039062,657100
2022-03-04,145.42999267578125,147.6300048828125,144.00999450683594,147.44000244140625,144.7374267578125,473700
2022-03-07,147.6199951171875,148.2899932861328,146.19000244140625,147.27999877929688,144.58035278320312,771000
2022-03-08,147.3300018310547,149.49000549316406,144.0800018310547,145.0800018310547,142.42066955566406,768500
2022-03-09,147.69000244140625,148.22000122070312,145.13999938964844,147.07000732421875,144.37420654296875,589300
2022-03-10,145.08999633789062,145.92999267578125,143.63999938964844,145.66000366210938,142.9900360107422,401400
2022-03-11,147.16000366210938,147.72999572753906,144.47999572753906,144.60000610351562,141.94947814941406,394100
2022-03-14,144.3699951171875,145.6199951171875,141.61000061035156,143.30999755859375,141.30856323242188,448000
2022-03-15,144.4199981689453,146.3000030517578,143.80999755859375,146.27999877929688,144.237060546875,392400
2022-03-16,147.52999877929688,150.9499969482422,147.52999877929688,150.8800048828125,148.7728271484375,563100
2022-03-17,150.67999267578125,152.3000030517578,150.10000610351562,152.2899932861328,150.1631317138672,474800
2022-03-18,152.1699981689453,153.89999389648438,151.36000061035156,153.58999633789062,151.44497680664062,864400
2022-03-21,152.50999450683594,152.8300018310547,150.08999633789062,151.9600067138672,149.83775329589844,644800
2022-03-22,151.8000030517578,153.19000244140625,151.0800018310547,152.72000122070312,150.58712768554688,445900
2022-03-23,151.97000122070312,151.97000122070312,150.2100067138672,150.55999755859375,148.45729064941406,362300
2022-03-24,150.8800048828125,152.1999969482422,150.42999267578125,151.9199981689453,149.79830932617188,304800
2022-03-25,152.6199951171875,152.92999267578125,151.6300048828125,152.77000427246094,150.63644409179688,245800
2022-03-28,152.25,154.42999267578125,152.25,154.4199981689453,152.2633819580078,270600
2022-03-29,156.44000244140625,157.86000061035156,155.72000122070312,157.47999572753906,155.28065490722656,349300
2022-03-30,156.50999450683594,157.22999572753906,155.13999938964844,155.83999633789062,153.66355895996094,440900
2022-03-31,155.6999969482422,159.0,155.2100067138672,155.7100067138672,153.53536987304688,672900
2022-04-01,155.72000122070312,156.4199981689453,154.77000427246094,156.30999755859375,154.12698364257812,330400
2022-04-04,156.1300048828125,156.8800048828125,154.8300018310547,156.61000061035156,154.4228057861328,351200
2022-04-05,155.94000244140625,159.99000549316406,155.69000244140625,159.50999450683594,157.2823028564453,595700
2022-04-06,157.86000061035156,159.8800048828125,156.75,159.60000610351562,157.3710479736328,572100
2022-04-07,159.52999877929688,159.82000732421875,157.25999450683594,158.86000061035156,156.64137268066406,434800
2022-04-08,158.4499969482422,161.5,157.60000610351562,160.83999633789062,158.5937042236328,481700
2022-04-11,160.52999877929688,160.6199951171875,154.6199951171875,154.8300018310547,152.66766357421875,454200
2022-04-12,155.7100067138672,156.8699951171875,153.55999755859375,154.07000732421875,151.91827392578125,494500
2022-04-13,153.6300048828125,155.74000549316406,152.6199951171875,155.47999572753906,153.30857849121094,283700
2022-04-14,155.97999572753906,156.3699951171875,153.4499969482422,153.52000427246094,151.37594604492188,327400
2022-04-18,153.17999267578125,153.63999938964844,150.3300018310547,151.6199951171875,149.5024871826172,428800
2022-04-19,151.9600067138672,155.02999877929688,151.0500030517578,154.63999938964844,152.48031616210938,372900
2022-04-20,155.61000061035156,156.64999389648438,154.97999572753906,155.4600067138672,153.28887939453125,386700
2022-04-21,156.72000122070312,157.0399932861328,153.89999389648438,154.47000122070312,152.31268310546875,286200
2022-04-22,153.74000549316406,154.97000122070312,148.22999572753906,148.3000030517578,146.22886657714844,462700
2022-04-25,148.0,151.1199951171875,146.41000366210938,151.0399932861328,148.9305877685547,413100
2022-04-26,149.83999633789062,150.41000366210938,146.35000610351562,146.44000244140625,144.39483642578125,372400
2022-04-27,146.85000610351562,150.0500030517578,146.6300048828125,146.82000732421875,144.76953125,451500
2022-04-28,148.82000732421875,150.64999389648438,147.60000610351562,150.22000122070312,148.12203979492188,324100
2022-04-29,148.3300018310547,149.19000244140625,143.75999450683594,144.1300048828125,142.1171112060547,478900
2022-05-02,144.47000122070312,145.5800018310547,140.22000122070312,143.25999450683594,141.25924682617188,537100
2022-05-03,143.6699981689453,147.30999755859375,143.27999877929688,146.44000244140625,144.39483642578125,611700
2022-05-04,145.02999877929688,149.9499969482422,142.47999572753906,149.35000610351562,147.2642059326172,580200
2022-05-05,148.11000061035156,149.22000122070312,141.6699981689453,143.07000732421875,141.07191467285156,538600
2022-05-06,142.38999938964844,143.3000030517578,139.25999450683594,141.83999633789062,139.85906982421875,487500
2022-05-09,137.22999572753906,139.99000549316406,136.49000549316406,137.7100067138672,135.78675842285156,517100
2022-05-10,138.8699951171875,139.27000427246094,134.82000732421875,136.77000427246094,134.85989379882812,620600
2022-05-11,136.1199951171875,138.80999755859375,134.6300048828125,134.92999267578125,133.0455780029297,635400
2022-05-12,134.14999389648438,136.47999572753906,132.67999267578125,136.41000366210938,134.50491333007812,493600
2022-05-13,137.4199981689453,140.35000610351562,137.3800048828125,139.33999633789062,137.3939971923828,530500
2022-05-16,138.3800048828125,139.85000610351562,136.0800018310547,138.9600067138672,137.01930236816406,552300
2022-05-17,141.10000610351562,141.10000610351562,138.58999633789062,140.47999572753906,138.51806640625,465100
2022-05-18,138.83999633789062,138.97000122070312,135.5399932861328,136.60000610351562,134.6922607421875,398300
2022-05-19,135.52999877929688,139.64999389648438,135.38999938964844,138.02000427246094,136.09243774414062,439600
2022-05-20,139.0500030517578,139.5399932861328,136.1199951171875,138.97999572753906,137.0390167236328,383100
2022-05-23,140.25,141.05999755859375,138.44000244140625,140.38999938964844,138.42933654785156,323500
2022-05-24,139.4600067138672,140.25,137.3699951171875,139.69000244140625,137.73910522460938,307700
2022-05-25,139.30999755859375,141.3300018310547,138.3000030517578,140.52000427246094,138.55751037597656,311100
2022-05-26,141.66000366210938,145.14999389648438,141.0,144.44000244140625,142.4227752685547,437500
2022-05-27,145.52000427246094,147.25,145.52000427246094,146.8000030517578,144.74981689453125,346900
2022-05-31,145.82000732421875,147.7899932861328,144.89999389648438,146.22000122070312,144.17791748046875,576600
2022-06-01,146.52000427246094,147.05999755859375,143.74000549316406,144.72999572753906,142.70870971679688,452800
2022-06-02,145.16000366210938,147.64999389648438,143.89999389648438,147.6300048828125,145.56822204589844,302700
2022-06-03,146.22000122070312,147.11000061035156,145.1699981689453,146.2899932861328,144.24691772460938,255700
2022-06-06,147.1199951171875,147.75999450683594,145.00999450683594,145.36000061035156,143.3299102783203,228400
2022-06-07,144.0,147.9499969482422,144.0,147.72999572753906,145.66680908203125,301800
2022-06-08,146.99000549316406,147.22999572753906,145.1999969482422,145.49000549316406,143.45811462402344,224100
2022-06-09,144.89999389648438,145.60000610351562,142.4199981689453,142.49000549316406,140.50001525878906,287400
2022-06-10,140.50999450683594,142.05999755859375,139.22999572753906,140.08999633789062,138.13351440429688,480700
2022-06-13,137.02999877929688,137.83999633789062,134.24000549316406,135.14999389648438,133.2624969482422,458200
2022-06-14,134.89999389648438,136.35000610351562,133.1699981689453,134.4199981689453,133.17333984375,367100
2022-06-15,135.32000732421875,139.47999572753906,134.99000549316406,137.9499969482422,136.6706085205078,675100
2022-06-16,135.00999450683594,135.7899932861328,133.72000122070312,134.16000366210938,132.91575622558594,655300
2022-06-17,134.0500030517578,135.80999755859375,132.77999877929688,133.41000366210938,132.17271423339844,1106400
2022-06-21,134.2100067138672,135.72999572753906,133.9199981689453,134.72000122070312,133.47056579589844,589100
2022-06-22,132.39999389648438,136.3699951171875,132.39999389648438,135.63999938964844,134.38201904296875,444500
2022-06-23,136.3699951171875,139.11000061035156,135.58999633789062,138.7100067138672,137.42356872558594,336000
2022-06-24,140.0,145.74000549316406,139.47000122070312,145.58999633789062,144.23974609375,557600
2022-06-27,145.5,147.55999755859375,144.85000610351562,146.88999938964844,145.52769470214844,402900
2022-06-28,146.92999267578125,148.07000732421875,141.07000732421875,141.16000366210938,139.850830078125,507100
2022-06-29,141.49000549316406,144.77999877929688,140.17999267578125,143.88999938964844,142.55551147460938,686000
2022-06-30,141.49000549316406,144.11000061035156,141.14999389648438,142.5500030517578,141.22793579101562,543900
2022-07-01,142.94000244140625,147.0800018310547,142.61000061035156,146.4199981689453,145.0620574951172,358500
2022-07-05,145.22000122070312,146.27000427246094,142.75,146.14999389648438,144.79454040527344,357200
2022-07-06,146.92999267578125,149.97999572753906,146.3699951171875,148.75999450683594,147.38034057617188,486400
2022-07-07,148.39999389648438,149.52999877929688,147.8699951171875,149.3800048828125,147.99459838867188,376500
2022-07-08,148.6999969482422,149.85000610351562,147.6199951171875,149.3000030517578,147.91534423828125,421400
2022-07-11,148.08999633789062,148.75,147.41000366210938,147.69000244140625,146.3202667236328,296700
2022-07-12,147.6999969482422,149.5399932861328,145.41000366210938,146.08999633789062,144.735107421875,311600
2022-07-13,143.86000061035156,146.44000244140625,143.74000549316406,145.9199981689453,144.5666961669922,385900
2022-07-14,143.9199981689453,147.13999938964844,143.3000030517578,146.7899932861328,145.42861938476562,433900
2022-07-15,149.24000549316406,149.8800048828125,147.6699981689453,149.32000732421875,147.93516540527344,465800
2022-07-18,150.0,150.0,146.38999938964844,147.07000732421875,145.70602416992188,463300
2022-07-19,148.69000244140625,152.3800048828125,148.69000244140625,152.33999633789062,150.92715454101562,563700
2022-07-20,152.52999877929688,154.64999389648438,152.0399932861328,152.50999450683594,151.09556579589844,436200
2022-07-21,152.50999450683594,155.97000122070312,152.3000030517578,155.89999389648438,154.45413208007812,312400
2022-07-22,156.91000366210938,157.82000732421875,155.3000030517578,156.19000244140625,154.74143981933594,245900
2022-07-25,156.63999938964844,156.63999938964844,154.08999633789062,154.9499969482422,153.512939453125,375500
2022-07-26,154.49000549316406,155.22000122070312,152.13999938964844,154.94000244140625,153.50303649902344,476900
2022-07-27,155.50999450683594,159.10000610351562,155.50999450683594,158.1999969482422,156.7327880859375,471600
2022-07-28,158.57000732421875,161.24000549316406,157.4199981689453,160.83999633789062,159.3483123779297,419700
2022-07-29,160.9499969482422,162.1699981689453,159.8300018310547,160.5500030517578,159.06100463867188,803700
2022-08-01,158.97999572753906,161.9199981689453,158.5500030517578,161.33999633789062,159.8436737060547,329700
2022-08-02,160.6300048828125,163.47000122070312,159.75,163.27999877929688,161.76568603515625,518200
2022-08-03,163.8800048828125,166.02000427246094,163.38999938964844,165.1999969482422,163.66787719726562,380500
2022-08-04,165.0399932861328,167.64999389648438,164.39999389648438,167.1199951171875,165.570068359375,303400
2022-08-05,165.1999969482422,167.8699951171875,164.4199981689453,167.85000610351562,166.29330444335938,263600
2022-08-08,168.8699951171875,169.36000061035156,167.05999755859375,167.57000732421875,166.01589965820312,259600
2022-08-09,167.6699981689453,169.50999450683594,166.7899932861328,169.0,167.43263244628906,317000
2022-08-10,172.0399932861328,172.08999633789062,169.69000244140625,170.52000427246094,168.9385528564453,400200
2022-08-11,171.22000122070312,171.3800048828125,169.33999633789062,169.72999572753906,168.15585327148438,484000
2022-08-12,171.07000732421875,183.3300018310547,171.07000732421875,183.22000122070312,181.52076721191406,977300
2022-08-15,181.6699981689453,183.1199951171875,177.52999877929688,178.13999938964844,176.4878692626953,1063700
2022-08-16,177.16000366210938,179.74000549316406,176.08999633789062,177.32000732421875,175.67547607421875,929500
2022-08-17,175.4199981689453,178.57000732421875,175.14999389648438,177.6300048828125,175.98260498046875,592200
2022-08-18,177.97999572753906,178.17999267578125,175.38999938964844,177.14999389648438,175.50704956054688,409100
2022-08-19,176.36000061035156,176.6699981689453,174.63999938964844,176.02999877929688,174.39744567871094,389600
2022-08-22,174.10000610351562,175.33999633789062,173.77000427246094,174.64999389648438,173.0302276611328,334900
2022-08-23,173.55999755859375,174.9499969482422,173.33999633789062,173.66000366210938,172.04942321777344,342500
2022-08-24,174.1999969482422,175.0800018310547,173.13999938964844,174.49000549316406,172.87173461914062,477400
2022-08-25,175.13999938964844,176.6199951171875,174.1699981689453,176.47999572753906,174.84326171875,397300
2022-08-26,176.33999633789062,176.8800048828125,173.6300048828125,173.99000549316406,172.37635803222656,954300
2022-08-29,172.4499969482422,174.92999267578125,171.25,173.83999633789062,172.2277374267578,493900
2022-08-30,174.22000122070312,175.27999877929688,171.11000061035156,172.58999633789062,170.9893341064453,485100
2022-08-31,173.2899932861328,174.0500030517578,170.02000427246094,171.1699981689453,169.58250427246094,667500
2022-09-01,171.05999755859375,171.7899932861328,169.25999450683594,171.7100067138672,170.1175079345703,450000
2022-09-02,172.08999633789062,172.08999633789062,165.88999938964844,166.47999572753906,164.93600463867188,525100
2022-09-06,166.5399932861328,169.5500030517578,166.1699981689453,167.8699951171875,166.3131103515625,439400
2022-09-07,168.4199981689453,170.1999969482422,167.9199981689453,169.55999755859375,167.98744201660156,527500
2022-09-08,168.55999755859375,171.11000061035156,168.55999755859375,170.94000244140625,169.35464477539062,339200
2022-09-09,171.8000030517578,172.9600067138672,170.60000610351562,172.41000366210938,170.81100463867188,423700
2022-09-12,172.89999389648438,173.58999633789062,171.7899932861328,173.0399932861328,171.43516540527344,403300
2022-09-13,169.75999450683594,170.5800018310547,167.77999877929688,168.5,166.93728637695312,337400
2022-09-14,168.11000061035156,168.92999267578125,165.75999450683594,166.75999450683594,165.92733764648438,349600
2022-09-15,166.1999969482422,167.97000122070312,162.9199981689453,163.61000061035156,162.79307556152344,418300
2022-09-16,163.6199951171875,165.55999755859375,161.63999938964844,163.6300048828125,162.81297302246094,863400
2022-09-19,162.82000732421875,165.1699981689453,162.8000030517578,165.07000732421875,164.24578857421875,248700
2022-09-20,164.25999450683594,164.25999450683594,160.67999267578125,162.11000061035156,161.30056762695312,367300
2022-09-21,163.2899932861328,164.49000549316406,159.86000061035156,159.9600067138672,159.1613006591797,374200
2022-09-22,159.47999572753906,160.0399932861328,157.10000610351562,157.1699981689453,156.38522338867188,442000
2022-09-23,155.7100067138672,155.7100067138672,152.30999755859375,154.44000244140625,153.6688690185547,587700
2022-09-26,154.0,154.99000549316406,152.4499969482422,153.2100067138672,152.44500732421875,561600
2022-09-27,154.83999633789062,154.86000061035156,148.91000366210938,149.35000610351562,148.60427856445312,797400
2022-09-28,146.99000549316406,149.8800048828125,144.97000122070312,148.88999938964844,148.14657592773438,1690700
2022-09-29,148.52000427246094,148.83999633789062,145.35000610351562,146.89999389648438,146.16650390625,814200
2022-09-30,147.4499969482422,148.0800018310547,144.2100067138672,144.32000732421875,143.59939575195312,781600
2022-10-03,145.92999267578125,149.69000244140625,145.30999755859375,148.91000366210938,148.16647338867188,848100
2022-10-04,150.3300018310547,152.8699951171875,150.10000610351562,152.4600067138672,151.69874572753906,604800
2022-10-05,149.64999389648438,151.94000244140625,149.00999450683594,150.57000732421875,149.8181915283203,472300
2022-10-06,150.5399932861328,150.97999572753906,145.02999877929688,145.44000244140625,144.71380615234375,548800
2022-10-07,144.0,144.14999389648438,141.13999938964844,142.8699951171875,142.15663146972656,622800
2022-10-10,143.69000244140625,144.49000549316406,141.47000122070312,143.52999877929688,142.81333923339844,605100
2022-10-11,143.4499969482422,144.3300018310547,141.55999755859375,142.39999389648438,141.68896484375,568000
2022-10-12,142.64999389648438,142.9199981689453,139.63999938964844,139.6699981689453,138.9726104736328,493400
2022-10-13,136.69000244140625,143.69000244140625,135.72000122070312,142.7100067138672,141.9974365234375,885200
2022-10-14,144.4199981689453,145.41000366210938,138.9499969482422,139.10000610351562,138.40545654296875,697800
2022-10-17,141.08999633789062,143.3300018310547,141.08999633789062,142.7899932861328,142.0770263671875,454600
2022-10-18,145.88999938964844,147.07000732421875,144.39999389648438,145.55999755859375,144.83319091796875,464800
2022-10-19,144.75,145.50999450683594,142.24000549316406,143.5,142.78347778320312,375600
2022-10-20,144.08999633789062,144.27999877929688,137.42999267578125,140.39999389648438,139.69895935058594,772400
2022-10-21,139.8699951171875,141.27000427246094,137.8699951171875,140.99000549316406,140.28602600097656,509700
2022-10-24,142.55999755859375,142.99000549316406,139.52999877929688,142.39999389648438,141.68896484375,624800
2022-10-25,142.50999450683594,144.64999389648438,141.7899932861328,144.38999938964844,143.66903686523438,446900
2022-10-26,144.5800018310547,146.41000366210938,142.86000061035156,144.3300018310547,143.60934448242188,520600
2022-10-27,144.99000549316406,146.4600067138672,144.08999633789062,145.0,144.2760009765625,502100
2022-10-28,145.0399932861328,149.0399932861328,145.0399932861328,148.89999389648438,148.15650939941406,476100
2022-10-31,148.14999389648438,150.7100067138672,147.55999755859375,150.05999755859375,149.31072998046875,654900
2022-11-01,151.3699951171875,151.3699951171875,148.52999877929688,149.60000610351562,148.85302734375,616000
2022-11-02,146.60000610351562,146.69000244140625,137.6300048828125,137.72999572753906,137.04229736328125,1126700
2022-11-03,136.0,137.5500030517578,133.08999633789062,133.91000366210938,133.2413787841797,1016900
2022-11-04,135.63999938964844,135.9199981689453,131.35000610351562,133.44000244140625,132.77371215820312,970000
2022-11-07,134.11000061035156,135.9600067138672,133.3699951171875,135.5,134.82342529296875,588100
2022-11-08,136.4600067138672,139.3300018310547,135.5500030517578,136.49000549316406,135.80848693847656,803200
2022-11-09,135.86000061035156,137.0399932861328,133.50999450683594,133.74000549316406,133.0722198486328,663800
2022-11-10,139.2100067138672,141.60000610351562,138.38999938964844,141.24000549316406,140.53477478027344,827300
2022-11-11,142.17999267578125,142.32000732421875,138.58999633789062,139.99000549316406,139.291015625,720000
2022-11-14,139.60000610351562,142.88999938964844,139.4199981689453,141.32000732421875,140.6143798828125,572700
2022-11-15,143.5,144.6699981689453,141.5500030517578,142.60000610351562,141.8879852294922,528900
2022-11-16,143.05999755859375,144.1699981689453,142.5399932861328,142.9600067138672,142.24618530273438,472700
2022-11-17,141.11000061035156,143.3699951171875,140.4499969482422,142.57000732421875,141.85813903808594,546200
2022-11-18,144.49000549316406,144.8800048828125,141.8300018310547,144.60000610351562,143.87799072265625,685600
2022-11-21,145.8000030517578,148.39999389648438,145.8000030517578,147.10000610351562,146.36550903320312,922900
2022-11-22,147.17999267578125,148.69000244140625,146.25,148.36000061035156,147.6192169189453,701400
2022-11-23,147.36000061035156,148.80999755859375,146.64999389648438,148.42999267578125,147.68885803222656,623200
2022-11-25,148.24000549316406,149.36000061035156,147.77999877929688,148.52000427246094,147.77842712402344,257900
2022-11-28,147.27000427246094,147.9499969482422,145.92999267578125,146.5,145.7685089111328,563800
2022-11-29,146.22000122070312,146.5,142.02999877929688,142.82000732421875,142.1068878173828,738300
2022-11-30,142.64999389648438,149.36000061035156,142.64999389648438,149.11000061035156,148.365478515625,1773600
2022-12-01,149.6300048828125,151.2899932861328,148.0399932861328,149.86000061035156,149.11172485351562,443400
2022-12-02,148.13999938964844,149.52000427246094,146.6300048828125,148.99000549316406,148.24607849121094,359900
2022-12-05,147.22000122070312,147.41000366210938,144.47999572753906,144.97999572753906,144.25608825683594,340300
2022-12-06,144.55999755859375,145.02999877929688,142.1300048828125,143.3300018310547,142.6143341064453,410100
2022-12-07,143.3300018310547,144.16000366210938,141.72000122070312,142.38999938964844,141.6790313720703,288900
2022-12-08,143.24000549316406,145.24000549316406,142.50999450683594,144.82000732421875,144.09689331054688,470300
2022-12-09,144.36000061035156,144.9499969482422,141.77999877929688,142.11000061035156,141.40042114257812,721900
2022-12-12,142.60000610351562,145.13999938964844,142.50999450683594,145.1300048828125,144.4053497314453,426300
2022-12-13,149.17999267578125,149.8000030517578,144.41000366210938,145.1999969482422,144.47499084472656,491200
2022-12-14,143.8000030517578,144.52999877929688,140.0399932861328,140.85000610351562,140.85000610351562,657200
2022-12-15,138.6699981689453,139.63999938964844,134.3800048828125,134.9600067138672,134.9600067138672,853600
2022-12-16,133.75999450683594,134.9600067138672,131.8300018310547,133.35000610351562,133.35000610351562,1422700
2022-12-19,132.9600067138672,135.4600067138672,132.25,133.2100067138672,133.2100067138672,709500
2022-12-20,132.86000061035156,133.97999572753906,132.3800048828125,133.41000366210938,133.41000366210938,534700
2022-12-21,133.74000549316406,136.42999267578125,133.08999633789062,136.3300018310547,136.3300018310547,539200
2022-12-22,134.55999755859375,135.6199951171875,132.3300018310547,134.39999389648438,134.39999389648438,483900
2022-12-23,134.30999755859375,134.92999267578125,133.50999450683594,134.47999572753906,134.47999572753906,377200
2022-12-27,134.47000122070312,135.9199981689453,133.3300018310547,135.47000122070312,135.47000122070312,333800
2022-12-28,135.6199951171875,136.22999572753906,133.1699981689453,133.3699951171875,133.3699951171875,424100
2022-12-29,134.3699951171875,137.35000610351562,134.36000061035156,136.66000366210938,136.66000366210938,362000
2022-12-30,135.77999877929688,135.77999877929688,132.42999267578125,134.1300048828125,134.1300048828125,387400
2023-01-03,134.97999572753906,136.39999389648438,133.4499969482422,134.55999755859375,134.55999755859375,436700
2023-01-04,135.91000366210938,137.89999389648438,135.57000732421875,136.6699981689453,136.6699981689453,458400
2023-01-05,136.0399932861328,136.08999633789062,132.6999969482422,133.02000427246094,133.02000427246094,457500
2023-01-06,134.66000366210938,137.42999267578125,132.97999572753906,137.10000610351562,137.10000610351562,365800
2023-01-09,137.4499969482422,140.2100067138672,137.02000427246094,138.66000366210938,138.66000366210938,535400
2023-01-10,138.27999877929688,139.1999969482422,137.0800018310547,139.02999877929688,139.02999877929688,301300
2023-01-11,140.38999938964844,143.6300048828125,140.35000610351562,143.57000732421875,143.57000732421875,490300
2023-01-12,143.5500030517578,145.1699981689453,142.35000610351562,144.99000549316406,144.99000549316406,419800
2023-01-13,144.17999267578125,144.8000030517578,143.47999572753906,144.11000061035156,144.11000061035156,462000
