Date,Open,High,Low,Close,Adj Close,Volume
2022-01-18,102.44999694824219,102.66999816894531,101.01000213623047,101.41000366210938,101.41000366210938,1172000
2022-01-19,102.13999938964844,102.22000122070312,98.86000061035156,98.88999938964844,98.88999938964844,1305900
2022-01-20,99.77999877929688,102.08999633789062,98.95999908447266,99.70999908447266,99.70999908447266,1920500
2022-01-21,100.9000015258789,102.52999877929688,100.0999984741211,101.51000213623047,101.51000213623047,1848800
2022-01-24,99.16000366210938,100.8499984741211,96.19999694824219,100.75,100.75,1950500
2022-01-25,99.04000091552734,100.22000122070312,95.7300033569336,95.86000061035156,95.86000061035156,2758700
2022-01-26,97.12000274658203,100.06999969482422,95.95999908447266,96.72000122070312,96.72000122070312,1810200
2022-01-27,98.08999633789062,99.45999908447266,94.94999694824219,95.37000274658203,95.37000274658203,1423100
2022-01-28,95.94000244140625,98.37000274658203,94.38999938964844,98.33000183105469,98.33000183105469,1696500
2022-01-31,97.72000122070312,101.69999694824219,97.29000091552734,101.33999633789062,101.33999633789062,1893200
2022-02-01,101.52999877929688,102.19999694824219,99.94000244140625,101.52999877929688,101.52999877929688,1027500
2022-02-02,101.80000305175781,103.9800033569336,101.79000091552734,103.2300033569336,103.2300033569336,1499400
2022-02-03,102.22000122070312,103.25,101.86000061035156,102.12000274658203,102.12000274658203,1138600
2022-02-04,101.0,102.4800033569336,100.05000305175781,101.2300033569336,101.2300033569336,1323900
2022-02-07,101.2699966430664,103.54000091552734,101.05000305175781,102.19000244140625,102.19000244140625,1190900
2022-02-08,103.0199966430664,104.56999969482422,102.56999969482422,103.83999633789062,103.83999633789062,1563900
2022-02-09,105.13999938964844,106.5999984741211,105.13999938964844,106.0,106.0,1185900
2022-02-10,104.3499984741211,106.33000183105469,103.36000061035156,104.20999908447266,104.20999908447266,1173900
2022-02-11,104.58999633789062,104.58999633789062,100.37999725341797,101.51000213623047,101.51000213623047,1300200
2022-02-14,101.4800033569336,102.05000305175781,97.4000015258789,98.20999908447266,98.20999908447266,1602900
2022-02-15,99.69000244140625,101.26000213623047,99.2699966430664,99.9800033569336,99.9800033569336,1674900
2022-02-16,99.4800033569336,101.97000122070312,99.4800033569336,101.6500015258789,101.6500015258789,1694800
2022-02-17,99.94000244140625,101.3499984741211,99.5,99.80000305175781,99.80000305175781,1500100
2022-02-18,99.68000030517578,101.52999877929688,99.2300033569336,99.69000244140625,99.69000244140625,1222400
2022-02-22,99.88999938964844,100.3499984741211,98.12999725341797,99.16999816894531,99.16999816894531,1770700
2022-02-23,99.5199966430664,100.31999969482422,95.69000244140625,96.05000305175781,96.05000305175781,2453200
2022-02-24,92.0199966430664,94.55000305175781,91.0999984741211,93.83999633789062,93.83999633789062,2926900
2022-02-25,94.7699966430664,100.20999908447266,93.77999877929688,98.62999725341797,98.62999725341797,2345500
2022-02-28,96.41999816894531,98.30999755859375,95.30999755859375,96.8499984741211,96.8499984741211,2813800
2022-03-01,96.86000061035156,97.51000213623047,95.08000183105469,95.54000091552734,95.54000091552734,2177600
2022-03-02,96.93000030517578,98.54000091552734,96.29000091552734,97.98999786376953,97.98999786376953,1554300
2022-03-03,98.54000091552734,98.95999908447266,94.93000030517578,95.38999938964844,95.38999938964844,2168700
2022-03-04,93.23999786376953,94.13999938964844,87.94999694824219,89.70999908447266,89.70999908447266,2608200
2022-03-07,89.62000274658203,90.2699966430664,86.29000091552734,86.45999908447266,86.45999908447266,3098700
2022-03-08,87.0999984741211,87.88999938964844,84.62000274658203,84.8499984741211,84.8499984741211,3232300
2022-03-09,88.0199966430664,89.1500015258789,86.98999786376953,87.7699966430664,87.7699966430664,2234000
2022-03-10,85.87999725341797,88.16000366210938,85.51000213623047,87.87999725341797,87.87999725341797,2092800
2022-03-11,89.13999938964844,89.36000061035156,87.45999908447266,87.56999969482422,87.56999969482422,1441900
2022-03-14,88.58999633789062,89.80000305175781,86.54000091552734,87.4000015258789,87.4000015258789,1852400
2022-03-15,88.37999725341797,89.29000091552734,86.33999633789062,87.56999969482422,87.56999969482422,2664000
2022-03-16,89.23999786376953,90.9800033569336,88.1500015258789,90.97000122070312,90.97000122070312,2356900
2022-03-17,89.77999877929688,91.33999633789062,89.41000366210938,91.05000305175781,91.05000305175781,2227200
2022-03-18,91.08999633789062,91.63999938964844,90.11000061035156,91.08999633789062,91.08999633789062,2762300
2022-03-21,91.22000122070312,91.70999908447266,89.73999786376953,90.2699966430664,90.2699966430664,1511400
2022-03-22,91.08999633789062,92.29000091552734,90.69000244140625,91.58000183105469,91.58000183105469,1615900
2022-03-23,90.4000015258789,91.31999969482422,89.1500015258789,89.33000183105469,89.33000183105469,1815500
2022-03-24,89.23999786376953,90.05999755859375,88.66000366210938,90.05999755859375,90.05999755859375,1770500
2022-03-25,90.44999694824219,90.44999694824219,88.6500015258789,90.23999786376953,90.23999786376953,1828600
2022-03-28,90.69000244140625,90.97000122070312,89.19000244140625,89.69999694824219,89.69999694824219,1917400
2022-03-29,91.18000030517578,93.86000061035156,91.18000030517578,93.3499984741211,93.3499984741211,2198200
2022-03-30,92.72000122070312,94.20999908447266,92.0199966430664,92.7699966430664,92.7699966430664,1278700
2022-03-31,92.5,93.5199966430664,91.44999694824219,91.5199966430664,91.5199966430664,2479100
2022-04-01,92.0,92.80000305175781,91.08999633789062,91.7300033569336,91.7300033569336,1533000
2022-04-04,92.08999633789062,92.54000091552734,91.3499984741211,92.25,92.25,1407300
2022-04-05,92.31999969482422,92.80000305175781,90.3499984741211,90.91999816894531,90.91999816894531,1486100
2022-04-06,89.94000244140625,90.37000274658203,88.62999725341797,89.0,89.0,1771600
2022-04-07,88.22000122070312,88.66999816894531,85.55000305175781,86.7699966430664,86.7699966430664,2171800
2022-04-08,87.08999633789062,87.68000030517578,86.06999969482422,86.44000244140625,86.44000244140625,1573400
2022-04-11,86.01000213623047,87.61000061035156,85.5999984741211,86.62999725341797,86.62999725341797,2702400
2022-04-12,87.04000091552734,88.5199966430664,85.62000274658203,85.93000030517578,85.93000030517578,1747800
2022-04-13,85.63999938964844,87.16000366210938,85.63999938964844,86.4000015258789,86.4000015258789,1328900
2022-04-14,86.62000274658203,87.37000274658203,85.44999694824219,85.55999755859375,85.55999755859375,1265600
2022-04-18,85.41999816894531,86.37000274658203,85.13999938964844,85.63999938964844,85.63999938964844,1707900
2022-04-19,85.80999755859375,87.37000274658203,85.69000244140625,86.45999908447266,86.45999908447266,3408500
2022-04-20,86.94999694824219,88.58999633789062,86.62999725341797,87.62999725341797,87.62999725341797,2807900
2022-04-21,88.7300033569336,89.76000213623047,86.33999633789062,86.54000091552734,86.54000091552734,1558500
2022-04-22,86.43000030517578,86.5199966430664,84.41000366210938,84.56999969482422,84.56999969482422,2010900
2022-04-25,83.63999938964844,84.87000274658203,82.83999633789062,84.66000366210938,84.66000366210938,2058800
2022-04-26,83.80999755859375,84.0199966430664,82.62999725341797,82.63999938964844,82.63999938964844,1738100
2022-04-27,82.93000030517578,84.2300033569336,82.62000274658203,82.93000030517578,82.93000030517578,1862500
2022-04-28,84.08000183105469,85.97000122070312,83.30000305175781,85.61000061035156,85.61000061035156,1441700
2022-04-29,85.0199966430664,85.98999786376953,82.87000274658203,83.04000091552734,83.04000091552734,2192100
2022-05-02,83.5199966430664,84.08999633789062,80.43000030517578,82.44000244140625,82.44000244140625,1699400
2022-05-03,82.30000305175781,84.26000213623047,81.87999725341797,83.58000183105469,83.58000183105469,1989900
2022-05-04,83.4000015258789,85.58000183105469,82.22000122070312,85.56999969482422,85.56999969482422,2079600
2022-05-05,84.31999969482422,85.95999908447266,81.19000244140625,81.7699966430664,81.7699966430664,2823500
2022-05-06,81.44999694824219,83.11000061035156,80.20999908447266,81.22000122070312,81.22000122070312,2750600
2022-05-09,80.5,81.75,78.95999908447266,79.51000213623047,79.51000213623047,2457600
2022-05-10,80.36000061035156,81.04000091552734,77.16000366210938,78.54000091552734,78.54000091552734,2561200
2022-05-11,78.55000305175781,79.80999755859375,77.55999755859375,78.08999633789062,78.08999633789062,2301300
2022-05-12,77.72000122070312,78.66000366210938,76.97000122070312,78.33000183105469,78.33000183105469,2474100
2022-05-13,79.29000091552734,81.19000244140625,78.7300033569336,80.80000305175781,80.80000305175781,2156400
2022-05-16,80.58999633789062,80.86000061035156,79.04000091552734,79.83000183105469,79.83000183105469,2186700
2022-05-17,81.55999755859375,82.70999908447266,80.7699966430664,82.6500015258789,82.6500015258789,2394600
2022-05-18,81.26000213623047,82.33000183105469,78.55999755859375,79.01000213623047,79.01000213623047,2686800
2022-05-19,78.30999755859375,80.9800033569336,78.27999877929688,79.91000366210938,79.91000366210938,2533700
2022-05-20,81.12999725341797,81.20999908447266,77.55999755859375,78.97000122070312,78.97000122070312,2405400
2022-05-23,80.05000305175781,80.6500015258789,78.30000305175781,80.2699966430664,80.2699966430664,1453500
2022-05-24,79.58000183105469,79.73999786376953,76.3499984741211,78.81999969482422,78.81999969482422,2320500
2022-05-25,78.23999786376953,80.48999786376953,78.2300033569336,79.27999877929688,79.27999877929688,2772000
2022-05-26,79.94999694824219,82.30999755859375,79.6500015258789,81.93000030517578,81.93000030517578,2500100
2022-05-27,82.70999908447266,84.33000183105469,82.5199966430664,84.05000305175781,84.05000305175781,1855200
2022-05-31,83.5199966430664,83.87000274658203,82.38999938964844,82.83999633789062,82.83999633789062,3583500
2022-06-01,83.16000366210938,83.16000366210938,79.54000091552734,79.58999633789062,79.58999633789062,2042900
2022-06-02,79.5999984741211,82.48999786376953,79.44000244140625,82.48999786376953,82.48999786376953,1373100
2022-06-03,81.23999786376953,81.30999755859375,79.38999938964844,79.9000015258789,79.9000015258789,1285900
2022-06-06,80.68000030517578,81.30000305175781,80.08999633789062,80.7300033569336,80.7300033569336,1645800
2022-06-07,80.06999969482422,80.75,79.41999816894531,80.66999816894531,80.66999816894531,2204800
2022-06-08,79.88999938964844,80.25,77.9000015258789,78.3499984741211,78.3499984741211,1202100
2022-06-09,77.5,77.58000183105469,75.0999984741211,75.16000366210938,75.16000366210938,1822500
2022-06-10,73.80000305175781,74.5,72.91999816894531,73.3499984741211,73.3499984741211,1959600
2022-06-13,71.12999725341797,71.80999755859375,69.44000244140625,70.0,70.0,2915800
2022-06-14,70.12999725341797,71.12000274658203,69.76000213623047,70.58000183105469,70.58000183105469,2534200
2022-06-15,71.51000213623047,72.38999938964844,70.4800033569336,71.4000015258789,71.4000015258789,2976400
2022-06-16,68.2699966430664,69.5999984741211,67.68000030517578,68.1500015258789,68.1500015258789,2615800
2022-06-17,68.91999816894531,70.87000274658203,68.38999938964844,70.16000366210938,70.16000366210938,5839400
2022-06-21,71.27999877929688,71.76000213623047,70.0199966430664,71.04000091552734,71.04000091552734,3006900
2022-06-22,70.1500015258789,71.80999755859375,70.0,71.12999725341797,71.12999725341797,2808700
2022-06-23,71.52999877929688,72.08999633789062,71.18000030517578,71.7699966430664,71.7699966430664,1993200
2022-06-24,72.3499984741211,73.54000091552734,71.88999938964844,73.12999725341797,73.12999725341797,4312100
2022-06-27,73.47000122070312,74.62000274658203,72.70999908447266,73.87000274658203,73.87000274658203,1674700
2022-06-28,74.66999816894531,75.43000030517578,73.30000305175781,73.45999908447266,73.45999908447266,1618300
2022-06-29,73.4000015258789,73.77999877929688,72.37999725341797,73.68000030517578,73.68000030517578,2154600
2022-06-30,72.69000244140625,75.05000305175781,71.9800033569336,73.61000061035156,73.61000061035156,1945100
2022-07-01,73.18000030517578,75.83000183105469,73.18000030517578,75.69000244140625,75.69000244140625,1591600
2022-07-05,74.44999694824219,76.47000122070312,74.12999725341797,76.47000122070312,76.47000122070312,1681900
2022-07-06,76.77999877929688,77.30999755859375,75.2699966430664,75.37000274658203,75.37000274658203,2055200
2022-07-07,75.83000183105469,76.44000244140625,75.1500015258789,76.02999877929688,76.02999877929688,1501900
2022-07-08,75.5,76.33000183105469,75.16999816894531,75.8499984741211,75.8499984741211,1231400
2022-07-11,75.19999694824219,76.25,75.19999694824219,75.73999786376953,75.73999786376953,856700
2022-07-12,75.2699966430664,77.27999877929688,75.2699966430664,76.55999755859375,76.55999755859375,2029500
2022-07-13,75.31999969482422,75.87000274658203,74.16999816894531,75.23999786376953,75.23999786376953,2285100
2022-07-14,73.61000061035156,75.04000091552734,73.51000213623047,74.88999938964844,74.88999938964844,1995200
2022-07-15,75.87999725341797,78.08000183105469,75.58000183105469,77.95999908447266,77.95999908447266,1831500
2022-07-18,78.5999984741211,79.16999816894531,77.58000183105469,77.87000274658203,77.87000274658203,1907700
2022-07-19,79.1500015258789,79.77999877929688,78.80000305175781,79.51000213623047,79.51000213623047,1458500
2022-07-20,79.23999786376953,80.2699966430664,78.9000015258789,80.19999694824219,80.19999694824219,1273300
2022-07-21,79.95999908447266,81.30999755859375,79.5999984741211,81.26000213623047,81.26000213623047,1594400
2022-07-22,82.16000366210938,82.45999908447266,81.4000015258789,82.26000213623047,82.26000213623047,1412800
2022-07-25,82.4000015258789,83.27999877929688,82.12999725341797,82.83000183105469,82.83000183105469,1472500
2022-07-26,82.38999938964844,82.48999786376953,81.2699966430664,81.68000030517578,81.68000030517578,1586200
2022-07-27,81.98999786376953,82.9000015258789,80.87000274658203,82.77999877929688,82.77999877929688,1605600
2022-07-28,83.11000061035156,84.77999877929688,82.69000244140625,84.70999908447266,84.70999908447266,1137900
2022-07-29,84.76000213623047,85.93000030517578,84.45999908447266,85.62000274658203,85.62000274658203,1502300
2022-08-01,84.69000244140625,85.23999786376953,83.27999877929688,84.7300033569336,84.7300033569336,1340600
2022-08-02,84.18000030517578,84.55000305175781,82.22000122070312,82.30000305175781,82.30000305175781,1741000
2022-08-03,83.08000183105469,84.16999816894531,82.93000030517578,83.5999984741211,83.5999984741211,1467400
2022-08-04,82.80000305175781,83.05000305175781,81.73999786376953,82.30999755859375,82.30999755859375,1489800
2022-08-05,81.51000213623047,84.02999877929688,81.51000213623047,83.97000122070312,83.97000122070312,1459200
2022-08-08,84.58999633789062,85.31999969482422,83.41999816894531,83.76000213623047,83.76000213623047,1138600
2022-08-09,83.36000061035156,83.80999755859375,82.91000366210938,83.37999725341797,83.37999725341797,1455300
2022-08-10,85.0199966430664,86.31999969482422,84.72000122070312,85.27999877929688,85.27999877929688,1182800
2022-08-11,86.13999938964844,86.44999694824219,85.19999694824219,85.3499984741211,85.3499984741211,1281200
2022-08-12,86.02999877929688,87.62000274658203,85.58999633789062,87.38999938964844,87.38999938964844,1285400
2022-08-15,87.2300033569336,87.95999908447266,86.83999633789062,87.68000030517578,87.68000030517578,1301000
2022-08-16,87.44999694824219,87.83000183105469,86.63999938964844,87.29000091552734,87.29000091552734,1000000
2022-08-17,86.25,86.83999633789062,85.30999755859375,86.4000015258789,86.4000015258789,1097300
2022-08-18,86.29000091552734,86.80000305175781,86.22000122070312,86.38999938964844,86.38999938964844,846100
2022-08-19,85.75,86.0,84.72000122070312,84.91999816894531,84.91999816894531,998300
2022-08-22,83.69999694824219,83.69999694824219,80.88999938964844,80.9800033569336,80.9800033569336,1221600
2022-08-23,80.98999786376953,82.4800033569336,80.98999786376953,81.20999908447266,81.20999908447266,1643500
2022-08-24,81.58999633789062,82.13999938964844,81.23999786376953,81.38999938964844,81.38999938964844,1311500
2022-08-25,81.66999816894531,83.51000213623047,81.66000366210938,83.44999694824219,83.44999694824219,2210800
2022-08-26,83.55999755859375,83.55999755859375,80.38999938964844,80.43000030517578,80.43000030517578,1098200
2022-08-29,79.7300033569336,80.5999984741211,79.33999633789062,79.43000030517578,79.43000030517578,1114400
2022-08-30,79.7699966430664,79.83000183105469,78.48999786376953,78.80999755859375,78.80999755859375,1103700
2022-08-31,79.45999908447266,79.6500015258789,78.52999877929688,78.95999908447266,78.95999908447266,2930600
2022-09-01,78.26000213623047,78.26000213623047,76.05000305175781,77.48999786376953,77.48999786376953,1299700
2022-09-02,78.5999984741211,79.62000274658203,76.87999725341797,77.13999938964844,77.13999938964844,1172100
2022-09-06,77.77999877929688,78.76000213623047,76.5199966430664,76.94999694824219,76.94999694824219,1350900
2022-09-07,76.91999816894531,79.52999877929688,76.66000366210938,79.4800033569336,79.4800033569336,1502900
2022-09-08,78.54000091552734,79.77999877929688,77.5999984741211,79.75,79.75,1484800
2022-09-09,80.06999969482422,81.41000366210938,79.7300033569336,81.16999816894531,81.16999816894531,1013900
2022-09-12,81.54000091552734,82.33999633789062,81.20999908447266,81.68000030517578,81.68000030517578,1278000
2022-09-13,79.33999633789062,79.66999816894531,78.04000091552734,78.48999786376953,78.48999786376953,1648300
2022-09-14,77.76000213623047,78.31999969482422,76.94999694824219,78.13999938964844,78.13999938964844,2159000
2022-09-15,78.36000061035156,79.83999633789062,77.83000183105469,78.2300033569336,78.2300033569336,1509700
2022-09-16,77.6500015258789,77.80000305175781,75.33999633789062,76.11000061035156,76.11000061035156,4168000
2022-09-19,75.41000366210938,77.56999969482422,75.41000366210938,76.88999938964844,76.88999938964844,1817800
2022-09-20,75.55000305175781,76.22000122070312,74.5,74.9800033569336,74.9800033569336,1576500
2022-09-21,75.7300033569336,75.9000015258789,72.98999786376953,73.01000213623047,73.01000213623047,1367400
2022-09-22,72.68000030517578,72.73999786376953,71.62000274658203,72.19999694824219,72.19999694824219,1504700
2022-09-23,71.37000274658203,71.38999938964844,69.55999755859375,70.66000366210938,70.66000366210938,1785300
2022-09-26,70.18000030517578,70.69000244140625,68.94000244140625,69.02999877929688,69.02999877929688,1764900
2022-09-27,69.91999816894531,70.72000122070312,68.19000244140625,68.52999877929688,68.52999877929688,1232900
2022-09-28,68.94999694824219,70.45999908447266,68.05999755859375,70.18000030517578,70.18000030517578,3108900
2022-09-29,69.12000274658203,69.5,66.73999786376953,67.79000091552734,67.79000091552734,2064200
2022-09-30,68.29000091552734,68.80999755859375,67.18000030517578,67.51000213623047,67.51000213623047,3475700
2022-10-03,68.66000366210938,71.04000091552734,67.22000122070312,70.27999877929688,70.27999877929688,2378700
2022-10-04,71.33999633789062,73.51000213623047,71.11000061035156,73.4800033569336,73.4800033569336,2188800
2022-10-05,72.72000122070312,73.69000244140625,72.2699966430664,72.94000244140625,72.94000244140625,1676300
2022-10-06,72.94999694824219,73.33000183105469,71.37000274658203,71.66999816894531,71.66999816894531,2015400
2022-10-07,70.66999816894531,70.88999938964844,68.9000015258789,69.43000030517578,69.43000030517578,1554700
2022-10-10,70.0199966430664,70.45999908447266,69.08999633789062,69.45999908447266,69.45999908447266,896200
2022-10-11,69.1500015258789,70.2300033569336,68.44999694824219,69.25,69.25,1420400
2022-10-12,69.19000244140625,69.19000244140625,68.01000213623047,68.5199966430664,68.5199966430664,1179900
2022-10-13,66.94999694824219,69.5199966430664,66.30999755859375,69.41000366210938,69.41000366210938,2139200
2022-10-14,70.48999786376953,70.62000274658203,67.4000015258789,67.54000091552734,67.54000091552734,1577100
2022-10-17,69.16000366210938,70.41999816894531,69.16000366210938,69.79000091552734,69.79000091552734,1537500
2022-10-18,71.55000305175781,71.79000091552734,69.58000183105469,70.2699966430664,70.2699966430664,1253700
2022-10-19,68.9800033569336,69.16000366210938,67.7300033569336,67.83000183105469,67.83000183105469,1346500
2022-10-20,67.80999755859375,68.80000305175781,67.30999755859375,67.7699966430664,67.7699966430664,1815900
2022-10-21,67.2699966430664,69.3499984741211,66.88999938964844,69.30999755859375,69.30999755859375,1654600
2022-10-24,69.81999969482422,70.45999908447266,69.33000183105469,69.81999969482422,69.81999969482422,1138200
2022-10-25,70.0,72.2300033569336,70.0,71.95999908447266,71.95999908447266,1377600
2022-10-26,72.0,73.69000244140625,71.62000274658203,72.6500015258789,72.6500015258789,1860900
2022-10-27,72.0,72.0,67.77999877929688,70.2699966430664,70.2699966430664,3166600
2022-10-28,69.12000274658203,71.26000213623047,68.83000183105469,70.75,70.75,2002800
2022-10-31,70.41000366210938,71.9000015258789,70.27999877929688,70.94000244140625,70.94000244140625,3032300
2022-11-01,72.11000061035156,73.1500015258789,71.27999877929688,72.77999877929688,72.77999877929688,2246600
2022-11-02,72.19999694824219,73.58999633789062,69.8499984741211,69.8499984741211,69.8499984741211,3632100
2022-11-03,68.88999938964844,70.02999877929688,68.06999969482422,68.83999633789062,68.83999633789062,1681100
2022-11-04,69.7699966430664,72.19000244140625,69.51000213623047,70.76000213623047,70.76000213623047,1520700
2022-11-07,71.75,71.80999755859375,70.44999694824219,71.16999816894531,71.16999816894531,1361700
2022-11-08,71.20999908447266,72.36000061035156,70.55999755859375,71.3499984741211,71.3499984741211,1252100
2022-11-09,70.75,71.25,69.55000305175781,70.0999984741211,70.0999984741211,1405700
2022-11-10,73.23999786376953,77.4000015258789,73.23999786376953,77.22000122070312,77.22000122070312,2620300
2022-11-11,78.16999816894531,79.97000122070312,77.94999694824219,78.83000183105469,78.83000183105469,2216900
2022-11-14,78.2300033569336,78.62000274658203,75.12999725341797,75.22000122070312,75.22000122070312,1873600
2022-11-15,76.91999816894531,77.41999816894531,74.9800033569336,75.55999755859375,75.55999755859375,1453100
2022-11-16,75.0,76.05999755859375,74.94999694824219,75.66000366210938,75.66000366210938,1499400
2022-11-17,74.11000061035156,74.55000305175781,72.81999969482422,74.4800033569336,74.4800033569336,1120300
2022-11-18,76.20999908447266,76.20999908447266,74.69999694824219,75.30000305175781,75.30000305175781,1350900
2022-11-21,75.0,76.02999877929688,74.93000030517578,75.26000213623047,75.26000213623047,850900
2022-11-22,75.5199966430664,76.01000213623047,74.69000244140625,75.9800033569336,75.9800033569336,872400
2022-11-23,75.68000030517578,76.8499984741211,75.6500015258789,76.77999877929688,76.77999877929688,925900
2022-11-25,76.47000122070312,77.63999938964844,76.41000366210938,77.27999877929688,77.27999877929688,589000
2022-11-28,76.41000366210938,76.94999694824219,74.94999694824219,75.08999633789062,75.08999633789062,1376600
2022-11-29,74.93000030517578,76.52999877929688,74.69999694824219,76.45999908447266,76.45999908447266,1218800
2022-11-30,76.29000091552734,79.79000091552734,75.48999786376953,79.5999984741211,79.5999984741211,3971500
2022-12-01,80.08000183105469,80.83000183105469,79.18000030517578,79.54000091552734,79.54000091552734,1366200
2022-12-02,78.62999725341797,79.5999984741211,78.47000122070312,79.25,79.25,1122900
2022-12-05,78.37000274658203,78.52999877929688,77.12000274658203,77.7300033569336,77.7300033569336,1436100
2022-12-06,78.0,78.05999755859375,76.37999725341797,76.83999633789062,76.83999633789062,1266700
2022-12-07,76.44999694824219,77.41000366210938,76.05999755859375,76.33999633789062,76.33999633789062,1265300
2022-12-08,76.7699966430664,77.61000061035156,75.70999908447266,76.12000274658203,76.12000274658203,1399100
2022-12-09,75.79000091552734,76.69000244140625,75.66999816894531,75.83999633789062,75.83999633789062,1072000
2022-12-12,75.97000122070312,76.55000305175781,75.16000366210938,76.5,76.5,1604100
2022-12-13,79.41999816894531,80.47000122070312,78.66999816894531,79.86000061035156,79.86000061035156,2646900
2022-12-14,79.38999938964844,80.4000015258789,78.23999786376953,79.41000366210938,79.41000366210938,2025800
2022-12-15,78.04000091552734,79.0999984741211,77.12999725341797,77.44000244140625,77.44000244140625,1444700
2022-12-16,76.02999877929688,76.6500015258789,75.38999938964844,75.80000305175781,75.80000305175781,4251500
2022-12-19,75.7699966430664,76.69999694824219,74.80000305175781,75.01000213623047,75.01000213623047,1447100
2022-12-20,74.81999969482422,75.76000213623047,74.55999755859375,74.87000274658203,74.87000274658203,1440800
2022-12-21,75.54000091552734,77.13999938964844,75.52999877929688,76.62000274658203,76.62000274658203,1486700
2022-12-22,75.94000244140625,76.0,74.5999984741211,75.68000030517578,75.68000030517578,1048900
2022-12-23,75.27999877929688,76.66999816894531,75.1500015258789,76.66999816894531,76.66999816894531,675000
2022-12-27,76.81999969482422,77.12000274658203,76.0999984741211,76.48999786376953,76.48999786376953,599500
2022-12-28,76.5999984741211,76.91000366210938,75.37999725341797,75.41000366210938,75.41000366210938,746600
2022-12-29,75.87000274658203,77.66999816894531,75.7699966430664,77.55000305175781,77.55000305175781,884900
2022-12-30,76.72000122070312,77.31999969482422,76.08999633789062,76.95999908447266,76.95999908447266,1175600
2023-01-03,78.04000091552734,79.30999755859375,77.47000122070312,78.44000244140625,78.44000244140625,1169100
2023-01-04,79.56999969482422,80.19999694824219,79.19000244140625,79.72000122070312,79.72000122070312,1258500
2023-01-05,78.77999877929688,79.33999633789062,77.58999633789062,78.43000030517578,78.43000030517578,1002900
2023-01-06,78.98999786376953,81.27999877929688,78.37000274658203,80.91999816894531,80.91999816894531,1083800
2023-01-09,81.47000122070312,82.83999633789062,80.80000305175781,81.76000213623047,81.76000213623047,1805800
2023-01-10,81.2699966430664,83.0199966430664,80.80999755859375,82.7300033569336,82.7300033569336,1155700
2023-01-11,83.33000183105469,85.01000213623047,83.13999938964844,84.83000183105469,84.83000183105469,1204700
2023-01-12,85.55999755859375,85.97000122070312,84.5,85.62999725341797,85.62999725341797,1364400
2023-01-13,84.58000183105469,86.5199966430664,84.44999694824219,86.11000061035156,86.11000061035156,1480700
