Date,Open,High,Low,Close,Adj Close,Volume
2022-01-18,119.23999786376953,120.0,116.91000366210938,117.37000274658203,114.51728820800781,491900
2022-01-19,117.7699966430664,117.7699966430664,114.86000061035156,114.97000122070312,112.17562103271484,432100
2022-01-20,115.70999908447266,118.66000366210938,115.41000366210938,115.77999877929688,112.96592712402344,627100
2022-01-21,115.58000183105469,116.9800033569336,114.30000305175781,114.45999908447266,111.67801666259766,727900
2022-01-24,113.4800033569336,117.5199966430664,112.12999725341797,117.16999816894531,114.32213592529297,820900
2022-01-25,116.04000091552734,116.45999908447266,113.33000183105469,115.08999633789062,112.2927017211914,595700
2022-01-26,116.11000061035156,117.63999938964844,113.56999969482422,114.9800033569336,112.18538665771484,693100
2022-01-27,116.16000366210938,117.91999816894531,112.91999816894531,113.47000122070312,110.71208190917969,706700
2022-01-28,113.02999877929688,117.5199966430664,112.9800033569336,117.43000030517578,114.57582092285156,664600
2022-01-31,116.73999786376953,117.9800033569336,115.63999938964844,117.83000183105469,114.96611022949219,984900
2022-02-01,117.4800033569336,118.87999725341797,116.55999755859375,118.31999969482422,115.44419860839844,586100
2022-02-02,117.9000015258789,121.18000030517578,117.9000015258789,120.94000244140625,118.00052642822266,658400
2022-02-03,120.51000213623047,121.75,120.05999755859375,120.48999786376953,117.56145477294922,696000
2022-02-04,120.54000091552734,122.98999786376953,120.16999816894531,121.69000244140625,118.73229217529297,619800
2022-02-07,122.16000366210938,122.62000274658203,120.75,121.31999969482422,118.37128448486328,466000
2022-02-08,121.94999694824219,123.75,121.11000061035156,123.16000366210938,120.16655731201172,710100
2022-02-09,123.87000274658203,124.94000244140625,122.94999694824219,123.13999938964844,120.14704132080078,517000
2022-02-10,122.4000015258789,124.12999725341797,121.87000274658203,122.54000091552734,119.56163024902344,941500
2022-02-11,122.72000122070312,123.52999877929688,120.4000015258789,121.13999938964844,118.1956558227539,894300
2022-02-14,121.13999938964844,121.63999938964844,117.66999816894531,119.4800033569336,116.57601165771484,1051100
2022-02-15,120.91000366210938,122.23999786376953,119.94999694824219,120.69000244140625,117.75659942626953,876200
2022-02-16,123.26000213623047,128.14999389648438,123.26000213623047,128.13999938964844,125.02552032470703,1377900
2022-02-17,127.33999633789062,129.1699981689453,125.05999755859375,126.25,123.18145751953125,963400
2022-02-18,126.0,127.0199966430664,124.80000305175781,125.58000183105469,122.52774047851562,743900
2022-02-22,125.11000061035156,125.51000213623047,122.36000061035156,123.94000244140625,120.9276123046875,745500
2022-02-23,124.62000274658203,124.91999816894531,121.95999908447266,122.44000244140625,119.46406555175781,594400
2022-02-24,119.70999908447266,119.70999908447266,116.7699966430664,119.41999816894531,116.5174560546875,1085700
2022-02-25,120.58999633789062,125.05999755859375,120.58999633789062,124.94000244140625,121.90330505371094,702200
2022-02-28,122.2699966430664,123.93000030517578,121.26000213623047,122.79000091552734,119.80555725097656,680100
2022-03-01,121.6500015258789,122.22000122070312,118.95999908447266,120.05000305175781,117.13214874267578,756000
2022-03-02,120.95999908447266,123.86000061035156,120.95999908447266,123.38999938964844,120.3909683227539,642300
2022-03-03,123.87000274658203,124.87999725341797,122.7699966430664,124.36000061035156,121.33740234375,510900
2022-03-04,123.0,123.58999633789062,121.08000183105469,123.19999694824219,120.2055892944336,556700
2022-03-07,122.52999877929688,122.58999633789062,119.69000244140625,119.7300033569336,116.81993103027344,879900
2022-03-08,120.68000030517578,122.25,118.72000122070312,119.31999969482422,116.41989135742188,712200
2022-03-09,122.43000030517578,123.68000030517578,121.13999938964844,121.36000061035156,118.41031646728516,639300
2022-03-10,120.30000305175781,122.48999786376953,119.62999725341797,122.16000366210938,119.19086456298828,467400
2022-03-11,122.9000015258789,124.66999816894531,121.56999969482422,121.69000244140625,118.73229217529297,524400
2022-03-14,124.87000274658203,130.22999572753906,124.30999755859375,128.0399932861328,124.92793273925781,1372400
2022-03-15,128.82000732421875,131.02999877929688,128.25999450683594,130.72000122070312,127.54280853271484,674200
2022-03-16,131.17999267578125,133.3300018310547,129.24000549316406,130.5,127.3281478881836,753400
2022-03-17,128.99000549316406,132.6300048828125,128.99000549316406,132.27000427246094,129.7411346435547,650100
2022-03-18,132.2899932861328,132.5399932861328,127.6500015258789,127.94000244140625,125.49391174316406,3549000
2022-03-21,128.82000732421875,131.13999938964844,128.47999572753906,131.11000061035156,128.60330200195312,724000
2022-03-22,132.27000427246094,132.63999938964844,130.55999755859375,131.69000244140625,129.17221069335938,603600
2022-03-23,131.47999572753906,132.69000244140625,131.1199951171875,131.74000549316406,129.2212677001953,721400
2022-03-24,132.6699981689453,134.9600067138672,131.99000549316406,134.82000732421875,132.2423858642578,620400
2022-03-25,135.02999877929688,136.97999572753906,134.91000366210938,136.88999938964844,134.27281188964844,455400
2022-03-28,136.75999450683594,136.85000610351562,134.35000610351562,135.77000427246094,133.17422485351562,471800
2022-03-29,136.6699981689453,137.32000732421875,135.5,136.55999755859375,133.94911193847656,373600
2022-03-30,136.94000244140625,138.1999969482422,136.35000610351562,138.14999389648438,135.50869750976562,454800
2022-03-31,138.6699981689453,138.99000549316406,135.5800018310547,135.9600067138672,133.360595703125,729300
2022-04-01,137.16000366210938,138.14999389648438,135.74000549316406,138.07000732421875,135.43023681640625,620100
2022-04-04,137.4600067138672,137.61000061035156,134.39999389648438,135.1300048828125,132.5464630126953,429200
2022-04-05,134.74000549316406,137.13999938964844,134.6199951171875,135.27999877929688,132.69357299804688,417700
2022-04-06,134.6300048828125,138.38999938964844,134.49000549316406,137.3699951171875,134.7436065673828,729200
2022-04-07,137.1999969482422,137.72999572753906,135.72999572753906,136.99000549316406,134.3708953857422,538400
2022-04-08,137.66000366210938,138.1300048828125,136.22999572753906,137.88999938964844,135.25367736816406,540000
2022-04-11,138.22999572753906,139.82000732421875,136.33999633789062,136.47999572753906,133.87062072753906,468400
2022-04-12,136.5500030517578,138.16000366210938,135.67999267578125,136.83999633789062,134.2237548828125,457800
2022-04-13,136.52000427246094,138.1199951171875,135.1699981689453,137.83999633789062,135.2046356201172,380200
2022-04-14,137.6699981689453,138.9499969482422,137.35000610351562,138.19000244140625,135.54794311523438,358500
2022-04-18,137.75999450683594,139.0800018310547,137.3300018310547,138.58999633789062,135.94027709960938,387200
2022-04-19,138.92999267578125,139.10000610351562,137.89999389648438,138.83999633789062,136.1855010986328,545000
2022-04-20,139.3300018310547,141.4600067138672,139.00999450683594,141.25,138.5494384765625,553400
2022-04-21,141.7100067138672,143.22000122070312,140.11000061035156,140.27999877929688,137.59799194335938,419300
2022-04-22,139.8800048828125,139.8800048828125,136.4199981689453,136.66000366210938,134.0471954345703,464300
2022-04-25,136.5500030517578,136.5500030517578,132.83999633789062,136.0800018310547,133.47828674316406,824500
2022-04-26,134.6199951171875,136.7100067138672,133.8300018310547,134.02999877929688,131.46746826171875,672700
2022-04-27,134.4600067138672,136.4499969482422,133.52000427246094,135.00999450683594,132.42872619628906,591400
2022-04-28,135.2100067138672,136.5399932861328,133.6199951171875,136.0,133.3998260498047,670800
2022-04-29,133.9199981689453,133.9199981689453,122.25,122.66000366210938,120.31486511230469,2466000
2022-05-02,123.06999969482422,124.4000015258789,118.69999694824219,120.75,118.4413833618164,1090600
2022-05-03,121.58000183105469,123.68000030517578,121.47000122070312,122.16999816894531,119.83422088623047,768700
2022-05-04,122.16999816894531,127.38999938964844,121.83000183105469,127.33999633789062,124.90538024902344,744200
2022-05-05,126.0,127.01000213623047,124.05999755859375,125.8499984741211,123.44386291503906,691100
2022-05-06,125.51000213623047,126.9800033569336,124.2300033569336,126.45999908447266,124.04220581054688,533800
2022-05-09,125.16000366210938,126.12000274658203,124.0999984741211,125.0199966430664,122.62973022460938,737900
2022-05-10,126.29000091552734,127.20999908447266,123.91000366210938,125.0,122.61012268066406,865000
2022-05-11,125.23999786376953,126.79000091552734,124.66999816894531,125.1500015258789,122.75725555419922,599200
2022-05-12,124.98999786376953,125.3499984741211,122.73999786376953,124.81999969482422,122.43356323242188,884000
2022-05-13,125.08999633789062,126.5,124.6500015258789,126.2300033569336,123.81660461425781,506300
2022-05-16,126.06999969482422,127.01000213623047,125.0199966430664,126.11000061035156,123.69889831542969,438800
2022-05-17,127.26000213623047,127.9000015258789,125.87000274658203,126.97000122070312,124.5424575805664,469300
2022-05-18,126.4800033569336,126.52999877929688,124.33999633789062,124.80999755859375,122.42375183105469,425200
2022-05-19,122.98999786376953,124.29000091552734,119.9800033569336,122.66999816894531,120.32466888427734,670300
2022-05-20,123.41999816894531,124.08000183105469,120.26000213623047,121.9800033569336,119.64786529541016,813800
2022-05-23,123.66999816894531,125.93000030517578,122.73999786376953,125.33999633789062,122.94361114501953,555700
2022-05-24,124.98999786376953,125.68000030517578,122.80999755859375,125.08999633789062,122.69839477539062,641200
2022-05-25,124.5999984741211,125.9000015258789,123.37999725341797,124.44000244140625,122.06083679199219,567500
2022-05-26,124.97000122070312,127.69000244140625,124.94999694824219,127.05999755859375,124.63072967529297,371300
2022-05-27,127.44000244140625,128.44000244140625,127.08999633789062,128.4199981689453,125.96473693847656,282500
2022-05-31,127.41999816894531,128.85000610351562,125.80000305175781,127.86000061035156,125.41544342041016,634700
2022-06-01,128.0399932861328,128.1999969482422,124.12999725341797,126.11000061035156,123.69889831542969,374000
2022-06-02,126.16000366210938,127.44000244140625,124.30999755859375,127.3499984741211,124.9151840209961,250400
2022-06-03,126.76000213623047,127.11000061035156,125.91999816894531,126.33999633789062,123.92449951171875,255000
2022-06-06,127.2699966430664,128.5800018310547,126.27999877929688,128.1199951171875,125.67047119140625,328200
2022-06-07,127.6500015258789,128.57000732421875,127.0,128.33999633789062,125.88626098632812,324900
2022-06-08,127.55999755859375,127.7300033569336,126.20999908447266,126.51000213623047,124.09124755859375,232100
2022-06-09,126.55999755859375,127.68000030517578,123.41000366210938,123.41999816894531,121.0603256225586,263000
2022-06-10,121.3499984741211,121.52999877929688,119.80999755859375,119.9000015258789,117.60762786865234,575100
2022-06-13,117.5,118.41999816894531,115.5999984741211,116.33000183105469,114.10588073730469,589000
2022-06-14,117.12000274658203,117.87999725341797,115.51000213623047,116.41999816894531,114.19416046142578,531100
2022-06-15,118.3499984741211,119.47000122070312,115.98999786376953,117.5199966430664,115.27312469482422,547900
2022-06-16,115.27999877929688,115.27999877929688,111.83999633789062,112.69999694824219,111.19816589355469,710500
2022-06-17,113.19999694824219,114.9000015258789,112.56999969482422,113.97000122070312,112.45124053955078,1383800
2022-06-21,115.48999786376953,116.0,113.80999755859375,115.55000305175781,114.01019287109375,640800
2022-06-22,114.30999755859375,116.91999816894531,113.91999816894531,115.72000122070312,114.17792510986328,523400
2022-06-23,115.97000122070312,116.47000122070312,112.8499984741211,113.58000183105469,112.06644439697266,687400
2022-06-24,114.83999633789062,117.12000274658203,113.81999969482422,116.5,114.9475326538086,1721000
2022-06-27,116.80999755859375,117.4800033569336,116.04000091552734,117.18000030517578,115.61846923828125,564400
2022-06-28,118.16000366210938,119.56999969482422,117.58000183105469,117.63999938964844,116.07233428955078,462900
2022-06-29,118.02999877929688,118.75,117.27999877929688,117.9000015258789,116.32887268066406,529400
2022-06-30,116.86000061035156,119.5199966430664,116.25,118.9800033569336,117.39448547363281,685200
2022-07-01,118.83000183105469,120.9000015258789,118.1500015258789,120.36000061035156,118.75608825683594,527500
2022-07-05,118.83999633789062,119.5199966430664,116.05999755859375,119.05999755859375,117.4734115600586,646800
2022-07-06,118.87999725341797,120.7699966430664,118.5199966430664,119.80999755859375,118.21341705322266,526300
2022-07-07,121.16999816894531,121.9800033569336,119.04000091552734,119.16000366210938,117.57208251953125,570000
2022-07-08,119.73999786376953,120.30000305175781,118.04000091552734,118.63999938964844,117.05901336669922,755700
2022-07-11,117.63999938964844,120.73999786376953,117.23999786376953,117.76000213623047,116.19074249267578,881200
2022-07-12,117.73999786376953,118.80999755859375,116.5199966430664,116.83000183105469,115.27313995361328,928900
2022-07-13,116.23999786376953,117.1500015258789,115.04000091552734,115.80999755859375,114.26671600341797,808300
2022-07-14,113.2300033569336,113.73999786376953,110.9800033569336,111.12000274658203,109.63922882080078,1100200
2022-07-15,112.48999786376953,113.80000305175781,111.30000305175781,112.37999725341797,110.88243103027344,4352100
2022-07-18,113.11000061035156,113.4000015258789,108.6500015258789,108.95999908447266,107.50800323486328,734300
2022-07-19,110.43000030517578,111.88999938964844,109.87000274658203,111.70999908447266,110.22135925292969,621700
2022-07-20,111.58000183105469,112.37000274658203,110.3499984741211,110.87999725341797,109.40242004394531,580500
2022-07-21,110.37999725341797,110.80000305175781,109.13999938964844,110.70999908447266,109.23468780517578,474600
2022-07-22,111.01000213623047,111.9800033569336,109.80000305175781,110.83000183105469,109.35308837890625,436500
2022-07-25,111.55000305175781,113.26000213623047,111.45999908447266,112.55000305175781,111.0501708984375,472900
2022-07-26,112.12000274658203,113.88999938964844,112.12000274658203,113.62000274658203,112.10591125488281,659800
2022-07-27,113.2300033569336,114.3499984741211,112.30000305175781,113.45999908447266,111.94804382324219,766400
2022-07-28,108.93000030517578,109.48999786376953,97.08000183105469,97.68000030517578,96.3783187866211,2368500
2022-07-29,97.69000244140625,98.80999755859375,96.41999816894531,97.33999633789062,96.0428466796875,2575600
2022-08-01,96.36000061035156,96.6500015258789,94.16000366210938,94.88999938964844,93.62550354003906,1229300
2022-08-02,95.37000274658203,95.73999786376953,93.41000366210938,94.61000061035156,93.34923553466797,1307000
2022-08-03,94.83999633789062,97.08000183105469,94.58999633789062,96.69999694824219,95.411376953125,905000
2022-08-04,96.30000305175781,96.91000366210938,95.30999755859375,95.5,94.22737121582031,811700
2022-08-05,95.66000366210938,97.62999725341797,95.37000274658203,97.26000213623047,95.96392059326172,830500
2022-08-08,97.8499984741211,99.0999984741211,97.51000213623047,98.33999633789062,97.0295181274414,810300
2022-08-09,98.93000030517578,99.62000274658203,98.04000091552734,98.83999633789062,97.52285766601562,821700
2022-08-10,99.7300033569336,100.41000366210938,99.55999755859375,100.04000091552734,98.70687866210938,910600
2022-08-11,100.63999938964844,103.36000061035156,100.56999969482422,102.76000213623047,101.39063262939453,911300
2022-08-12,103.0,104.41999816894531,103.0,104.33000183105469,102.93970489501953,685900
2022-08-15,103.11000061035156,105.02999877929688,103.11000061035156,104.5,103.1074447631836,571200
2022-08-16,104.43000030517578,105.5199966430664,104.19000244140625,105.33000183105469,103.92638397216797,761600
2022-08-17,104.08999633789062,106.80999755859375,103.83000183105469,106.44999694824219,105.03145599365234,700900
2022-08-18,106.26000213623047,107.16999816894531,105.37000274658203,106.16999816894531,104.75518798828125,623100
2022-08-19,105.30000305175781,105.51000213623047,103.81999969482422,103.87999725341797,102.4957046508789,631700
2022-08-22,103.31999969482422,103.31999969482422,101.0,101.62000274658203,100.26582336425781,603900
2022-08-23,101.55999755859375,102.19999694824219,100.94000244140625,101.16000366210938,99.81195831298828,392300
2022-08-24,101.16000366210938,101.55999755859375,100.26000213623047,101.30000305175781,99.95008850097656,314600
2022-08-25,101.48999786376953,102.95999908447266,100.7300033569336,102.91999816894531,101.54849243164062,345400
2022-08-26,103.08999633789062,103.5199966430664,100.7300033569336,100.83000183105469,99.4863510131836,496000
2022-08-29,100.33999633789062,101.30999755859375,99.69999694824219,100.22000122070312,98.88448333740234,485000
2022-08-30,100.30999755859375,101.44000244140625,98.36000061035156,98.54000091552734,97.22686004638672,671100
2022-08-31,98.75,99.08999633789062,96.83999633789062,96.95999908447266,95.66791534423828,801600
2022-09-01,96.83000183105469,98.0,96.31999969482422,97.72000122070312,96.41778564453125,553100
2022-09-02,98.11000061035156,99.3499984741211,96.44999694824219,96.81999969482422,95.52978515625,531900
2022-09-06,97.66000366210938,98.25,96.70999908447266,97.22000122070312,95.92445373535156,765400
2022-09-07,97.30000305175781,99.12999725341797,97.2699966430664,99.02999877929688,97.71033477783203,483200
2022-09-08,98.3499984741211,100.08999633789062,98.2300033569336,99.68000030517578,98.35167694091797,604400
2022-09-09,100.31999969482422,101.16999816894531,99.94000244140625,100.69000244140625,99.34821319580078,726100
2022-09-12,101.16999816894531,102.83999633789062,101.16999816894531,102.62000274658203,101.25249481201172,832900
2022-09-13,101.30000305175781,101.87999725341797,99.19999694824219,99.37999725341797,98.05567169189453,822200
2022-09-14,99.88999938964844,100.47000122070312,98.7300033569336,100.19999694824219,98.86474609375,758500
2022-09-15,99.51000213623047,101.43000030517578,99.26000213623047,99.80000305175781,99.15287017822266,779900
2022-09-16,99.98999786376953,99.98999786376953,97.3499984741211,97.41000366210938,96.77836608886719,3941700
2022-09-19,96.6500015258789,99.27999877929688,96.58000183105469,99.16000366210938,98.51702117919922,723800
2022-09-20,98.66999816894531,98.66999816894531,95.73999786376953,97.02999877929688,96.40082550048828,840700
2022-09-21,97.55000305175781,97.94999694824219,94.4800033569336,94.5,93.8872299194336,443900
2022-09-22,94.86000061035156,95.01000213623047,92.76000213623047,92.98999786376953,92.38701629638672,899700
2022-09-23,92.58999633789062,93.01000213623047,91.16999816894531,92.0,91.4034423828125,812800
2022-09-26,91.37000274658203,91.94000244140625,88.66000366210938,90.26000213623047,89.67472839355469,629400
2022-09-27,90.52999877929688,91.02999877929688,89.33999633789062,90.73999786376953,90.151611328125,685000
2022-09-28,91.1500015258789,92.94999694824219,90.52999877929688,92.4800033569336,91.88033294677734,621700
2022-09-29,92.05999755859375,92.22000122070312,91.26000213623047,91.8499984741211,91.25440979003906,669700
2022-09-30,91.98999786376953,92.41999816894531,89.36000061035156,89.56999969482422,88.98919677734375,918000
2022-10-03,90.63999938964844,93.62999725341797,89.62000274658203,93.26000213623047,92.6552734375,1023000
2022-10-04,93.66999816894531,96.36000061035156,93.66999816894531,96.19000244140625,95.56627655029297,681700
2022-10-05,95.08999633789062,97.31999969482422,95.08999633789062,96.63999938964844,96.01335144042969,608200
2022-10-06,95.9000015258789,96.3499984741211,95.12000274658203,95.56999969482422,94.9502944946289,862000
2022-10-07,95.11000061035156,95.12999725341797,93.6500015258789,93.94000244140625,93.33086395263672,884700
2022-10-10,94.52999877929688,96.0199966430664,94.48999786376953,95.75,95.1291275024414,409500
2022-10-11,95.37000274658203,98.61000061035156,95.0199966430664,96.55999755859375,95.93386840820312,739600
2022-10-12,96.56999969482422,98.4800033569336,96.11000061035156,97.0999984741211,96.47036743164062,876800
2022-10-13,96.0199966430664,101.79000091552734,95.30999755859375,101.4000015258789,100.74249267578125,812100
2022-10-14,101.44000244140625,102.48999786376953,98.9000015258789,99.05000305175781,98.40773010253906,839100
2022-10-17,100.75,100.9000015258789,99.11000061035156,100.29000091552734,99.63968658447266,762700
2022-10-18,101.77999877929688,102.51000213623047,100.66999816894531,101.58999633789062,100.9312515258789,756300
2022-10-19,101.30000305175781,102.58999633789062,100.12000274658203,101.04000091552734,100.38482666015625,626700
2022-10-20,100.04000091552734,100.04000091552734,97.25,97.75,97.11615753173828,825100
2022-10-21,97.88999938964844,100.1500015258789,97.13999938964844,99.23999786376953,98.59649658203125,3051400
2022-10-24,100.58999633789062,101.41000366210938,98.91000366210938,99.66000366210938,99.01377868652344,1046000
2022-10-25,98.87999725341797,99.02999877929688,96.70999908447266,98.94999694824219,98.3083724975586,791900
2022-10-26,99.73999786376953,100.37000274658203,97.75,98.0999984741211,97.46388244628906,1030800
2022-10-27,99.2300033569336,100.72000122070312,98.69999694824219,98.80999755859375,98.16928100585938,673800
2022-10-28,99.4000015258789,102.61000061035156,99.20999908447266,102.48999786376953,101.8254165649414,635900
2022-10-31,101.83000183105469,103.44999694824219,101.08000183105469,103.31999969482422,102.65003967285156,1907300
2022-11-01,103.47000122070312,103.61000061035156,98.4000015258789,99.22000122070312,98.57662963867188,1103700
2022-11-02,98.66999816894531,101.19000244140625,97.95999908447266,99.05000305175781,98.40773010253906,914400
2022-11-03,97.88999938964844,98.70999908447266,96.62999725341797,97.0,96.37101745605469,630600
2022-11-04,97.44000244140625,99.87000274658203,97.43000030517578,99.79000091552734,99.14292907714844,514900
2022-11-07,99.9000015258789,102.43000030517578,99.37000274658203,102.43000030517578,101.76580810546875,667200
2022-11-08,102.04000091552734,103.29000091552734,101.5,103.1500015258789,102.48114013671875,682300
2022-11-09,102.54000091552734,103.1500015258789,101.27999877929688,101.48999786376953,100.83190155029297,408400
2022-11-10,104.38999938964844,107.69999694824219,103.62000274658203,107.55000305175781,106.85261535644531,989600
2022-11-11,108.0,110.5,106.98999786376953,110.08999633789062,109.37613677978516,1042300
2022-11-14,110.12000274658203,111.7699966430664,108.87999725341797,108.93000030517578,108.22366333007812,977600
2022-11-15,109.62999725341797,109.7300033569336,105.9800033569336,106.38999938964844,105.70013427734375,547300
2022-11-16,106.58000183105469,106.97000122070312,105.47000122070312,105.86000061035156,105.17356872558594,581500
2022-11-17,104.79000091552734,105.80000305175781,104.29000091552734,105.63999938964844,104.95499420166016,322800
2022-11-18,106.77999877929688,107.62000274658203,105.62999725341797,106.86000061035156,106.16708374023438,401800
2022-11-21,106.58999633789062,107.45999908447266,105.97000122070312,106.83000183105469,106.13728332519531,535700
2022-11-22,107.51000213623047,108.31999969482422,106.70999908447266,108.04000091552734,107.33943176269531,383400
2022-11-23,107.94000244140625,108.83000183105469,107.41000366210938,108.80000305175781,108.0945053100586,364900
2022-11-25,109.23999786376953,109.94000244140625,108.91000366210938,109.83000183105469,109.11782836914062,173200
2022-11-28,109.2300033569336,109.45999908447266,107.2699966430664,107.38999938964844,106.69364929199219,444700
2022-11-29,107.05999755859375,109.0,107.0199966430664,108.12999725341797,107.42884826660156,401700
2022-11-30,107.26000213623047,111.05999755859375,105.61000061035156,110.95999908447266,110.2405014038086,955900
2022-12-01,111.83999633789062,112.13999938964844,109.81999969482422,111.12000274658203,110.39946746826172,594600
2022-12-02,109.75,110.7699966430664,109.70999908447266,110.41000366210938,109.6940689086914,360800
2022-12-05,109.83999633789062,110.61000061035156,106.91000366210938,107.87000274658203,107.17053985595703,370000
2022-12-06,107.80000305175781,107.87999725341797,105.80000305175781,106.94000244140625,106.24656677246094,466600
2022-12-07,106.55999755859375,107.19000244140625,104.66999816894531,104.80000305175781,104.12044525146484,519300
2022-12-08,104.98999786376953,106.2699966430664,104.61000061035156,106.20999908447266,105.52130126953125,464700
2022-12-09,106.25,106.88999938964844,104.69000244140625,105.91000366210938,105.22325134277344,463100
2022-12-12,106.11000061035156,107.41000366210938,104.88999938964844,107.37000274658203,106.67378234863281,525400
2022-12-13,109.2300033569336,110.01000213623047,107.33999633789062,107.58999633789062,106.89234924316406,648500
2022-12-14,107.66999816894531,109.2300033569336,105.66000366210938,106.41000366210938,105.72000885009766,615500
2022-12-15,103.9000015258789,104.77999877929688,103.41999816894531,103.66000366210938,103.66000366210938,496600
2022-12-16,102.5,103.08999633789062,100.94000244140625,102.22000122070312,102.22000122070312,2362900
2022-12-19,102.44000244140625,103.02999877929688,100.1500015258789,100.94000244140625,100.94000244140625,603800
2022-12-20,101.45999908447266,102.95999908447266,101.33000183105469,102.30999755859375,102.30999755859375,481100
2022-12-21,102.80000305175781,104.68000030517578,102.76000213623047,104.55000305175781,104.55000305175781,404300
2022-12-22,104.06999969482422,104.37000274658203,102.23999786376953,103.75,103.75,321900
2022-12-23,103.72000122070312,104.5199966430664,103.11000061035156,104.45999908447266,104.45999908447266,216500
2022-12-27,104.66999816894531,105.33999633789062,103.8499984741211,104.44000244140625,104.44000244140625,246400
2022-12-28,104.80999755859375,104.98999786376953,102.69000244140625,102.70999908447266,102.70999908447266,284400
2022-12-29,103.19000244140625,104.68000030517578,102.9000015258789,104.16000366210938,104.16000366210938,383400
2022-12-30,103.08000183105469,103.86000061035156,101.4800033569336,102.38999938964844,102.38999938964844,394800
2023-01-03,102.4000015258789,104.66000366210938,102.4000015258789,104.01000213623047,104.01000213623047,526500
2023-01-04,104.80999755859375,106.56999969482422,104.80999755859375,106.3499984741211,106.3499984741211,440500
2023-01-05,106.25,106.91000366210938,105.31999969482422,106.66999816894531,106.66999816894531,575900
2023-01-06,107.87999725341797,110.22000122070312,107.20999908447266,109.73999786376953,109.73999786376953,476400
2023-01-09,109.73999786376953,109.8499984741211,108.43000030517578,108.69000244140625,108.69000244140625,621900
2023-01-10,108.3499984741211,111.0999984741211,108.26000213623047,110.51000213623047,110.51000213623047,456800
2023-01-11,110.13999938964844,111.27999877929688,109.3499984741211,109.88999938964844,109.88999938964844,457500
2023-01-12,109.87999725341797,110.30999755859375,107.72000122070312,107.93000030517578,107.93000030517578,475500
2023-01-13,107.08999633789062,109.11000061035156,106.83000183105469,108.75,108.75,317300
