Date,Open,High,Low,Close,Adj Close,Volume
2022-01-18,101.0,102.0,98.94000244140625,99.51000213623047,96.03787231445312,1664200
2022-01-19,98.63999938964844,99.93000030517578,96.56999969482422,96.66999816894531,93.29695129394531,1937900
2022-01-20,97.41000366210938,97.66000366210938,93.12999725341797,93.54000091552734,90.27616882324219,2015400
2022-01-21,93.12999725341797,93.12999725341797,89.05000305175781,89.69999694824219,86.57015991210938,1745600
2022-01-24,87.48999786376953,90.97000122070312,85.61000061035156,90.52999877929688,87.3711929321289,2254600
2022-01-25,89.66000366210938,93.37999725341797,88.01000213623047,92.58000183105469,89.34966278076172,1656600
2022-01-26,93.13999938964844,94.44000244140625,91.11000061035156,92.5199966430664,89.29176330566406,1897200
2022-01-27,93.83000183105469,95.52999877929688,91.37000274658203,92.05999755859375,88.8478012084961,1169800
2022-01-28,91.58000183105469,93.26000213623047,90.44000244140625,93.19000244140625,89.93838500976562,1362300
2022-01-31,91.9000015258789,93.19000244140625,90.5199966430664,92.77999877929688,89.54268646240234,1535400
2022-02-01,93.0,95.2699966430664,92.33000183105469,95.04000091552734,91.72383880615234,1066400
2022-02-02,94.62999725341797,95.56999969482422,93.70999908447266,95.3499984741211,92.02301788330078,1120000
2022-02-03,96.08000183105469,97.5199966430664,94.66000366210938,95.0199966430664,91.70452880859375,1041300
2022-02-04,95.44999694824219,98.0999984741211,95.30000305175781,97.02999877929688,93.64439392089844,1229300
2022-02-07,97.25,98.2300033569336,96.30000305175781,97.63999938964844,94.23310852050781,788100
2022-02-08,99.25,100.70999908447266,98.7699966430664,100.51000213623047,97.00297546386719,1159300
2022-02-09,100.45999908447266,100.52999877929688,99.04000091552734,99.3499984741211,95.8834457397461,920600
2022-02-10,99.5199966430664,102.08999633789062,99.4800033569336,100.18000030517578,96.68447875976562,1129100
2022-02-11,99.08999633789062,101.68000030517578,97.63999938964844,98.61000061035156,95.16926574707031,1254300
2022-02-14,100.23999786376953,100.73999786376953,96.91999816894531,97.9000015258789,94.48403930664062,1291800
2022-02-15,98.91000366210938,100.66999816894531,98.91000366210938,100.16999816894531,96.6748275756836,658800
2022-02-16,100.13999938964844,101.76000213623047,99.4800033569336,100.48999786376953,96.9836654663086,756500
2022-02-17,99.22000122070312,99.6500015258789,96.4000015258789,96.79000091552734,93.41277313232422,940000
2022-02-18,96.4000015258789,97.7699966430664,95.27999877929688,95.86000061035156,92.51522064208984,1255500
2022-02-22,95.8499984741211,96.8499984741211,94.63999938964844,95.66999816894531,92.33184814453125,820500
2022-02-23,96.30000305175781,97.08000183105469,93.05000305175781,93.44999694824219,90.18931579589844,929500
2022-02-24,89.3499984741211,91.30999755859375,87.3499984741211,90.9800033569336,87.80550384521484,1899000
2022-02-25,92.01000213623047,96.0,91.7699966430664,95.54000091552734,92.20638275146484,1329200
2022-02-28,92.5,95.56999969482422,92.48999786376953,95.48999786376953,92.15813446044922,1455700
2022-03-01,94.30999755859375,94.7300033569336,87.13999938964844,87.58999633789062,84.53378295898438,2603800
2022-03-02,89.2699966430664,94.81999969482422,89.06999969482422,93.66999816894531,90.4016342163086,2110600
2022-03-03,93.77999877929688,94.91999816894531,92.33999633789062,93.37000274658203,90.11209869384766,1449800
2022-03-04,90.61000061035156,91.12000274658203,88.56999969482422,90.22000122070312,87.07201385498047,2019000
2022-03-07,89.08999633789062,90.22000122070312,84.44000244140625,84.5,81.55158996582031,2113300
2022-03-08,85.79000091552734,87.95999908447266,83.44000244140625,84.48999786376953,81.54194641113281,1766100
2022-03-09,87.93000030517578,89.6500015258789,87.48999786376953,88.2300033569336,85.15145111083984,1194000
2022-03-10,87.0,89.2300033569336,86.41999816894531,88.22000122070312,85.14179992675781,1162400
2022-03-11,89.16999816894531,90.91000366210938,87.95999908447266,88.04000091552734,84.96808624267578,1559300
2022-03-14,88.58999633789062,92.23999786376953,88.58999633789062,90.80000305175781,88.31389617919922,1567000
2022-03-15,91.69000244140625,92.37000274658203,89.72000122070312,91.80000305175781,89.28651428222656,1675300
2022-03-16,93.76000213623047,96.37000274658203,93.55000305175781,95.91000366210938,93.28398132324219,1503300
2022-03-17,94.01000213623047,94.91999816894531,92.94999694824219,94.68000030517578,92.08766174316406,1360900
2022-03-18,94.43000030517578,95.2699966430664,91.63999938964844,94.94999694824219,92.35025787353516,4129600
2022-03-21,95.95999908447266,96.58000183105469,93.4000015258789,94.36000061035156,91.77642059326172,1140100
2022-03-22,95.5999984741211,97.5199966430664,95.27999877929688,96.02999877929688,93.40069580078125,896800
2022-03-23,95.0999984741211,95.95999908447266,93.08999633789062,93.37000274658203,90.81352233886719,1197500
2022-03-24,94.38999938964844,95.0,93.1500015258789,94.04000091552734,91.46517944335938,1228400
2022-03-25,94.33999633789062,97.41999816894531,94.16000366210938,97.04000091552734,94.38304138183594,1650600
2022-03-28,96.0,96.51000213623047,93.11000061035156,95.12999725341797,92.52533721923828,1330200
2022-03-29,97.18000030517578,97.5199966430664,94.66999816894531,95.3499984741211,92.73931121826172,1300500
2022-03-30,95.37999725341797,95.5999984741211,91.66000366210938,92.81999969482422,90.27857971191406,1582700
2022-03-31,92.58000183105469,93.80999755859375,90.33000183105469,90.43000030517578,87.95401763916016,1566700
2022-04-01,93.83999633789062,93.95999908447266,89.56999969482422,90.04000091552734,87.57469177246094,2125000
2022-04-04,89.86000061035156,90.29000091552734,87.80000305175781,89.2699966430664,86.8257827758789,1154200
2022-04-05,88.8499984741211,90.26000213623047,88.38999938964844,88.7699966430664,86.33946990966797,1012100
2022-04-06,88.44000244140625,88.68000030517578,87.20999908447266,87.6500015258789,85.2501449584961,1140400
2022-04-07,87.80999755859375,88.58000183105469,86.19000244140625,88.20999908447266,85.79480743408203,1531800
2022-04-08,88.5199966430664,89.41999816894531,87.66999816894531,88.56999969482422,86.14495086669922,1337000
2022-04-11,88.58000183105469,91.33000183105469,88.44999694824219,89.08999633789062,86.65071105957031,1078900
2022-04-12,88.97000122070312,90.54000091552734,87.45999908447266,87.98999786376953,85.58082580566406,1284600
2022-04-13,86.9800033569336,89.31999969482422,86.62000274658203,89.12999725341797,86.68961334228516,1488000
2022-04-14,89.01000213623047,89.8499984741211,87.91999816894531,88.37000274658203,85.95043182373047,1268200
2022-04-18,88.30000305175781,89.18000030517578,87.77999877929688,88.26000213623047,85.84343719482422,1043400
2022-04-19,88.69000244140625,90.33999633789062,88.68000030517578,90.05999755859375,87.59415435791016,1800100
2022-04-20,87.05000305175781,88.33000183105469,86.25,87.0999984741211,84.71519470214844,3015600
2022-04-21,87.37000274658203,87.94999694824219,81.91000366210938,82.7300033569336,80.46485137939453,3355600
2022-04-22,82.62999725341797,83.05999755859375,80.83999633789062,80.97000122070312,78.75303649902344,2175200
2022-04-25,80.22000122070312,83.88999938964844,78.56999969482422,83.79000091552734,81.4958267211914,2595900
2022-04-26,82.66000366210938,84.83999633789062,81.7699966430664,82.08999633789062,79.84236907958984,2058700
2022-04-27,82.19000244140625,84.04000091552734,81.7699966430664,82.5,80.24114227294922,1650300
2022-04-28,84.11000061035156,85.02999877929688,81.69000244140625,84.66000366210938,82.34200286865234,2127300
2022-04-29,84.69000244140625,85.30999755859375,81.66000366210938,81.9000015258789,79.65757751464844,1495000
2022-05-02,84.12000274658203,84.83999633789062,80.3499984741211,82.30999755859375,80.05635070800781,1637000
2022-05-03,82.87000274658203,84.05000305175781,81.83000183105469,83.13999938964844,80.8636245727539,1425200
2022-05-04,82.68000030517578,85.98999786376953,82.2300033569336,85.88999938964844,83.53832244873047,1521700
2022-05-05,84.93000030517578,85.0,80.87000274658203,82.93000030517578,80.65937042236328,1356000
2022-05-06,82.4000015258789,82.6500015258789,79.87999725341797,81.41999816894531,79.19071197509766,1182500
2022-05-09,79.91999816894531,80.37999725341797,77.58999633789062,78.73999786376953,76.58409118652344,1708400
2022-05-10,78.63999938964844,79.66000366210938,75.76000213623047,77.66000366210938,75.5336685180664,1173600
2022-05-11,77.93000030517578,79.97000122070312,75.98999786376953,76.0,73.91912078857422,1460600
2022-05-12,75.80999755859375,76.30000305175781,73.5199966430664,76.04000091552734,73.95802307128906,1778200
2022-05-13,77.37999725341797,77.69999694824219,75.52999877929688,76.26000213623047,74.17200469970703,1331000
2022-05-16,76.12999725341797,76.54000091552734,74.62999725341797,75.37000274658203,73.30636596679688,908600
2022-05-17,76.88999938964844,78.91000366210938,76.88999938964844,78.45999908447266,76.31175994873047,1213100
2022-05-18,77.62999725341797,78.30000305175781,74.63999938964844,75.23999786376953,73.17991638183594,1043900
2022-05-19,74.08000183105469,75.30999755859375,72.1500015258789,72.80000305175781,70.80673217773438,2118200
2022-05-20,73.9800033569336,74.56999969482422,70.79000091552734,73.08000183105469,71.07906341552734,1658600
2022-05-23,74.79000091552734,77.62000274658203,74.27999877929688,77.08999633789062,74.97926330566406,1607100
2022-05-24,76.68000030517578,77.44999694824219,75.12999725341797,76.7699966430664,74.66802215576172,1325300
2022-05-25,76.22000122070312,79.7699966430664,76.22000122070312,79.16000366210938,76.99259948730469,1399800
2022-05-26,79.83000183105469,82.83000183105469,79.83000183105469,81.63999938964844,79.4046859741211,1756300
2022-05-27,81.77999877929688,83.19000244140625,81.7300033569336,82.83000183105469,80.5621109008789,863800
2022-05-31,81.5199966430664,83.5199966430664,80.88999938964844,83.20999908447266,80.93170166015625,1842700
2022-06-01,83.52999877929688,83.52999877929688,80.12000274658203,80.7699966430664,78.55850982666016,959000
2022-06-02,80.8499984741211,82.68000030517578,80.41999816894531,82.62999725341797,80.3675765991211,1014000
2022-06-03,82.19000244140625,82.69000244140625,81.52999877929688,81.95999908447266,79.71592712402344,734300
2022-06-06,82.80000305175781,83.4800033569336,81.68000030517578,81.77999877929688,79.54085540771484,871900
2022-06-07,80.61000061035156,81.95999908447266,80.4000015258789,81.83999633789062,79.59921264648438,1429200
2022-06-08,81.0199966430664,81.3499984741211,79.86000061035156,81.25,79.02537536621094,845800
2022-06-09,81.26000213623047,81.26000213623047,78.91000366210938,78.94000244140625,76.77861785888672,1162300
2022-06-10,76.8499984741211,77.5,75.0999984741211,75.25,73.18964385986328,1592500
2022-06-13,74.16999816894531,76.19999694824219,73.0199966430664,74.83000183105469,72.7811508178711,2403200
2022-06-14,74.5199966430664,76.6500015258789,74.23999786376953,74.83999633789062,73.45840454101562,1457100
2022-06-15,75.48999786376953,77.77999877929688,75.1500015258789,76.33999633789062,74.93071746826172,1700000
2022-06-16,74.69000244140625,74.69000244140625,72.8499984741211,73.75,72.38853454589844,1016700
2022-06-17,74.33000183105469,75.7300033569336,73.47000122070312,74.62000274658203,73.24247741699219,1807500
2022-06-21,76.79000091552734,77.12000274658203,75.27999877929688,75.93000030517578,74.52828979492188,1059900
2022-06-22,74.98999786376953,76.13999938964844,74.61000061035156,75.7699966430664,74.3712387084961,908200
2022-06-23,75.36000061035156,75.36000061035156,72.06999969482422,72.91999816894531,71.5738525390625,1079300
2022-06-24,73.43000030517578,77.0199966430664,73.30999755859375,76.5199966430664,75.10739135742188,1457100
2022-06-27,77.1500015258789,77.30999755859375,75.22000122070312,75.9800033569336,74.57737731933594,785800
2022-06-28,76.98999786376953,78.16999816894531,76.37999725341797,76.69000244140625,75.27426147460938,838000
2022-06-29,77.13999938964844,77.13999938964844,75.0999984741211,75.98999786376953,74.5871810913086,770000
2022-06-30,73.79000091552734,74.83000183105469,72.4000015258789,73.37999725341797,72.02536010742188,1429000
2022-07-01,73.23999786376953,74.51000213623047,72.4000015258789,74.27999877929688,72.90874481201172,1386000
2022-07-05,72.54000091552734,73.86000061035156,71.4000015258789,73.8499984741211,72.48668670654297,1174300
2022-07-06,73.20999908447266,74.30999755859375,72.33000183105469,73.47000122070312,72.11370086669922,1025900
2022-07-07,74.91000366210938,75.63999938964844,74.5199966430664,74.62000274658203,73.24247741699219,861400
2022-07-08,75.18000030517578,75.91000366210938,73.77999877929688,74.22000122070312,72.84986114501953,747100
2022-07-11,73.51000213623047,74.22000122070312,72.97000122070312,74.22000122070312,72.84986114501953,757700
2022-07-12,73.22000122070312,75.48999786376953,73.22000122070312,73.38999938964844,72.0351791381836,988000
2022-07-13,72.91000366210938,73.41999816894531,71.05999755859375,72.97000122070312,71.62294006347656,1009400
2022-07-14,70.9000015258789,72.08999633789062,70.70999908447266,71.5199966430664,70.19969940185547,1102100
2022-07-15,72.79000091552734,74.81999969482422,72.22000122070312,74.7300033569336,73.3504409790039,1185500
2022-07-18,76.08000183105469,77.0,75.04000091552734,75.5,74.10623168945312,825700
2022-07-19,76.69000244140625,78.83999633789062,76.69000244140625,77.91999816894531,76.48155212402344,1469500
2022-07-20,80.0,82.81999969482422,77.91000366210938,79.12999725341797,77.6692123413086,2515300
2022-07-21,78.80999755859375,79.72000122070312,77.55999755859375,79.37000274658203,77.90479278564453,1129200
2022-07-22,79.55999755859375,80.08999633789062,77.4000015258789,78.0,76.5600814819336,1233600
2022-07-25,78.97000122070312,79.11000061035156,78.11000061035156,78.97000122070312,77.51216888427734,947000
2022-07-26,78.27999877929688,78.9000015258789,76.66000366210938,76.68000030517578,75.26444244384766,661300
2022-07-27,76.93000030517578,78.63999938964844,76.54000091552734,78.06999969482422,76.6287841796875,704100
2022-07-28,77.7300033569336,78.16999816894531,76.41999816894531,77.54000091552734,76.10856628417969,975600
2022-07-29,77.83000183105469,78.55000305175781,77.36000061035156,77.7699966430664,76.33432006835938,1740100
2022-08-01,77.26000213623047,78.02999877929688,76.51000213623047,77.7699966430664,76.33432006835938,869100
2022-08-02,77.43000030517578,77.79000091552734,76.41000366210938,76.63999938964844,75.22518157958984,787000
2022-08-03,77.41000366210938,78.5,76.61000061035156,78.08999633789062,76.6484146118164,679500
2022-08-04,77.5199966430664,78.04000091552734,76.55999755859375,76.69000244140625,75.27426147460938,733000
2022-08-05,76.61000061035156,79.26000213623047,76.52999877929688,78.19000244140625,76.74657440185547,724600
2022-08-08,78.88999938964844,79.43000030517578,78.37999725341797,78.48999786376953,77.04103088378906,736500
2022-08-09,78.79000091552734,79.25,78.2300033569336,79.23999786376953,77.77718353271484,546900
2022-08-10,80.95999908447266,82.2699966430664,80.29000091552734,81.94999694824219,80.4371566772461,1001600
2022-08-11,82.83000183105469,84.36000061035156,82.68000030517578,84.30999755859375,82.75359344482422,789300
2022-08-12,85.0,85.73999786376953,84.19000244140625,85.66000366210938,84.07866668701172,873700
2022-08-15,84.70999908447266,85.83999633789062,84.44999694824219,85.62999725341797,84.04922485351562,526600
2022-08-16,85.47000122070312,87.0199966430664,85.47000122070312,86.51000213623047,84.91297912597656,580500
2022-08-17,85.3499984741211,85.98999786376953,85.0,85.55999755859375,83.98051452636719,496400
2022-08-18,85.73999786376953,86.58999633789062,85.30000305175781,86.58999633789062,84.99149322509766,443300
2022-08-19,85.7699966430664,85.7699966430664,84.45999908447266,84.9800033569336,83.41122436523438,905400
2022-08-22,83.45999908447266,83.45999908447266,82.12999725341797,82.31999969482422,80.80032348632812,532700
2022-08-23,82.55999755859375,83.05000305175781,81.91000366210938,82.05999755859375,80.54512786865234,737500
2022-08-24,81.62999725341797,82.20999908447266,81.12000274658203,81.61000061035156,80.10343933105469,587400
2022-08-25,81.95999908447266,83.25,81.6500015258789,82.88999938964844,81.35980224609375,645400
2022-08-26,83.52999877929688,83.58000183105469,81.72000122070312,81.81999969482422,80.30955505371094,742700
2022-08-29,81.30999755859375,81.69000244140625,80.2699966430664,80.87000274658203,79.3770980834961,786700
2022-08-30,81.55000305175781,81.69000244140625,80.04000091552734,80.75,79.25930786132812,779800
2022-08-31,80.97000122070312,81.4000015258789,80.08999633789062,80.30000305175781,78.81761932373047,644800
2022-09-01,80.19000244140625,81.11000061035156,79.20999908447266,81.0199966430664,79.52432250976562,880800
2022-09-02,82.23999786376953,83.20999908447266,80.55999755859375,81.04000091552734,79.54395294189453,905500
2022-09-06,81.51000213623047,81.94999694824219,79.51000213623047,79.98999786376953,78.51333618164062,897200
2022-09-07,79.37000274658203,82.70999908447266,79.37000274658203,82.20999908447266,80.6923599243164,929900
2022-09-08,81.80999755859375,84.66999816894531,81.41000366210938,84.61000061035156,83.04804992675781,872500
2022-09-09,85.06999969482422,85.66999816894531,84.44999694824219,84.56999969482422,83.0087890625,1447300
2022-09-12,85.36000061035156,86.41999816894531,84.54000091552734,85.25,83.67623901367188,1458300
2022-09-13,83.31999969482422,84.87000274658203,81.81999969482422,82.05000305175781,80.53531646728516,1565000
2022-09-14,81.77999877929688,81.77999877929688,79.1500015258789,79.91999816894531,79.10018157958984,2170200
2022-09-15,80.2300033569336,81.33000183105469,79.75,80.11000061035156,79.28823852539062,1938800
2022-09-16,78.88999938964844,79.43000030517578,77.55999755859375,78.55999755859375,77.75413513183594,2362000
2022-09-19,77.45999908447266,79.69000244140625,77.45999908447266,79.3499984741211,78.53602600097656,1126200
2022-09-20,78.7699966430664,79.31999969482422,77.91000366210938,78.81999969482422,78.01146697998047,1050100
2022-09-21,79.2300033569336,80.20999908447266,77.73999786376953,77.75,76.95244598388672,1032200
2022-09-22,78.26000213623047,78.26000213623047,75.54000091552734,76.16000366210938,75.37875366210938,811500
2022-09-23,75.13999938964844,75.68000030517578,73.0,74.30999755859375,73.5477294921875,1937300
2022-09-26,73.69000244140625,74.73999786376953,72.2699966430664,73.04000091552734,72.29075622558594,892800
2022-09-27,73.77999877929688,73.97000122070312,70.98999786376953,72.05999755859375,71.32080841064453,1114100
2022-09-28,72.58000183105469,73.93000030517578,72.19000244140625,73.51000213623047,72.75594329833984,1345400
2022-09-29,72.6500015258789,72.95999908447266,71.18000030517578,72.2699966430664,71.52865600585938,1340100
2022-09-30,72.2300033569336,72.33000183105469,71.0,71.0999984741211,70.37065887451172,1629400
2022-10-03,72.11000061035156,73.48999786376953,70.63999938964844,73.0199966430664,72.27095794677734,1521500
2022-10-04,74.30999755859375,76.44000244140625,74.30999755859375,76.44000244140625,75.6558837890625,1416000
2022-10-05,75.36000061035156,76.08000183105469,75.08000183105469,75.70999908447266,74.9333724975586,984900
2022-10-06,75.0999984741211,75.73999786376953,73.83999633789062,74.05999755859375,73.30029296875,1324800
2022-10-07,73.61000061035156,73.61000061035156,71.69000244140625,72.44000244140625,71.69691467285156,1404200
2022-10-10,72.93000030517578,73.38999938964844,70.80000305175781,71.19999694824219,70.4696273803711,825700
2022-10-11,70.72000122070312,71.12999725341797,69.12000274658203,69.66999816894531,68.95532989501953,1316300
2022-10-12,69.4800033569336,70.81999969482422,68.83999633789062,69.55000305175781,68.83656311035156,1105700
2022-10-13,68.43000030517578,73.05999755859375,68.0999984741211,72.44000244140625,71.69691467285156,1209000
2022-10-14,72.95999908447266,75.1500015258789,71.66000366210938,72.11000061035156,71.37030029296875,1614700
2022-10-17,73.83000183105469,74.33999633789062,72.69999694824219,73.66999816894531,72.91429138183594,1197700
2022-10-18,75.41000366210938,76.19000244140625,73.44999694824219,74.33999633789062,73.57742309570312,1922000
2022-10-19,72.0,72.18000030517578,67.51000213623047,67.6500015258789,66.95604705810547,3896200
2022-10-20,67.5,68.47000122070312,64.41999816894531,64.76000213623047,64.09569549560547,3240500
2022-10-21,64.68000030517578,67.23999786376953,64.11000061035156,65.33999633789062,64.66973876953125,2905800
2022-10-24,65.9800033569336,67.48999786376953,65.7300033569336,67.4000015258789,66.7086181640625,2214900
2022-10-25,66.72000122070312,69.83000183105469,66.72000122070312,69.19999694824219,68.49014282226562,1595100
2022-10-26,69.54000091552734,70.41999816894531,69.16000366210938,69.19000244140625,68.48025512695312,1190400
2022-10-27,69.9800033569336,70.7699966430664,69.31999969482422,69.73999786376953,69.02460479736328,1407000
2022-10-28,70.25,71.12999725341797,69.63999938964844,71.06999969482422,70.3409652709961,2174300
2022-10-31,71.0,71.4000015258789,70.44999694824219,70.5,69.77681732177734,3537400
2022-11-01,71.4000015258789,71.47000122070312,70.16000366210938,70.33000183105469,69.60855865478516,3083600
2022-11-02,69.93000030517578,70.2699966430664,67.73999786376953,67.79000091552734,67.09461212158203,1899600
2022-11-03,66.91000366210938,66.91000366210938,65.63999938964844,66.02999877929688,65.35266876220703,2633000
2022-11-04,67.04000091552734,68.19000244140625,66.5999984741211,67.95999908447266,67.26287078857422,1173600
2022-11-07,68.83000183105469,70.2300033569336,68.16999816894531,70.2300033569336,69.50959014892578,1632000
2022-11-08,70.31999969482422,72.4000015258789,70.31999969482422,71.4800033569336,70.74676513671875,2504700
2022-11-09,70.63999938964844,71.44000244140625,69.69999694824219,69.7699966430664,69.0542984008789,1802800
2022-11-10,72.58000183105469,74.75,72.05000305175781,74.5199966430664,73.75557708740234,1628600
2022-11-11,74.94999694824219,75.5,73.0199966430664,73.62000274658203,72.86481475830078,2188600
2022-11-14,73.2300033569336,74.30999755859375,72.33000183105469,72.33000183105469,71.58804321289062,1147500
2022-11-15,73.5,74.41999816894531,72.3499984741211,73.20999908447266,72.45901489257812,1061600
2022-11-16,73.08000183105469,73.52999877929688,71.12000274658203,71.55000305175781,70.81604766845703,678100
2022-11-17,70.44000244140625,70.6500015258789,69.66999816894531,70.13999938964844,69.4205093383789,865400
2022-11-18,71.56999969482422,71.56999969482422,68.41000366210938,69.9000015258789,69.18296813964844,1693900
2022-11-21,70.58999633789062,71.0,69.87000274658203,70.80999755859375,70.08363342285156,894700
2022-11-22,71.43000030517578,72.23999786376953,71.4000015258789,72.12999725341797,71.39009094238281,924200
2022-11-23,72.02999877929688,72.2699966430664,71.36000061035156,71.75,71.01399230957031,645400
2022-11-25,72.02999877929688,72.19000244140625,71.5,71.8499984741211,71.11296081542969,279500
2022-11-28,70.93000030517578,71.30000305175781,69.80000305175781,70.12999725341797,69.41060638427734,1071100
2022-11-29,70.25,71.16000366210938,70.02999877929688,71.0,70.27168273925781,789800
2022-11-30,70.63999938964844,71.81999969482422,68.80000305175781,71.73999786376953,71.00408935546875,1738100
2022-12-01,72.41999816894531,72.91999816894531,70.69999694824219,71.61000061035156,70.87542724609375,1524600
2022-12-02,70.80000305175781,71.13999938964844,69.91000366210938,70.12000274658203,69.40071105957031,1080600
2022-12-05,69.06999969482422,69.30000305175781,65.58999633789062,66.5199966430664,65.83763885498047,2905100
2022-12-06,66.29000091552734,66.86000061035156,65.0999984741211,65.6500015258789,64.97657012939453,1845100
2022-12-07,65.11000061035156,65.98999786376953,64.5,65.41000366210938,64.73902893066406,1724300
2022-12-08,65.88999938964844,65.88999938964844,64.73999786376953,65.18000030517578,64.51138305664062,1202400
2022-12-09,64.80000305175781,66.48999786376953,64.80000305175781,65.94000244140625,65.26359558105469,1069200
2022-12-12,65.98999786376953,67.86000061035156,65.31999969482422,67.43000030517578,66.7383041381836,1359800
2022-12-13,68.4000015258789,68.87000274658203,65.5199966430664,66.29000091552734,65.61000061035156,1808900
2022-12-14,65.61000061035156,66.22000122070312,64.5,65.08999633789062,65.08999633789062,1612000
2022-12-15,64.16000366210938,64.58999633789062,63.369998931884766,63.70000076293945,63.70000076293945,2015200
2022-12-16,63.0,64.02999877929688,62.83000183105469,63.7599983215332,63.7599983215332,3143500
2022-12-19,63.86000061035156,64.61000061035156,62.959999084472656,63.52000045776367,63.52000045776367,881900
2022-12-20,63.65999984741211,64.19000244140625,63.33000183105469,63.59000015258789,63.59000015258789,1455800
2022-12-21,64.94999694824219,65.5199966430664,64.63999938964844,65.02999877929688,65.02999877929688,1092100
2022-12-22,64.45999908447266,65.6500015258789,63.83000183105469,65.55999755859375,65.55999755859375,2781000
2022-12-23,65.66000366210938,66.0999984741211,65.13999938964844,66.08000183105469,66.08000183105469,756200
2022-12-27,66.3499984741211,66.73999786376953,65.52999877929688,66.36000061035156,66.36000061035156,579500
2022-12-28,66.48999786376953,66.5999984741211,65.16000366210938,65.62999725341797,65.62999725341797,908800
2022-12-29,65.72000122070312,67.1500015258789,65.44000244140625,66.66000366210938,66.66000366210938,696600
2022-12-30,66.2300033569336,66.97000122070312,66.2300033569336,66.8499984741211,66.8499984741211,627800
2023-01-03,67.25,67.77999877929688,65.22000122070312,66.05000305175781,66.05000305175781,1453500
2023-01-04,66.56999969482422,67.87999725341797,66.16999816894531,66.9000015258789,66.9000015258789,1957600
2023-01-05,66.44999694824219,66.63999938964844,65.45999908447266,66.05999755859375,66.05999755859375,1088300
2023-01-06,66.55999755859375,67.93000030517578,65.93000030517578,67.5999984741211,67.5999984741211,1145400
2023-01-09,67.7300033569336,67.9000015258789,66.79000091552734,66.80999755859375,66.80999755859375,1021500
2023-01-10,67.1500015258789,67.61000061035156,66.31999969482422,67.58000183105469,67.58000183105469,1618200
2023-01-11,68.0199966430664,68.52999877929688,67.25,68.04000091552734,68.04000091552734,1105200
2023-01-12,68.51000213623047,69.33999633789062,68.12000274658203,68.91000366210938,68.91000366210938,1419800
2023-01-13,67.91999816894531,68.58000183105469,66.22000122070312,68.54000091552734,68.54000091552734,1506200
