Date,Open,High,Low,Close,Adj Close,Volume
2022-01-18,222.30999755859375,224.0500030517578,220.32000732421875,223.5,213.33872985839844,1709000
2022-01-19,224.22999572753906,230.66000366210938,224.22999572753906,229.6199951171875,219.18048095703125,3196100
2022-01-20,231.0399932861328,234.0399932861328,230.69000244140625,231.1999969482422,220.68865966796875,2370800
2022-01-21,231.0,231.0,225.89999389648438,225.91000366210938,215.63914489746094,2261500
2022-01-24,219.6999969482422,224.74000549316406,219.19000244140625,224.25,214.05459594726562,2354700
2022-01-25,220.64999389648438,224.3000030517578,218.1199951171875,221.7899932861328,211.7064666748047,1645200
2022-01-26,222.9600067138672,223.60000610351562,217.9600067138672,220.1300048828125,210.1219482421875,2865000
2022-01-27,221.36000061035156,228.4499969482422,219.97999572753906,223.24000549316406,213.09054565429688,1935000
2022-01-28,223.9600067138672,225.8000030517578,219.10000610351562,225.75,215.48643493652344,1840000
2022-01-31,225.27999877929688,230.11000061035156,223.63999938964844,229.5,219.06593322753906,1754300
2022-02-01,229.3300018310547,232.92999267578125,228.1199951171875,232.02000427246094,221.4713592529297,1541400
2022-02-02,232.19000244140625,240.0399932861328,231.74000549316406,239.3699951171875,228.48719787597656,2092800
2022-02-03,239.00999450683594,242.3000030517578,237.5800018310547,241.07000732421875,230.1099090576172,2981100
2022-02-04,238.97999572753906,248.1999969482422,238.97999572753906,246.1699981689453,234.97804260253906,2007900
2022-02-07,246.1699981689453,246.67999267578125,242.0500030517578,242.6699981689453,231.63717651367188,1192600
2022-02-08,240.86000061035156,242.63999938964844,237.1300048828125,241.41000366210938,230.4344482421875,1938900
2022-02-09,247.1199951171875,256.94000244140625,244.25,249.50999450683594,238.1661834716797,2685400
2022-02-10,246.52000427246094,246.97000122070312,242.83999633789062,244.0500030517578,232.95443725585938,2366700
2022-02-11,244.0500030517578,244.0500030517578,238.05999755859375,241.02999877929688,230.0717315673828,2591600
2022-02-14,241.6300048828125,241.74000549316406,236.32000732421875,239.1699981689453,228.29629516601562,2065700
2022-02-15,241.05999755859375,243.14999389648438,237.72000122070312,238.83999633789062,227.98129272460938,1755400
2022-02-16,238.25999450683594,239.75999450683594,237.86000061035156,238.9199981689453,228.05764770507812,1762100
2022-02-17,238.08999633789062,241.1999969482422,235.97999572753906,238.85000610351562,227.9908447265625,1217700
2022-02-18,239.27999877929688,239.75,235.83999633789062,236.6199951171875,225.8622283935547,2356600
2022-02-22,236.6999969482422,239.97999572753906,235.92999267578125,238.3699951171875,227.53265380859375,1444500
2022-02-23,239.85000610351562,240.97999572753906,235.36000061035156,235.55999755859375,224.85040283203125,1060600
2022-02-24,229.58999633789062,238.13999938964844,229.1699981689453,237.25999450683594,226.47312927246094,2332900
2022-02-25,239.14999389648438,240.83999633789062,236.69000244140625,239.41000366210938,228.525390625,2016700
2022-02-28,235.75,238.19000244140625,234.75999450683594,236.52999877929688,225.7763214111328,1754500
2022-03-01,236.33999633789062,238.33999633789062,232.41000366210938,233.4499969482422,222.8363494873047,1834700
2022-03-02,236.0800018310547,238.61000061035156,235.2100067138672,236.74000549316406,225.97679138183594,1427000
2022-03-03,238.3800048828125,244.08999633789062,237.72000122070312,240.82000732421875,229.8712921142578,2164800
2022-03-04,239.13999938964844,244.63999938964844,236.52999877929688,243.77000427246094,232.6871795654297,1472900
2022-03-07,243.77000427246094,244.3699951171875,235.63999938964844,235.72999572753906,225.01268005371094,2013500
2022-03-08,235.27000427246094,235.27000427246094,222.17999267578125,222.72999572753906,212.6037139892578,2695600
2022-03-09,225.25,231.5800018310547,224.61000061035156,230.08999633789062,220.61964416503906,1642500
2022-03-10,227.22000122070312,229.3300018310547,225.22999572753906,227.9600067138672,218.5773162841797,1487100
2022-03-11,229.39999389648438,231.7100067138672,225.67999267578125,225.9600067138672,216.65963745117188,1295100
2022-03-14,227.69000244140625,232.3000030517578,225.9600067138672,229.57000732421875,220.12103271484375,1538700
2022-03-15,231.1699981689453,232.5500030517578,229.3800048828125,232.0,222.45101928710938,1188700
2022-03-16,232.75999450683594,242.1699981689453,232.75999450683594,242.00999450683594,232.0489959716797,2025300
2022-03-17,241.19000244140625,246.2899932861328,241.1300048828125,246.27999877929688,236.1432647705078,1350400
2022-03-18,249.08999633789062,251.24000549316406,246.52000427246094,249.60000610351562,239.32662963867188,2863000
2022-03-21,248.5,251.4600067138672,248.24000549316406,250.75999450683594,240.4388427734375,1442900
2022-03-22,250.75999450683594,251.99000549316406,245.72000122070312,247.99000549316406,237.7828826904297,1873300
2022-03-23,248.0,249.8800048828125,246.4600067138672,246.7899932861328,236.63226318359375,976800
2022-03-24,247.30999755859375,248.49000549316406,243.77000427246094,244.92999267578125,234.8488006591797,1793000
2022-03-25,245.5399932861328,249.3300018310547,245.5399932861328,247.72000122070312,237.5240020751953,1601800
2022-03-28,248.11000061035156,248.75,244.0500030517578,244.5800018310547,234.5132293701172,1795500
2022-03-29,245.0,245.49000549316406,238.75,240.88999938964844,230.97511291503906,2182100
2022-03-30,242.30999755859375,243.69000244140625,240.60000610351562,241.8000030517578,231.84765625,1586700
2022-03-31,242.5800018310547,244.8000030517578,237.8300018310547,237.86000061035156,228.06982421875,2555900
2022-04-01,238.64999389648438,240.8699951171875,236.41000366210938,239.82000732421875,229.94915771484375,1906100
2022-04-04,240.07000732421875,240.63999938964844,233.1699981689453,234.58999633789062,224.93441772460938,1321500
2022-04-05,233.24000549316406,240.6199951171875,233.24000549316406,237.4600067138672,227.68629455566406,1227100
2022-04-06,236.55999755859375,243.72000122070312,235.99000549316406,243.4499969482422,233.42974853515625,1795900
2022-04-07,244.60000610351562,245.77000427246094,238.77000427246094,244.3000030517578,234.24476623535156,1212000
2022-04-08,245.94000244140625,247.02000427246094,242.0,242.5,232.5188446044922,1258900
2022-04-11,242.22000122070312,242.3699951171875,237.42999267578125,239.83999633789062,229.9683074951172,1302100
2022-04-12,240.02000427246094,242.66000366210938,235.0,236.02999877929688,226.31515502929688,1467800
2022-04-13,236.80999755859375,239.63999938964844,235.8000030517578,239.36000061035156,229.50807189941406,1085100
2022-04-14,239.67999267578125,240.5399932861328,237.55999755859375,237.66000366210938,227.8780517578125,834100
2022-04-18,237.27999877929688,238.82000732421875,235.08999633789062,236.24000549316406,226.51649475097656,773400
2022-04-19,237.1199951171875,237.77000427246094,231.6999969482422,234.10000610351562,224.464599609375,1356600
2022-04-20,235.0,237.61000061035156,233.9199981689453,236.1999969482422,226.4781494140625,1591800
2022-04-21,236.61000061035156,237.4600067138672,228.14999389648438,228.3699951171875,218.9704132080078,1633500
2022-04-22,228.4199981689453,229.3000030517578,222.39999389648438,222.9199981689453,213.74473571777344,1570100
2022-04-25,221.39999389648438,222.35000610351562,217.52000427246094,221.55999755859375,212.4407196044922,2040300
2022-04-26,221.6999969482422,221.75999450683594,213.13999938964844,213.27000427246094,204.49192810058594,2122200
2022-04-27,217.49000549316406,228.4499969482422,214.77999877929688,225.92999267578125,216.630859375,2256500
2022-04-28,226.11000061035156,228.1199951171875,222.7100067138672,225.72000122070312,216.42950439453125,1473100
2022-04-29,224.52999877929688,225.9499969482422,218.88999938964844,219.33999633789062,210.3120880126953,1295000
2022-05-02,219.38999938964844,220.99000549316406,213.49000549316406,216.77999877929688,207.8574676513672,1463200
2022-05-03,217.55999755859375,220.49000549316406,216.8300018310547,219.16000366210938,210.13949584960938,1125300
2022-05-04,218.5,220.9600067138672,213.75,220.66000366210938,211.57777404785156,1623300
2022-05-05,219.99000549316406,219.99000549316406,211.1300048828125,213.27000427246094,204.49192810058594,1427300
2022-05-06,212.1999969482422,212.85000610351562,208.14999389648438,210.3699951171875,201.71128845214844,1296100
2022-05-09,208.8300018310547,209.24000549316406,200.66000366210938,201.60000610351562,193.30226135253906,1821200
2022-05-10,203.49000549316406,205.64999389648438,198.08999633789062,200.27000427246094,192.02700805664062,1574900
2022-05-11,200.11000061035156,202.35000610351562,197.97999572753906,198.6199951171875,190.4449005126953,1498300
2022-05-12,198.02000427246094,199.1699981689453,191.94000244140625,196.00999450683594,187.94232177734375,2572500
2022-05-13,198.1999969482422,202.32000732421875,196.08999633789062,200.10000610351562,191.86399841308594,1888600
2022-05-16,200.49000549316406,200.66000366210938,195.0399932861328,196.1699981689453,188.09576416015625,2064800
2022-05-17,198.6999969482422,199.30999755859375,194.02999877929688,196.02999877929688,187.96151733398438,1664300
2022-05-18,194.9600067138672,195.1300048828125,187.10000610351562,188.47999572753906,180.72225952148438,1832400
2022-05-19,186.7100067138672,191.36000061035156,186.19000244140625,190.14999389648438,182.3235321044922,1611300
2022-05-20,192.08999633789062,193.0,188.72999572753906,192.11000061035156,184.20286560058594,2601900
2022-05-23,194.27000427246094,194.55999755859375,191.25999450683594,191.60000610351562,183.7138671875,1879100
2022-05-24,191.5800018310547,192.6300048828125,187.89999389648438,191.6699981689453,183.78097534179688,1226700
2022-05-25,192.92999267578125,196.75999450683594,191.08999633789062,195.42999267578125,187.38619995117188,1897900
2022-05-26,195.74000549316406,198.58999633789062,195.17999267578125,196.91000366210938,188.80531311035156,1029200
2022-05-27,198.8300018310547,199.94000244140625,197.50999450683594,199.92999267578125,191.70098876953125,1123900
2022-05-31,199.83999633789062,200.36000061035156,197.4499969482422,198.8300018310547,190.6462860107422,2286600
2022-06-01,199.1999969482422,201.0,197.74000549316406,199.3699951171875,191.16403198242188,1617600
2022-06-02,200.0,204.74000549316406,199.3699951171875,204.67999267578125,196.2554931640625,1308200
2022-06-03,201.6199951171875,203.94000244140625,199.22000122070312,200.0,191.76812744140625,1061400
2022-06-06,202.97000122070312,203.3699951171875,198.97999572753906,199.36000061035156,191.15444946289062,1228800
2022-06-07,198.72000122070312,203.0800018310547,198.6699981689453,202.75999450683594,194.4145050048828,1145100
2022-06-08,201.64999389648438,203.47000122070312,199.11000061035156,199.57000732421875,191.35581970214844,1094700
2022-06-09,199.13999938964844,201.1699981689453,197.88999938964844,197.92999267578125,190.7390594482422,1319900
2022-06-10,196.5800018310547,201.47000122070312,195.32000732421875,199.89999389648438,192.6374969482422,2471100
2022-06-13,195.9600067138672,206.11000061035156,195.27000427246094,202.99000549316406,195.615234375,2937900
2022-06-14,202.75999450683594,202.94000244140625,195.17999267578125,196.11000061035156,188.98519897460938,2345400
2022-06-15,197.5,203.1300048828125,196.83999633789062,200.8800048828125,193.58189392089844,1434600
2022-06-16,197.3300018310547,204.97000122070312,196.72999572753906,203.27999877929688,195.8946990966797,2167900
2022-06-17,202.72000122070312,203.25,197.1199951171875,200.52999877929688,193.24461364746094,3571600
2022-06-21,202.47000122070312,209.3000030517578,201.77999877929688,208.5,200.925048828125,1936000
2022-06-22,206.60000610351562,210.60000610351562,205.38999938964844,208.4600067138672,200.8865203857422,1581200
2022-06-23,209.30999755859375,211.2899932861328,206.41000366210938,208.4600067138672,200.8865203857422,1217700
2022-06-24,209.1199951171875,210.3800048828125,207.00999450683594,210.0,202.3705596923828,1556100
2022-06-27,211.0800018310547,211.2899932861328,208.64999389648438,209.44000244140625,201.83091735839844,1050800
2022-06-28,209.5500030517578,212.08999633789062,205.4199981689453,206.1199951171875,198.63153076171875,1223300
2022-06-29,206.30999755859375,208.88999938964844,204.7100067138672,206.14999389648438,198.66041564941406,853500
2022-06-30,204.52000427246094,206.25999450683594,202.5399932861328,204.6999969482422,197.26312255859375,1149200
2022-07-01,203.8699951171875,204.50999450683594,200.41000366210938,204.27999877929688,196.85836791992188,1822200
2022-07-05,203.5800018310547,204.5,199.52999877929688,204.36000061035156,196.9354705810547,1066900
2022-07-06,205.80999755859375,206.9600067138672,202.9199981689453,203.9600067138672,196.5500030517578,1123700
2022-07-07,204.89999389648438,209.25999450683594,204.50999450683594,208.77999877929688,201.19488525390625,1279100
2022-07-08,207.55999755859375,211.19000244140625,207.36000061035156,208.89999389648438,201.31053161621094,1270500
2022-07-11,209.5500030517578,210.0,206.74000549316406,208.33999633789062,200.7708740234375,798400
2022-07-12,208.5399932861328,210.1699981689453,202.52999877929688,203.1699981689453,195.7886962890625,959500
2022-07-13,201.4199981689453,205.5500030517578,201.32000732421875,203.5500030517578,196.1549072265625,759600
2022-07-14,200.7899932861328,201.6699981689453,198.00999450683594,199.52999877929688,192.28094482421875,1560000
2022-07-15,200.08999633789062,202.2899932861328,198.77000427246094,201.94000244140625,194.60337829589844,1760300
2022-07-18,202.5800018310547,203.2899932861328,199.99000549316406,200.44000244140625,193.1578826904297,964700
2022-07-19,202.47000122070312,204.6999969482422,200.89999389648438,203.82000732421875,196.4150848388672,1344400
2022-07-20,205.27999877929688,206.1999969482422,202.86000061035156,204.14999389648438,196.7330780029297,1395500
2022-07-21,204.5500030517578,205.80999755859375,203.36000061035156,205.7899932861328,198.31350708007812,1036500
2022-07-22,205.42999267578125,206.5500030517578,202.9199981689453,204.47999572753906,197.05108642578125,951200
2022-07-25,204.5,205.75,203.05999755859375,204.4600067138672,197.03184509277344,1241600
2022-07-26,204.4499969482422,205.55999755859375,202.8800048828125,203.77999877929688,196.3765411376953,1186900
2022-07-27,201.7899932861328,202.74000549316406,194.22000122070312,195.99000549316406,188.86956787109375,2318900
2022-07-28,195.4499969482422,200.36000061035156,191.7100067138672,199.52000427246094,192.2713165283203,1787000
2022-07-29,198.8699951171875,200.60000610351562,197.85000610351562,199.47999572753906,192.23275756835938,1493000
2022-08-01,197.52000427246094,198.80999755859375,193.8800048828125,195.75,188.63827514648438,1498300
2022-08-02,195.91000366210938,198.8800048828125,194.94000244140625,197.52000427246094,190.34396362304688,1062200
2022-08-03,198.6999969482422,199.33999633789062,196.0800018310547,197.74000549316406,190.55596923828125,982700
2022-08-04,198.0,202.55999755859375,198.0,200.02999877929688,192.7627716064453,1080600
2022-08-05,199.97999572753906,202.2100067138672,199.39999389648438,202.14999389648438,194.8057403564453,1174800
2022-08-08,204.05999755859375,204.17999267578125,199.4199981689453,201.4600067138672,194.1408233642578,742100
2022-08-09,202.02999877929688,203.58999633789062,201.05999755859375,202.9499969482422,195.57669067382812,731500
2022-08-10,204.35000610351562,204.35000610351562,196.9199981689453,198.39999389648438,191.19198608398438,2305800
2022-08-11,198.57000732421875,201.92999267578125,197.50999450683594,199.02000427246094,191.7894744873047,1970400
2022-08-12,200.00999450683594,202.74000549316406,198.58999633789062,202.60000610351562,195.23941040039062,1445700
2022-08-15,199.97000122070312,205.25,199.97000122070312,202.2899932861328,194.940673828125,972000
2022-08-16,201.24000549316406,205.66000366210938,200.07000732421875,205.4600067138672,197.99551391601562,1376200
2022-08-17,203.47999572753906,206.5800018310547,202.02999877929688,206.4499969482422,198.94952392578125,1451000
2022-08-18,207.10000610351562,209.24000549316406,207.0,207.9199981689453,200.3661346435547,1081000
2022-08-19,206.47000122070312,206.61000061035156,201.63999938964844,202.07000732421875,194.72866821289062,1868900
2022-08-22,201.9600067138672,204.0,199.32000732421875,199.69000244140625,192.43511962890625,1007900
2022-08-23,199.24000549316406,199.24000549316406,197.16000366210938,197.67999267578125,190.49815368652344,1092100
2022-08-24,197.99000549316406,199.5,197.1699981689453,198.89999389648438,191.673828125,987800
2022-08-25,199.97000122070312,201.49000549316406,197.88999938964844,199.1300048828125,191.89547729492188,815100
2022-08-26,199.5399932861328,200.42999267578125,196.17999267578125,196.35000610351562,189.2164764404297,1056400
2022-08-29,195.69000244140625,197.1300048828125,194.32000732421875,195.39999389648438,188.3009796142578,1160400
2022-08-30,197.0,197.8300018310547,193.8800048828125,195.19000244140625,188.09860229492188,1610300
2022-08-31,197.22999572753906,198.25999450683594,195.16000366210938,195.61000061035156,188.50335693359375,1769300
2022-09-01,194.5,199.52999877929688,194.02000427246094,199.4199981689453,192.17494201660156,1703100
2022-09-02,200.92999267578125,201.25999450683594,193.97999572753906,194.69000244140625,187.6167755126953,1511800
2022-09-06,195.47000122070312,199.72000122070312,194.6199951171875,198.02999877929688,190.83543395996094,1667100
2022-09-07,196.88999938964844,200.47000122070312,196.83999633789062,200.33999633789062,193.06150817871094,1236500
2022-09-08,198.7899932861328,202.47999572753906,198.5,201.97999572753906,195.6183624267578,983900
2022-09-09,201.97000122070312,201.97000122070312,199.14999389648438,201.32000732421875,194.97915649414062,1637100
2022-09-12,201.17999267578125,202.19000244140625,199.69000244140625,200.2100067138672,193.90411376953125,953800
2022-09-13,197.77000427246094,199.69000244140625,193.58999633789062,194.0800018310547,187.96719360351562,1927000
2022-09-14,195.72999572753906,195.72999572753906,189.75,191.3000030517578,185.27474975585938,1856700
2022-09-15,191.97000122070312,194.19000244140625,190.57000732421875,190.77000427246094,184.76144409179688,1416000
2022-09-16,191.1199951171875,193.82000732421875,189.94000244140625,191.55999755859375,185.52655029296875,1708800
2022-09-19,190.77000427246094,190.7899932861328,188.7100067138672,190.72000122070312,184.7130126953125,819900
2022-09-20,189.2899932861328,189.83999633789062,185.1699981689453,187.25,181.35231018066406,984100
2022-09-21,186.57000732421875,187.72000122070312,181.97000122070312,182.02999877929688,176.29672241210938,1383100
2022-09-22,183.1999969482422,184.7899932861328,181.2899932861328,183.3300018310547,177.5557861328125,1244200
2022-09-23,183.0,184.13999938964844,178.75,181.0800018310547,175.3766326904297,1265800
2022-09-26,180.39999389648438,180.9600067138672,177.8699951171875,179.97999572753906,174.311279296875,1195900
2022-09-27,180.9499969482422,181.9600067138672,175.0800018310547,176.25999450683594,170.7084503173828,1781200
2022-09-28,176.39999389648438,180.41000366210938,175.3699951171875,179.52999877929688,173.87545776367188,1811000
2022-09-29,179.50999450683594,180.57000732421875,177.50999450683594,178.6699981689453,173.04254150390625,1623400
2022-09-30,179.16000366210938,180.91000366210938,176.9600067138672,177.1300048828125,171.55105590820312,1641600
2022-10-03,177.5800018310547,179.27000427246094,175.11000061035156,178.17999267578125,172.56796264648438,2023800
2022-10-04,179.3300018310547,182.22999572753906,177.4199981689453,182.1300048828125,176.39356994628906,2061400
2022-10-05,180.47000122070312,184.5500030517578,179.35000610351562,180.8699951171875,175.17324829101562,1424900
2022-10-06,180.8800048828125,181.5399932861328,175.44000244140625,175.64999389648438,170.11766052246094,1875700
2022-10-07,174.80999755859375,174.99000549316406,169.3300018310547,169.9199981689453,164.56813049316406,1950700
2022-10-10,170.6699981689453,171.08999633789062,168.49000549316406,169.4600067138672,164.1226348876953,2172800
2022-10-11,169.92999267578125,171.6999969482422,169.00999450683594,169.9499969482422,164.59719848632812,1696400
2022-10-12,173.11000061035156,175.82000732421875,171.49000549316406,171.7100067138672,166.3017578125,2459200
2022-10-13,170.8800048828125,175.0500030517578,168.5,174.44000244140625,168.94578552246094,2228900
2022-10-14,174.5,175.8300018310547,171.36000061035156,171.82000732421875,166.40830993652344,1299200
2022-10-17,174.25,176.50999450683594,173.49000549316406,174.14999389648438,168.66490173339844,1492500
2022-10-18,177.0399932861328,177.07000732421875,173.8800048828125,174.25999450683594,168.7714385986328,1236600
2022-10-19,173.63999938964844,175.2899932861328,172.4600067138672,172.8000030517578,167.35743713378906,1139500
2022-10-20,171.97999572753906,173.67999267578125,169.9499969482422,170.39999389648438,165.0330047607422,1777300
2022-10-21,170.39999389648438,170.39999389648438,166.5800018310547,169.99000549316406,164.6359405517578,3395300
2022-10-24,170.4199981689453,173.52000427246094,170.02000427246094,172.00999450683594,166.59231567382812,2400700
2022-10-25,171.25999450683594,176.36000061035156,171.07000732421875,175.8000030517578,170.26295471191406,3025500
2022-10-26,176.5500030517578,178.22000122070312,171.07000732421875,171.92999267578125,166.51483154296875,2171200
2022-10-27,172.75,175.07000732421875,171.64999389648438,172.72999572753906,167.28964233398438,2033800
2022-10-28,173.8000030517578,175.55999755859375,171.67999267578125,174.75,169.2460174560547,1658300
2022-10-31,173.3699951171875,174.91000366210938,172.7899932861328,173.3000030517578,167.8416748046875,1610200
2022-11-01,174.50999450683594,175.3000030517578,172.0,173.52999877929688,168.06443786621094,1559400
2022-11-02,173.22000122070312,175.74000549316406,171.75999450683594,172.8800048828125,167.43492126464844,2564600
2022-11-03,171.1300048828125,173.3300018310547,170.8000030517578,170.9199981689453,165.53665161132812,973300
2022-11-04,171.88999938964844,172.9199981689453,169.22000122070312,170.6699981689453,165.29452514648438,2069600
2022-11-07,171.13999938964844,171.5500030517578,169.38999938964844,169.74000549316406,164.39381408691406,1738400
2022-11-08,169.75,174.16000366210938,169.25,173.1999969482422,167.7448272705078,3225800
2022-11-09,174.5399932861328,174.55999755859375,170.80999755859375,171.0,165.61412048339844,1769100
2022-11-10,175.89999389648438,175.89999389648438,171.86000061035156,174.33999633789062,168.8489227294922,2417900
2022-11-11,175.1199951171875,175.55999755859375,171.35000610351562,174.25,168.7617645263672,2723600
2022-11-14,174.0800018310547,178.63999938964844,173.82000732421875,173.89999389648438,168.4227752685547,2023700
2022-11-15,174.82000732421875,175.75999450683594,171.67999267578125,173.7899932861328,168.3162384033203,2024700
2022-11-16,174.2899932861328,176.38999938964844,173.99000549316406,174.88999938964844,169.381591796875,2684800
2022-11-17,174.42999267578125,175.3699951171875,173.41000366210938,173.52999877929688,168.06443786621094,2399700
2022-11-18,174.0,174.33999633789062,171.16000366210938,172.5,167.06687927246094,2074100
2022-11-21,172.97000122070312,176.94000244140625,172.6999969482422,176.5,170.94088745117188,2520100
2022-11-22,177.5500030517578,177.60000610351562,174.02000427246094,174.25,168.7617645263672,1558500
2022-11-23,174.80999755859375,177.72999572753906,174.66000366210938,176.0,170.45663452148438,2087100
2022-11-25,176.44000244140625,176.74000549316406,174.0,175.0,169.48812866210938,1086700
2022-11-28,174.8000030517578,175.36000061035156,172.30999755859375,173.1300048828125,167.6770477294922,2296500
2022-11-29,173.5,175.3800048828125,172.77000427246094,174.80999755859375,169.3041229248047,2123500
2022-11-30,174.94000244140625,177.1999969482422,172.0500030517578,176.5,170.94088745117188,3865100
2022-12-01,178.2100067138672,179.4199981689453,176.97999572753906,177.89999389648438,172.2967987060547,3246400
2022-12-02,176.58999633789062,177.89999389648438,175.47000122070312,176.6300048828125,171.06680297851562,3193400
2022-12-05,176.97999572753906,180.67999267578125,175.05999755859375,180.3800048828125,174.6986846923828,2937200
2022-12-06,181.1199951171875,181.99000549316406,179.6999969482422,179.88999938964844,174.22412109375,2485500
2022-12-07,179.35000610351562,180.50999450683594,175.35000610351562,176.0,170.45663452148438,2441100
2022-12-08,174.91000366210938,177.77000427246094,174.75,177.1999969482422,172.59951782226562,1769400
2022-12-09,177.30999755859375,179.25,177.27000427246094,178.8300018310547,174.1872100830078,2474300
2022-12-12,178.52000427246094,180.92999267578125,177.16000366210938,180.88999938964844,176.1937255859375,2438500
2022-12-13,183.3699951171875,183.4600067138672,177.6999969482422,178.1300048828125,173.50538635253906,1680400
2022-12-14,178.0,179.86000061035156,174.67999267578125,174.9199981689453,170.37872314453125,2426500
2022-12-15,173.0800018310547,173.92999267578125,171.08999633789062,172.47000122070312,167.99232482910156,1721900
2022-12-16,171.1999969482422,172.1199951171875,170.02999877929688,171.1199951171875,166.6773681640625,3124500
2022-12-19,171.38999938964844,172.0399932861328,169.50999450683594,170.67999267578125,166.24879455566406,1366900
2022-12-20,171.16000366210938,172.05999755859375,169.07000732421875,169.19000244140625,164.7974853515625,1770400
2022-12-21,170.00999450683594,172.89999389648438,169.25,172.8699951171875,168.38192749023438,1871700
2022-12-22,172.0399932861328,173.25999450683594,170.22999572753906,173.1699981689453,168.6741485595703,1900200
2022-12-23,173.2899932861328,173.85000610351562,172.35000610351562,173.3300018310547,168.8300018310547,1312000
2022-12-27,170.30999755859375,170.74000549316406,166.61000061035156,167.67999267578125,167.67999267578125,1951700
2022-12-28,168.16000366210938,169.50999450683594,167.50999450683594,167.94000244140625,167.94000244140625,1209800
2022-12-29,168.6999969482422,170.2899932861328,168.27999877929688,169.16000366210938,169.16000366210938,1351700
2022-12-30,168.08999633789062,169.25999450683594,166.9499969482422,168.16000366210938,168.16000366210938,1045300
2023-01-03,168.27000427246094,168.99000549316406,166.5500030517578,168.9499969482422,168.9499969482422,2483800
2023-01-04,169.9199981689453,170.47000122070312,168.02999877929688,170.0800018310547,170.0800018310547,2237300
2023-01-05,170.5399932861328,171.75999450683594,169.41000366210938,169.75,169.75,1501400
2023-01-06,170.5500030517578,175.63999938964844,169.22999572753906,175.08999633789062,175.08999633789062,1950700
2023-01-09,175.3300018310547,178.6699981689453,174.85000610351562,175.8000030517578,175.8000030517578,2177600
2023-01-10,176.08999633789062,178.47000122070312,176.0399932861328,177.5,177.5,1378700
2023-01-11,177.61000061035156,177.97000122070312,175.38999938964844,175.63999938964844,175.63999938964844,1396500
2023-01-12,175.0,176.83999633789062,173.05999755859375,176.7100067138672,176.7100067138672,1956600
2023-01-13,175.16000366210938,177.0399932861328,174.89999389648438,175.6199951171875,175.6199951171875,1070500
