Date,Open,High,Low,Close,Adj Close,Volume
2022-01-18,160.6199951171875,162.39999389648438,155.8000030517578,157.0800018310547,153.8701171875,2393700
2022-01-19,157.4499969482422,158.10000610351562,151.57000732421875,151.61000061035156,148.51190185546875,2019100
2022-01-20,151.69000244140625,154.5399932861328,149.8300018310547,150.27000427246094,147.19927978515625,1962700
2022-01-21,149.4499969482422,149.4499969482422,145.32000732421875,146.52000427246094,143.5259246826172,2727100
2022-01-24,143.24000549316406,148.64999389648438,140.67999267578125,148.3000030517578,145.26954650878906,3963500
2022-01-25,146.72999572753906,154.50999450683594,144.58999633789062,152.16000366210938,149.0506591796875,5634300
2022-01-26,143.9499969482422,149.9499969482422,142.1300048828125,144.89999389648438,141.9390106201172,7626600
2022-01-27,146.82000732421875,148.60000610351562,140.82000732421875,141.67999267578125,138.78480529785156,4048700
2022-01-28,140.80999755859375,142.72000122070312,138.60000610351562,142.6199951171875,139.70559692382812,3599400
2022-01-31,141.33999633789062,147.00999450683594,140.41000366210938,146.72999572753906,143.73159790039062,3789000
2022-02-01,147.0,150.86000061035156,145.97999572753906,150.49000549316406,147.414794921875,3063900
2022-02-02,149.47999572753906,150.5399932861328,146.92999267578125,149.6199951171875,146.56256103515625,2446600
2022-02-03,148.91000366210938,151.11000061035156,147.89999389648438,148.2899932861328,145.2597198486328,1978000
2022-02-04,149.0,151.8800048828125,148.57000732421875,150.35000610351562,147.27764892578125,2201200
2022-02-07,150.9600067138672,153.47999572753906,150.32000732421875,152.1699981689453,149.06045532226562,2300400
2022-02-08,153.5,156.30999755859375,152.63999938964844,155.97999572753906,152.79258728027344,3376300
2022-02-09,156.94000244140625,159.9199981689453,156.77999877929688,158.83999633789062,155.59414672851562,2173400
2022-02-10,158.36000061035156,160.5,156.77999877929688,157.50999450683594,154.2913360595703,2865400
2022-02-11,156.19000244140625,160.3800048828125,154.72999572753906,156.0,153.39651489257812,3041600
2022-02-14,156.60000610351562,158.08999633789062,154.35000610351562,155.13999938964844,152.55087280273438,2598300
2022-02-15,156.99000549316406,159.6300048828125,156.3699951171875,158.88999938964844,156.23829650878906,2090200
2022-02-16,157.4600067138672,160.5399932861328,157.08999633789062,158.86000061035156,156.2087860107422,1761800
2022-02-17,157.08999633789062,157.82000732421875,153.10000610351562,154.36000061035156,151.78387451171875,2201500
2022-02-18,153.75999450683594,157.27999877929688,153.3000030517578,153.9600067138672,151.3905792236328,3158300
2022-02-22,153.52000427246094,155.08999633789062,151.17999267578125,152.92999267578125,150.3777313232422,2095700
2022-02-23,153.8300018310547,154.64999389648438,148.8000030517578,149.47000122070312,146.97549438476562,2942800
2022-02-24,143.00999450683594,148.13999938964844,141.02999877929688,147.77000427246094,145.3038787841797,3693300
2022-02-25,148.82000732421875,154.3300018310547,148.52999877929688,153.58999633789062,151.02674865722656,2019500
2022-02-28,148.97999572753906,153.50999450683594,147.88999938964844,153.27000427246094,150.71206665039062,3408000
2022-03-01,152.3800048828125,152.49000549316406,140.14999389648438,140.67999267578125,138.3321990966797,4335700
2022-03-02,141.9499969482422,143.83999633789062,139.11000061035156,141.1999969482422,138.843505859375,3700800
2022-03-03,142.1199951171875,142.66000366210938,136.00999450683594,138.52000427246094,136.20823669433594,3837300
2022-03-04,135.00999450683594,135.1699981689453,131.02000427246094,134.1199951171875,131.8816680908203,3864500
2022-03-07,132.49000549316406,132.80999755859375,124.69999694824219,124.80000305175781,122.71721649169922,4877900
2022-03-08,125.93000030517578,130.75,122.43000030517578,126.08000183105469,123.97586059570312,3683400
2022-03-09,132.17999267578125,135.00999450683594,130.97999572753906,131.91000366210938,129.70855712890625,3061600
2022-03-10,129.0,132.10000610351562,127.08000183105469,130.25999450683594,128.08609008789062,3328500
2022-03-11,131.4600067138672,133.11000061035156,129.6699981689453,130.08999633789062,127.91893768310547,2514500
2022-03-14,132.9499969482422,136.3800048828125,132.39999389648438,133.6699981689453,131.43919372558594,3001400
2022-03-15,133.72999572753906,136.7899932861328,132.85000610351562,134.27000427246094,132.0291748046875,2853300
2022-03-16,136.99000549316406,141.1999969482422,134.72999572753906,137.83999633789062,135.5395965576172,3376800
2022-03-17,132.07000732421875,137.55999755859375,131.16000366210938,137.5500030517578,135.25442504882812,3154000
2022-03-18,134.02999877929688,138.52000427246094,134.02999877929688,138.2100067138672,135.9034423828125,6579300
2022-03-21,138.1999969482422,138.88999938964844,133.25999450683594,134.44000244140625,132.19631958007812,4071300
2022-03-22,136.36000061035156,140.6999969482422,135.91000366210938,138.1699981689453,135.86407470703125,2964500
2022-03-23,136.77000427246094,137.94000244140625,132.8800048828125,133.99000549316406,131.7538604736328,1994700
2022-03-24,135.2100067138672,135.6999969482422,133.27999877929688,135.07000732421875,132.8158416748047,1883800
2022-03-25,136.08999633789062,136.85000610351562,134.66000366210938,135.8800048828125,133.6123046875,2240600
2022-03-28,134.9499969482422,134.9499969482422,131.1199951171875,133.25,131.0261993408203,2747600
2022-03-29,136.2899932861328,137.86000061035156,135.02000427246094,135.69000244140625,133.4254913330078,2236600
2022-03-30,135.6999969482422,137.32000732421875,133.55999755859375,134.47000122070312,132.225830078125,2795600
2022-03-31,133.9199981689453,136.13999938964844,131.2899932861328,131.2899932861328,129.09889221191406,3273000
2022-04-01,133.02000427246094,134.0500030517578,130.05999755859375,130.88999938964844,128.70556640625,2829600
2022-04-04,130.97000122070312,132.8699951171875,129.22999572753906,131.6699981689453,129.47256469726562,2230200
2022-04-05,130.94000244140625,132.35000610351562,130.07000732421875,130.4199981689453,128.243408203125,2333500
2022-04-06,130.22000122070312,131.0399932861328,128.6699981689453,129.27999877929688,127.12245178222656,3611400
2022-04-07,130.0399932861328,132.74000549316406,126.83000183105469,129.30999755859375,127.15194702148438,4729800
2022-04-08,130.41000366210938,132.63999938964844,129.67999267578125,131.75999450683594,129.56105041503906,2597200
2022-04-11,131.9499969482422,133.9499969482422,130.94000244140625,131.22999572753906,129.03988647460938,1858000
2022-04-12,130.91000366210938,135.0,130.6300048828125,132.22999572753906,130.02320861816406,2026100
2022-04-13,130.47999572753906,132.97000122070312,130.30999755859375,132.6199951171875,130.40670776367188,1704100
2022-04-14,132.72999572753906,134.4600067138672,132.17999267578125,132.58999633789062,130.377197265625,2289100
2022-04-18,132.22999572753906,139.1300048828125,132.0,137.97999572753906,135.67724609375,2731300
2022-04-19,138.08999633789062,142.35000610351562,138.08999633789062,141.58999633789062,139.2270050048828,3119200
2022-04-20,142.72999572753906,144.24000549316406,141.0500030517578,141.85000610351562,139.482666015625,2035700
2022-04-21,143.1300048828125,144.72999572753906,139.6300048828125,139.97999572753906,137.6438751220703,1925300
2022-04-22,139.22000122070312,139.5,135.07000732421875,135.27999877929688,133.02230834960938,2458600
2022-04-25,133.9199981689453,136.85000610351562,131.25,136.4600067138672,134.18263244628906,2573800
2022-04-26,133.6300048828125,136.2899932861328,132.13999938964844,132.22999572753906,130.02320861816406,2764100
2022-04-27,120.9800033569336,126.55999755859375,119.87999725341797,124.3499984741211,122.27471923828125,5465100
2022-04-28,125.7699966430664,130.50999450683594,125.12999725341797,129.3800048828125,127.22078704833984,3265200
2022-04-29,128.85000610351562,131.0,124.36000061035156,124.62000274658203,122.54022216796875,2806300
2022-05-02,125.54000091552734,126.8499984741211,123.75,126.63999938964844,124.5265121459961,2266200
2022-05-03,127.51000213623047,130.2899932861328,126.2699966430664,128.64999389648438,126.50296020507812,2096000
2022-05-04,128.72000122070312,134.4600067138672,128.22000122070312,134.3000030517578,132.0586700439453,2266500
2022-05-05,132.0,133.41000366210938,129.02000427246094,130.3300018310547,128.15492248535156,2605000
2022-05-06,129.85000610351562,130.2899932861328,125.69000244140625,127.04000091552734,124.91983032226562,2434200
2022-05-09,124.77999877929688,126.45999908447266,122.31999969482422,123.22000122070312,121.16358947753906,2852100
2022-05-10,123.87000274658203,124.98999786376953,117.48999786376953,121.02999877929688,119.0101318359375,2981800
2022-05-11,121.26000213623047,124.58999633789062,119.4000015258789,119.58999633789062,117.59416198730469,2785600
2022-05-12,116.0,117.87999725341797,111.58000183105469,114.1500015258789,112.24495697021484,3952000
2022-05-13,115.66999816894531,118.37000274658203,115.26000213623047,116.45999908447266,115.12150573730469,3067700
2022-05-16,115.83000183105469,116.83000183105469,112.68000030517578,113.97000122070312,112.66012573242188,2427400
2022-05-17,117.80999755859375,120.9800033569336,116.91000366210938,120.41000366210938,119.02610778808594,2943500
2022-05-18,118.12000274658203,118.8499984741211,114.02999877929688,114.38999938964844,113.0752944946289,2942400
2022-05-19,112.45999908447266,114.94999694824219,112.2300033569336,113.33000183105469,112.02748107910156,2508800
2022-05-20,115.0999984741211,115.79000091552734,110.29000091552734,113.69999694824219,112.39322662353516,2586600
2022-05-23,116.56999969482422,119.91999816894531,115.95999908447266,118.80000305175781,117.43461608886719,2243500
2022-05-24,117.19000244140625,118.04000091552734,113.75,116.83000183105469,115.48725128173828,2568500
2022-05-25,116.36000061035156,121.11000061035156,115.93000030517578,120.22000122070312,118.83829498291016,1973900
2022-05-26,121.95999908447266,125.27999877929688,121.5,124.41000366210938,122.98014068603516,1898200
2022-05-27,124.48999786376953,126.45999908447266,124.41999816894531,126.45999908447266,125.00657653808594,1890700
2022-05-31,124.95999908447266,128.9499969482422,124.70999908447266,127.86000061035156,126.39048767089844,3758000
2022-06-01,127.76000213623047,128.52999877929688,123.43000030517578,124.95999908447266,123.52381896972656,2400400
2022-06-02,125.7300033569336,126.98999786376953,123.79000091552734,126.37000274658203,124.91761016845703,2070400
2022-06-03,124.87999725341797,125.73999786376953,123.58000183105469,124.05000305175781,122.62427520751953,1908600
2022-06-06,125.26000213623047,127.36000061035156,123.48999786376953,125.68000030517578,124.23554229736328,1758100
2022-06-07,124.4800033569336,128.61000061035156,124.16999816894531,128.22999572753906,126.75623321533203,1914500
2022-06-08,126.5999984741211,127.94999694824219,124.33000183105469,125.16999816894531,123.73139953613281,2043400
2022-06-09,124.87000274658203,125.05000305175781,119.23999786376953,119.33999633789062,117.9684066772461,2844100
2022-06-10,115.83999633789062,117.19000244140625,111.44000244140625,112.58000183105469,111.28610229492188,3779300
2022-06-13,109.01000213623047,110.91000366210938,106.27999877929688,107.01000213623047,105.78012084960938,4449700
2022-06-14,108.11000061035156,108.55000305175781,105.54000091552734,106.58000183105469,105.35506439208984,2054200
2022-06-15,108.70999908447266,109.58000183105469,105.69999694824219,108.16999816894531,106.92678833007812,3081600
2022-06-16,104.83000183105469,104.94000244140625,98.54000091552734,102.11000061035156,100.93643188476562,4951500
2022-06-17,104.26000213623047,108.23999786376953,103.0199966430664,107.26000213623047,106.0272445678711,10006800
2022-06-21,110.69000244140625,111.30999755859375,105.37000274658203,106.45999908447266,105.23643493652344,2917500
2022-06-22,104.69999694824219,106.75,104.31999969482422,105.62999725341797,104.41597747802734,2311200
2022-06-23,105.33000183105469,105.66000366210938,102.37000274658203,104.20999908447266,103.01229858398438,2486300
2022-06-24,105.43000030517578,111.69999694824219,105.30999755859375,110.08999633789062,108.82471466064453,4053700
2022-06-27,111.25,111.25,109.0,109.5999984741211,108.3403549194336,2187400
2022-06-28,111.58000183105469,113.37000274658203,108.19000244140625,108.5199966430664,107.27275848388672,1692700
2022-06-29,107.9000015258789,108.0199966430664,105.3499984741211,105.61000061035156,104.39620971679688,2438900
2022-06-30,103.0,106.04000091552734,101.56999969482422,104.19000244140625,102.9925308227539,2177900
2022-07-01,103.7300033569336,107.52999877929688,103.72000122070312,106.81999969482422,105.59230041503906,1536800
2022-07-05,103.68000030517578,106.69000244140625,102.48999786376953,106.66000366210938,105.43414306640625,1890100
2022-07-06,106.26000213623047,107.68000030517578,104.95999908447266,106.04000091552734,104.8212661743164,1576400
2022-07-07,108.05000305175781,109.5,106.87999725341797,108.83999633789062,107.58908081054688,2517100
2022-07-08,109.5,110.41000366210938,107.38999938964844,108.61000061035156,107.36173248291016,1879300
2022-07-11,107.37000274658203,108.91000366210938,106.86000061035156,107.16999816894531,105.93827819824219,1784200
2022-07-12,104.0,109.12000274658203,103.75,107.04000091552734,105.80976867675781,2510200
2022-07-13,104.94999694824219,106.27999877929688,102.80000305175781,105.52999877929688,104.31712341308594,2064600
2022-07-14,102.68000030517578,104.45999908447266,101.9800033569336,103.44999694824219,102.26102447509766,2788500
2022-07-15,106.5199966430664,108.9800033569336,104.37999725341797,108.1500015258789,106.90701293945312,4156600
2022-07-18,110.44999694824219,113.25,109.70999908447266,110.48999786376953,109.22012329101562,3418600
2022-07-19,110.43000030517578,113.77999877929688,110.12000274658203,113.0199966430664,111.72103881835938,2490500
2022-07-20,112.55000305175781,114.94000244140625,112.44999694824219,114.76000213623047,113.44104766845703,2092300
2022-07-21,113.19999694824219,114.58000183105469,111.45999908447266,114.2699966430664,112.95667266845703,3507800
2022-07-22,109.38999938964844,111.87999725341797,107.52999877929688,108.93000030517578,107.67805480957031,4201500
2022-07-25,109.69999694824219,111.75,107.87000274658203,110.93000030517578,109.65506744384766,2435900
2022-07-26,109.5,110.41000366210938,106.33999633789062,106.36000061035156,105.13758850097656,2372000
2022-07-27,107.54000091552734,109.55000305175781,106.44999694824219,108.94000244140625,107.68793487548828,2613300
2022-07-28,108.77999877929688,109.33999633789062,105.05000305175781,107.70999908447266,106.4720687866211,3337100
2022-07-29,107.93000030517578,110.08999633789062,107.5999984741211,109.83000183105469,108.56770324707031,2366100
2022-08-01,108.41999816894531,110.0199966430664,106.04000091552734,109.7300033569336,108.46885681152344,1898000
2022-08-02,108.83999633789062,109.05999755859375,106.8499984741211,106.94000244140625,105.71092987060547,2209400
2022-08-03,108.41000366210938,109.52999877929688,107.68000030517578,109.05999755859375,107.80655670166016,1553700
2022-08-04,107.45999908447266,107.97000122070312,106.11000061035156,106.88999938964844,105.6614990234375,3323200
2022-08-05,105.41999816894531,107.05999755859375,105.06999969482422,106.33000183105469,105.70126342773438,2455500
2022-08-08,107.0,109.58000183105469,106.95999908447266,107.81999969482422,107.18244934082031,2890700
2022-08-09,107.93000030517578,108.0199966430664,105.5999984741211,106.37999725341797,105.75096130371094,1816500
2022-08-10,109.08000183105469,113.41999816894531,108.5,112.73999786376953,112.07335662841797,3480200
2022-08-11,114.9800033569336,116.55000305175781,114.33000183105469,115.2699966430664,114.58839416503906,2615100
2022-08-12,116.33999633789062,116.33999633789062,114.55999755859375,115.73999786376953,115.05561828613281,1594600
2022-08-15,113.06999969482422,114.19000244140625,112.12000274658203,113.66000366210938,112.98792266845703,2328200
2022-08-16,113.51000213623047,115.94000244140625,112.68000030517578,115.45999908447266,114.77727508544922,2191600
2022-08-17,113.1500015258789,114.25,112.02999877929688,113.61000061035156,112.93821716308594,1962600
2022-08-18,113.79000091552734,114.2699966430664,112.80999755859375,113.8499984741211,113.17679595947266,1699300
2022-08-19,112.75,113.11000061035156,111.83000183105469,112.20999908447266,111.54649353027344,2157200
2022-08-22,109.83999633789062,109.94999694824219,107.88999938964844,109.0,108.35547637939453,2271500
2022-08-23,109.72000122070312,111.33000183105469,109.18000030517578,109.80999755859375,109.16068267822266,1809700
2022-08-24,109.8499984741211,111.20999908447266,108.83999633789062,110.36000061035156,109.70743560791016,1662700
2022-08-25,111.19000244140625,113.68000030517578,110.56999969482422,113.66000366210938,112.98792266845703,1565500
2022-08-26,114.0,114.41000366210938,109.68000030517578,109.81999969482422,109.17062377929688,2212200
2022-08-29,108.8499984741211,108.93000030517578,106.61000061035156,107.19999694824219,106.56611633300781,2329600
2022-08-30,107.97000122070312,108.02999877929688,105.98999786376953,106.83000183105469,106.19831085205078,1542600
2022-08-31,107.36000061035156,107.93000030517578,105.66999816894531,105.81999969482422,105.19427490234375,2845900
2022-09-01,105.30999755859375,105.45999908447266,102.26000213623047,104.80999755859375,104.19024658203125,2016600
2022-09-02,106.72000122070312,107.45999908447266,103.6500015258789,104.22000122070312,103.6037368774414,1863600
2022-09-06,104.63999938964844,104.93000030517578,101.12000274658203,102.16999816894531,101.56585693359375,2253700
2022-09-07,101.69000244140625,105.19999694824219,101.69000244140625,104.88999938964844,104.269775390625,2402700
2022-09-08,103.8499984741211,106.55999755859375,102.37000274658203,106.44000244140625,105.81061553955078,2182200
2022-09-09,107.48999786376953,108.94999694824219,106.97000122070312,108.31999969482422,107.67949676513672,1725800
2022-09-12,109.68000030517578,111.37000274658203,109.1500015258789,109.79000091552734,109.14080047607422,2208600
2022-09-13,105.93000030517578,106.33000183105469,100.83999633789062,101.04000091552734,100.44254302978516,3118600
2022-09-14,101.54000091552734,101.62000274658203,98.52999877929688,100.6500015258789,100.05484771728516,3350100
2022-09-15,100.94000244140625,104.79000091552734,100.86000061035156,102.7699966430664,102.16230773925781,3272100
2022-09-16,101.55999755859375,102.20999908447266,99.41999816894531,101.68000030517578,101.0787582397461,5629200
2022-09-19,100.08999633789062,102.8499984741211,99.79000091552734,102.4800033569336,101.87403106689453,1949800
2022-09-20,101.0,101.5999984741211,99.56999969482422,101.37000274658203,100.77059173583984,2833800
2022-09-21,102.05000305175781,103.4000015258789,99.4000015258789,99.48999786376953,98.90170288085938,3386200
2022-09-22,99.62000274658203,99.95999908447266,95.3499984741211,95.47000122070312,94.90547943115234,2446400
2022-09-23,93.73999786376953,95.0,92.19000244140625,93.77999877929688,93.22547149658203,2544300
2022-09-26,92.94999694824219,94.6500015258789,90.8499984741211,91.30000305175781,90.76013946533203,2547800
2022-09-27,92.98999786376953,93.44999694824219,90.2699966430664,91.38999938964844,90.84960174560547,2736000
2022-09-28,92.06999969482422,95.66000366210938,91.41999816894531,95.04000091552734,94.47801971435547,3483600
2022-09-29,93.33999633789062,94.47000122070312,91.94000244140625,93.68000030517578,93.12606048583984,2463100
2022-09-30,93.79000091552734,94.61000061035156,92.0199966430664,92.16999816894531,91.62499237060547,2396500
2022-10-03,94.0999984741211,95.94000244140625,91.95999908447266,95.56999969482422,95.00489044189453,2158100
2022-10-04,97.7300033569336,99.97000122070312,97.4000015258789,99.87000274658203,99.27946472167969,3165800
2022-10-05,97.44000244140625,99.43000030517578,96.86000061035156,98.94000244140625,98.35496520996094,2515000
2022-10-06,97.72000122070312,98.45999908447266,96.12999725341797,96.7300033569336,96.15802764892578,2302100
2022-10-07,95.29000091552734,95.8499984741211,93.31999969482422,93.87000274658203,93.31494140625,2958100
2022-10-10,94.55000305175781,95.12000274658203,92.69000244140625,93.05000305175781,92.49979400634766,1717600
2022-10-11,92.33999633789062,95.79000091552734,92.19000244140625,93.76000213623047,93.2055892944336,2486800
2022-10-12,93.87000274658203,94.81999969482422,92.9800033569336,93.48999786376953,92.93718719482422,1860000
2022-10-13,92.75,98.25,90.70999908447266,97.81999969482422,97.24158477783203,2806700
2022-10-14,98.91999816894531,99.58999633789062,95.2699966430664,95.38999938964844,94.8259506225586,2866300
2022-10-17,98.23999786376953,98.8499984741211,96.38999938964844,97.47000122070312,96.8936538696289,1878500
2022-10-18,100.0,100.41000366210938,98.05000305175781,99.58999633789062,99.00111389160156,2309400
2022-10-19,96.66999816894531,97.87000274658203,94.58000183105469,95.2300033569336,94.66690063476562,2931100
2022-10-20,95.19999694824219,97.70999908447266,94.33000183105469,94.9800033569336,94.41838073730469,3534900
2022-10-21,94.62000274658203,96.25,92.94000244140625,96.25,95.68086242675781,3593600
2022-10-24,97.56999969482422,98.5,96.43000030517578,97.55999755859375,96.98311614990234,2836900
2022-10-25,97.22000122070312,102.3499984741211,97.22000122070312,101.58000183105469,100.97935485839844,2769300
2022-10-26,101.69999694824219,103.55999755859375,101.6500015258789,101.91999816894531,101.31733703613281,2191900
2022-10-27,103.13999938964844,104.02999877929688,101.52999877929688,102.12999725341797,101.52609252929688,3468900
2022-10-28,99.0,107.41999816894531,98.51000213623047,107.0999984741211,106.46670532226562,4403200
2022-10-31,106.06999969482422,107.08999633789062,105.05000305175781,106.0199966430664,105.3930892944336,2886900
2022-11-01,107.48999786376953,108.33000183105469,106.0,106.80999755859375,106.17842102050781,1907500
2022-11-02,106.33000183105469,107.66000366210938,102.9800033569336,103.20999908447266,102.5997085571289,2617900
2022-11-03,100.95999908447266,101.0999984741211,98.3499984741211,98.81999969482422,98.23567199707031,2622500
2022-11-04,100.70999908447266,102.72000122070312,100.19000244140625,102.52999877929688,101.9237289428711,2301300
2022-11-07,103.73999786376953,104.79000091552734,101.83999633789062,104.73999786376953,104.12065887451172,2452400
2022-11-08,104.73999786376953,106.41000366210938,103.9800033569336,105.54000091552734,104.91593170166016,1801800
2022-11-09,104.31999969482422,104.31999969482422,101.38999938964844,101.47000122070312,100.87000274658203,1751500
2022-11-10,106.55000305175781,114.12000274658203,106.55000305175781,113.41999816894531,113.41999816894531,3765000
2022-11-11,114.83000183105469,118.4000015258789,114.26000213623047,116.25,116.25,4476200
2022-11-14,114.4000015258789,115.52999877929688,111.44000244140625,111.56999969482422,111.56999969482422,3096900
2022-11-15,109.51000213623047,110.13999938964844,103.33999633789062,103.55999755859375,103.55999755859375,5862100
2022-11-16,103.95999908447266,104.2300033569336,100.16000366210938,101.76000213623047,101.76000213623047,3455600
2022-11-17,99.68000030517578,100.01000213623047,97.55000305175781,99.44000244140625,99.44000244140625,2923900
2022-11-18,101.13999938964844,101.58999633789062,98.22000122070312,98.95999908447266,98.95999908447266,2773300
2022-11-21,98.19000244140625,101.41000366210938,98.05000305175781,101.30999755859375,101.30999755859375,2227200
2022-11-22,102.08999633789062,103.52999877929688,101.05000305175781,101.55000305175781,101.55000305175781,1946700
2022-11-23,101.08999633789062,102.0,100.1500015258789,101.62999725341797,101.62999725341797,1284400
2022-11-25,101.13999938964844,101.94999694824219,100.9000015258789,101.72000122070312,101.72000122070312,589200
2022-11-28,100.12000274658203,101.2699966430664,99.12999725341797,99.58000183105469,99.58000183105469,1628100
2022-11-29,99.80999755859375,102.16000366210938,99.27999877929688,102.08000183105469,102.08000183105469,1490000
2022-11-30,102.1500015258789,103.37000274658203,98.5,103.23999786376953,103.23999786376953,3160300
2022-12-01,100.02999877929688,102.06999969482422,98.45999908447266,99.31999969482422,99.31999969482422,2353100
2022-12-02,98.1500015258789,100.25,97.5,97.69000244140625,97.69000244140625,2915600
2022-12-05,96.33000183105469,96.88999938964844,94.08999633789062,95.0199966430664,95.0199966430664,3462400
2022-12-06,95.0999984741211,96.72000122070312,92.76000213623047,94.02999877929688,94.02999877929688,3408800
2022-12-07,93.44999694824219,94.97000122070312,92.7300033569336,93.2300033569336,93.2300033569336,2913900
2022-12-08,93.79000091552734,94.48999786376953,92.5,93.58000183105469,93.58000183105469,2786000
2022-12-09,93.0999984741211,95.41000366210938,93.0999984741211,94.41000366210938,94.41000366210938,1992800
2022-12-12,94.93000030517578,98.11000061035156,94.23999786376953,97.5199966430664,97.5199966430664,2809800
2022-12-13,101.30999755859375,103.22000122070312,97.86000061035156,98.86000061035156,98.86000061035156,3411800
2022-12-14,98.23999786376953,99.30000305175781,95.18000030517578,96.5999984741211,96.5999984741211,3348200
2022-12-15,94.9800033569336,95.48999786376953,92.30000305175781,93.8499984741211,93.8499984741211,3385000
2022-12-16,91.75,92.79000091552734,89.22000122070312,90.0999984741211,90.0999984741211,6729200
2022-12-19,89.83000183105469,90.4800033569336,86.9800033569336,87.87000274658203,87.87000274658203,5174600
2022-12-20,87.7699966430664,88.94999694824219,87.30999755859375,88.38999938964844,88.38999938964844,4167900
2022-12-21,89.33000183105469,90.3499984741211,88.91999816894531,89.72000122070312,89.72000122070312,4594900
2022-12-22,88.44999694824219,89.5,87.22000122070312,89.48999786376953,89.48999786376953,4602100
2022-12-23,89.80999755859375,90.76000213623047,89.11000061035156,90.69000244140625,90.69000244140625,1902600
2022-12-27,90.83000183105469,91.44000244140625,89.91000366210938,90.75,90.75,1801500
2022-12-28,91.06999969482422,91.94000244140625,89.54000091552734,89.69999694824219,89.69999694824219,2231900
2022-12-29,90.12000274658203,92.80999755859375,89.93000030517578,92.66999816894531,92.66999816894531,1740600
2022-12-30,91.51000213623047,93.06999969482422,91.23999786376953,92.95999908447266,92.95999908447266,2065000
2023-01-03,92.66000366210938,95.5999984741211,92.41000366210938,92.97000122070312,92.97000122070312,2619400
2023-01-04,94.55999755859375,97.9800033569336,94.2300033569336,95.80000305175781,95.80000305175781,3177500
2023-01-05,92.5,94.36000061035156,91.52999877929688,93.9800033569336,93.9800033569336,3406400
2023-01-06,94.31999969482422,97.76000213623047,94.20999908447266,97.06999969482422,97.06999969482422,3668600
2023-01-09,97.83999633789062,99.43000030517578,96.58000183105469,97.44999694824219,97.44999694824219,4384000
2023-01-10,96.5999984741211,98.52999877929688,95.3499984741211,98.5,98.5,3196000
2023-01-11,99.2300033569336,102.68000030517578,98.81999969482422,101.79000091552734,101.79000091552734,4095000
2023-01-12,102.62000274658203,102.83000183105469,99.68000030517578,101.0199966430664,101.0199966430664,2581700
2023-01-13,99.41000366210938,103.36000061035156,98.62999725341797,102.8499984741211,102.8499984741211,3229300
