Date,Open,High,Low,Close,Adj Close,Volume
2022-01-18,59.97999954223633,60.220001220703125,59.4900016784668,59.72999954223633,57.791717529296875,26545800
2022-01-19,58.0,59.4900016784668,57.779998779296875,58.900001525878906,56.98865509033203,24333900
2022-01-20,58.9900016784668,59.34000015258789,58.02000045776367,58.08000183105469,56.19526290893555,17726500
2022-01-21,58.06999969482422,58.34000015258789,56.61000061035156,56.68000030517578,54.84069061279297,25914000
2022-01-24,56.15999984741211,57.0,54.869998931884766,56.900001525878906,55.05355453491211,34180100
2022-01-25,56.09000015258789,56.689998626708984,55.06999969482422,56.11000061035156,54.28919219970703,25156400
2022-01-26,56.11000061035156,56.45000076293945,54.86000061035156,55.33000183105469,53.53450012207031,28632700
2022-01-27,55.5099983215332,56.529998779296875,54.400001525878906,54.619998931884766,52.84754180908203,25967400
2022-01-28,54.5,55.65999984741211,53.45000076293945,55.61000061035156,53.805416107177734,30976600
2022-01-31,55.43000030517578,55.86000061035156,54.869998931884766,55.66999816894531,53.863468170166016,29925300
2022-02-01,55.45000076293945,55.5,54.7400016784668,55.369998931884766,53.573204040527344,22438500
2022-02-02,55.22999954223633,56.31999969482422,55.16999816894531,56.16999816894531,54.34724426269531,23316700
2022-02-03,55.869998931884766,56.150001525878906,55.060001373291016,55.20000076293945,53.408721923828125,19260500
2022-02-04,54.88999938964844,55.619998931884766,54.38999938964844,55.150001525878906,53.36034393310547,19675900
2022-02-07,55.33000183105469,55.529998779296875,54.70000076293945,55.16999816894531,53.379695892333984,14450200
2022-02-08,55.060001373291016,55.4900016784668,54.709999084472656,55.34000015258789,53.5441780090332,15219900
2022-02-09,55.81999969482422,56.380001068115234,55.47999954223633,56.290000915527344,54.463348388671875,19136700
2022-02-10,55.2400016784668,56.029998779296875,54.7400016784668,54.869998931884766,53.08943176269531,19730600
2022-02-11,54.869998931884766,55.09000015258789,53.77000045776367,53.900001525878906,52.150909423828125,20132500
2022-02-14,53.40999984741211,53.650001525878906,52.70000076293945,53.18000030517578,51.45427322387695,21868400
2022-02-15,53.720001220703125,54.29999923706055,53.63999938964844,54.27000045776367,52.5088996887207,17678000
2022-02-16,54.130001068115234,54.439998626708984,53.38999938964844,54.25,52.48954772949219,20388700
2022-02-17,55.5,57.060001373291016,55.400001525878906,55.77000045776367,53.96022415161133,32884700
2022-02-18,55.459999084472656,57.689998626708984,55.380001068115234,57.209999084472656,55.35349655151367,35626200
2022-02-22,56.93000030517578,57.13999938964844,55.7400016784668,56.29999923706055,54.473026275634766,25188300
2022-02-23,56.61000061035156,56.9900016784668,54.369998931884766,54.439998626708984,52.67338180541992,22033700
2022-02-24,54.06999969482422,54.83000183105469,53.209999084472656,54.72999954223633,52.953975677490234,27739300
2022-02-25,54.97999954223633,56.220001220703125,54.4900016784668,56.040000915527344,54.221458435058594,18963700
2022-02-28,55.40999984741211,56.0,54.75,55.77000045776367,53.96022415161133,23868700
2022-03-01,55.529998779296875,55.849998474121094,54.2599983215332,54.619998931884766,52.84754180908203,17799600
2022-03-02,54.77000045776367,56.380001068115234,54.709999084472656,56.150001525878906,54.3278923034668,18660000
2022-03-03,56.7400016784668,57.0,55.84000015258789,56.06999969482422,54.25048828125,16794600
2022-03-04,55.66999816894531,56.900001525878906,55.25,56.5099983215332,54.67620849609375,16729000
2022-03-07,56.310001373291016,56.439998626708984,55.52000045776367,55.59000015258789,53.78606414794922,21350900
2022-03-08,55.70000076293945,55.86000061035156,54.06999969482422,54.400001525878906,52.634681701660156,23642400
2022-03-09,55.63999938964844,56.25,55.25,55.91999816894531,54.10535430908203,19150900
2022-03-10,54.400001525878906,55.15999984741211,53.970001220703125,54.709999084472656,52.93462371826172,18550900
2022-03-11,55.290000915527344,56.209999084472656,54.599998474121094,54.689998626708984,52.91526794433594,20330300
2022-03-14,54.72999954223633,55.400001525878906,54.0,54.29999923706055,52.537925720214844,17977500
2022-03-15,54.41999816894531,55.72999954223633,54.41999816894531,55.599998474121094,53.795738220214844,18829100
2022-03-16,55.93000030517578,56.0,54.599998474121094,55.810001373291016,53.99892807006836,21821800
2022-03-17,55.4900016784668,56.29999923706055,55.349998474121094,56.16999816894531,54.34724426269531,18830500
2022-03-18,56.029998779296875,56.41999816894531,55.540000915527344,55.970001220703125,54.15373611450195,51807200
2022-03-21,56.060001373291016,56.54999923706055,55.52000045776367,56.0,54.182762145996094,29174600
2022-03-22,56.36000061035156,56.720001220703125,56.09000015258789,56.16999816894531,54.34724426269531,29287900
2022-03-23,55.900001525878906,56.09000015258789,54.45000076293945,54.47999954223633,52.71208953857422,19742100
2022-03-24,54.66999816894531,54.689998626708984,53.68000030517578,54.5,52.7314338684082,20551500
2022-03-25,54.61000061035156,55.18000030517578,54.400001525878906,54.970001220703125,53.18618392944336,18090600
2022-03-28,54.79999923706055,55.15999984741211,54.41999816894531,55.13999938964844,53.350669860839844,17164600
2022-03-29,55.66999816894531,56.310001373291016,55.040000915527344,55.66999816894531,53.863468170166016,20036500
2022-03-30,55.75,56.939998626708984,55.59000015258789,56.04999923706055,54.231136322021484,16125400
2022-03-31,56.040000915527344,56.880001068115234,55.720001220703125,55.7599983215332,53.9505500793457,27587700
2022-04-01,56.16999816894531,56.189998626708984,54.88999938964844,55.65999984741211,53.85379409790039,17465100
2022-04-04,55.459999084472656,56.119998931884766,54.9900016784668,55.869998931884766,54.05698013305664,19629200
2022-04-05,55.20000076293945,55.59000015258789,54.66999816894531,54.91999816894531,53.50169372558594,16063600
2022-04-06,54.689998626708984,54.7599983215332,53.84000015258789,54.369998931884766,52.96590042114258,19644100
2022-04-07,54.43000030517578,54.849998474121094,53.7400016784668,54.630001068115234,53.21918869018555,15739000
2022-04-08,54.84000015258789,54.90999984741211,54.0099983215332,54.279998779296875,52.87822341918945,18148200
2022-04-11,53.91999816894531,53.95000076293945,52.790000915527344,52.880001068115234,51.514381408691406,20992100
2022-04-12,51.70000076293945,52.95000076293945,51.47999954223633,51.81999969482422,50.481754302978516,25254200
2022-04-13,51.84000015258789,52.36000061035156,51.40999984741211,52.150001525878906,50.8032341003418,17004600
2022-04-14,52.08000183105469,52.380001068115234,51.119998931884766,51.16999816894531,49.848541259765625,18024800
2022-04-18,50.880001068115234,51.560001373291016,50.79999923706055,51.11000061035156,49.79009246826172,13990700
2022-04-19,51.0,51.939998626708984,50.91999816894531,51.83000183105469,50.49150085449219,15490900
2022-04-20,52.220001220703125,53.66999816894531,52.150001525878906,53.02000045776367,51.65076446533203,19526200
2022-04-21,53.34000015258789,53.83000183105469,52.72999954223633,52.779998779296875,51.416961669921875,17147300
2022-04-22,52.91999816894531,52.959999084472656,51.290000915527344,51.36000061035156,50.033634185791016,17693000
2022-04-25,51.45000076293945,51.97999954223633,50.540000915527344,51.939998626708984,50.59865951538086,18677000
2022-04-26,51.880001068115234,51.939998626708984,50.869998931884766,50.900001525878906,49.58551788330078,19238300
2022-04-27,50.90999984741211,51.11000061035156,49.25,49.310001373291016,48.03657531738281,33668600
2022-04-28,49.529998779296875,50.779998779296875,49.209999084472656,50.630001068115234,49.32249069213867,20170700
2022-04-29,50.5099983215332,50.63999938964844,48.869998931884766,48.97999954223633,47.71509552001953,20281400
2022-05-02,49.34000015258789,49.90999984741211,48.93000030517578,49.86000061035156,48.5723762512207,22499200
2022-05-03,49.77000045776367,50.36000061035156,49.529998779296875,49.91999816894531,48.630821228027344,15828200
2022-05-04,50.029998779296875,51.65999984741211,49.66999816894531,51.58000183105469,50.24795913696289,23942300
2022-05-05,51.150001525878906,51.209999084472656,49.15999984741211,49.61000061035156,48.32883071899414,24846500
2022-05-06,49.150001525878906,49.84000015258789,48.849998474121094,49.33000183105469,48.056060791015625,21743900
2022-05-09,49.0,49.41999816894531,48.66999816894531,48.959999084472656,47.69561767578125,22421200
2022-05-10,49.709999084472656,50.2400016784668,49.150001525878906,49.54999923706055,48.27037811279297,21741100
2022-05-11,49.09000015258789,49.63999938964844,48.58000183105469,48.650001525878906,47.39362335205078,23872100
2022-05-12,48.630001068115234,48.779998779296875,47.470001220703125,48.290000915527344,47.04291915893555,25951000
2022-05-13,48.709999084472656,49.630001068115234,48.529998779296875,49.560001373291016,48.280120849609375,18954500
2022-05-16,49.65999984741211,49.65999984741211,48.880001068115234,49.0,47.73458480834961,20254500
2022-05-17,49.68000030517578,50.720001220703125,49.5099983215332,50.599998474121094,49.29325866699219,18780600
2022-05-18,50.470001220703125,50.470001220703125,48.209999084472656,48.36000061035156,47.11111068725586,40672700
2022-05-19,43.060001373291016,43.93000030517578,41.02000045776367,41.720001220703125,40.64258575439453,97674600
2022-05-20,41.86000061035156,43.0,41.52000045776367,42.939998626708984,41.831077575683594,46148700
2022-05-23,43.34000015258789,43.81999969482422,42.939998626708984,43.349998474121094,42.230491638183594,27366600
2022-05-24,43.400001525878906,44.060001373291016,42.5,43.77000045776367,42.6396484375,30053900
2022-05-25,43.75,44.41999816894531,43.189998626708984,44.0,42.863704681396484,25504600
2022-05-26,44.04999923706055,45.529998779296875,44.04999923706055,44.9900016784668,43.82814025878906,28294700
2022-05-27,45.119998931884766,45.63999938964844,44.95000076293945,45.619998931884766,44.44186782836914,23882100
2022-05-31,45.27000045776367,45.61000061035156,44.7400016784668,45.04999923706055,43.8865852355957,64821200
2022-06-01,45.54999923706055,45.79999923706055,44.77000045776367,45.22999954223633,44.06193923950195,20666000
2022-06-02,45.18000030517578,45.79999923706055,44.900001525878906,45.790000915527344,44.60748291015625,20546800
2022-06-03,45.54999923706055,45.7400016784668,45.119998931884766,45.25,44.081424713134766,17947000
2022-06-06,45.599998474121094,46.09000015258789,45.130001068115234,45.33000183105469,44.15936279296875,12641900
2022-06-07,44.81999969482422,45.650001525878906,44.720001220703125,45.56999969482422,44.39316177368164,14667200
2022-06-08,45.45000076293945,45.630001068115234,44.880001068115234,44.91999816894531,43.759944915771484,16263800
2022-06-09,44.83000183105469,45.27000045776367,44.2400016784668,44.2599983215332,43.11698913574219,18417700
2022-06-10,43.79999923706055,43.9900016784668,43.290000915527344,43.4900016784668,42.366878509521484,20262400
2022-06-13,43.060001373291016,43.84000015258789,42.88999938964844,43.2400016784668,42.12333297729492,29050800
2022-06-14,43.630001068115234,43.70000076293945,42.56999969482422,42.90999984741211,41.801856994628906,22499100
2022-06-15,43.369998931884766,44.43000030517578,43.099998474121094,43.79999923706055,42.66886901855469,22525100
2022-06-16,42.810001373291016,43.40999984741211,42.810001373291016,43.31999969482422,42.20126724243164,27049000
2022-06-17,43.36000061035156,44.0,43.2400016784668,43.38999938964844,42.26945877075195,59678600
2022-06-21,43.810001373291016,44.279998779296875,43.70000076293945,44.13999938964844,43.00008773803711,23277900
2022-06-22,43.470001220703125,44.119998931884766,43.16999816894531,43.56999969482422,42.4448127746582,19942300
2022-06-23,43.40999984741211,43.459999084472656,42.720001220703125,42.93000030517578,41.82133483886719,33801700
2022-06-24,43.439998626708984,44.220001220703125,43.2400016784668,44.099998474121094,42.96112060546875,30543800
2022-06-27,44.290000915527344,44.290000915527344,43.630001068115234,43.77000045776367,42.6396484375,22755300
2022-06-28,43.90999984741211,44.470001220703125,42.9900016784668,43.060001373291016,41.94798278808594,20091300
2022-06-29,43.13999938964844,43.2599983215332,42.689998626708984,42.880001068115234,41.77262878417969,13450800
2022-06-30,42.369998931884766,43.13999938964844,42.189998626708984,42.63999938964844,41.53882598876953,24947900
2022-07-01,42.52000045776367,42.70000076293945,41.56999969482422,42.599998474121094,41.49985885620117,24338500
2022-07-05,41.52000045776367,41.970001220703125,40.81999969482422,41.959999084472656,41.244293212890625,24442600
2022-07-06,42.119998931884766,42.93000030517578,42.0099983215332,42.689998626708984,41.96184158325195,17250400
2022-07-07,42.880001068115234,43.36000061035156,42.790000915527344,43.220001220703125,42.48280715942383,22316700
2022-07-08,43.029998779296875,43.61000061035156,42.939998626708984,43.38999938964844,42.649906158447266,11817000
2022-07-11,43.34000015258789,43.68000030517578,43.06999969482422,43.25,42.51229476928711,15245200
2022-07-12,43.58000183105469,43.83000183105469,42.65999984741211,42.86000061035156,42.128944396972656,17385300
2022-07-13,41.849998474121094,43.04999923706055,41.79999923706055,42.70000076293945,41.97167205810547,16854200
2022-07-14,41.790000915527344,42.470001220703125,41.349998474121094,42.33000183105469,41.60798645019531,17336200
2022-07-15,42.5,43.130001068115234,42.5,43.06999969482422,42.335365295410156,19897800
2022-07-18,43.29999923706055,43.31999969482422,42.40999984741211,42.599998474121094,41.873374938964844,16743800
2022-07-19,42.81999969482422,44.09000015258789,42.650001525878906,44.029998779296875,43.278987884521484,22861400
2022-07-20,44.08000183105469,44.31999969482422,43.65999984741211,44.130001068115234,43.37728500366211,15599200
2022-07-21,44.290000915527344,44.689998626708984,44.06999969482422,44.58000183105469,43.81960678100586,15364600
2022-07-22,44.779998779296875,44.91999816894531,44.25,44.459999084472656,43.70165252685547,14854600
2022-07-25,44.65999984741211,44.65999984741211,44.11000061035156,44.34000015258789,43.583702087402344,12954700
2022-07-26,44.369998931884766,44.540000915527344,43.75,43.83000183105469,43.082401275634766,19513000
2022-07-27,44.189998626708984,44.790000915527344,43.83000183105469,44.63999938964844,43.87858200073242,22349000
2022-07-28,44.880001068115234,45.869998931884766,44.709999084472656,45.619998931884766,44.84186553955078,17576200
2022-07-29,45.11000061035156,45.4900016784668,44.83000183105469,45.369998931884766,44.59613037109375,23701700
2022-08-01,45.060001373291016,45.43000030517578,44.7599983215332,45.279998779296875,44.50766372680664,14153400
2022-08-02,45.52000045776367,45.70000076293945,44.900001525878906,44.91999816894531,44.153804779052734,15005400
2022-08-03,44.900001525878906,45.81999969482422,44.790000915527344,45.709999084472656,44.93033218383789,14943800
2022-08-04,45.900001525878906,45.93000030517578,45.0099983215332,45.380001068115234,44.60596466064453,15249300
2022-08-05,44.90999984741211,45.06999969482422,44.540000915527344,45.0099983215332,44.24226760864258,19533900
2022-08-08,45.4900016784668,45.52000045776367,44.86000061035156,45.02000045776367,44.25210189819336,15465600
2022-08-09,45.150001525878906,45.18000030517578,44.720001220703125,44.91999816894531,44.153804779052734,12826200
2022-08-10,45.709999084472656,46.060001373291016,45.43000030517578,46.02000045776367,45.23504638671875,18935400
2022-08-11,46.11000061035156,46.43000030517578,45.77000045776367,45.900001525878906,45.11709213256836,15849000
2022-08-12,46.09000015258789,46.61000061035156,45.970001220703125,46.61000061035156,45.81498336791992,16967600
2022-08-15,46.38999938964844,46.619998931884766,46.029998779296875,46.59000015258789,45.79532241821289,15456100
2022-08-16,46.56999969482422,47.0099983215332,46.439998626708984,46.77000045776367,45.972251892089844,21153700
2022-08-17,46.36000061035156,47.099998474121094,46.22999954223633,46.65999984741211,45.86412811279297,27975600
2022-08-18,49.79999923706055,50.0,49.11000061035156,49.369998931884766,48.52790451049805,39999900
2022-08-19,49.0099983215332,49.459999084472656,48.540000915527344,48.70000076293945,47.86933517456055,23130400
2022-08-22,48.470001220703125,48.5,47.52000045776367,47.709999084472656,46.896217346191406,20534100
2022-08-23,47.59000015258789,48.040000915527344,47.38999938964844,47.40999984741211,46.60133361816406,13764600
2022-08-24,47.09000015258789,47.40999984741211,46.869998931884766,47.06999969482422,46.26713562011719,14946500
2022-08-25,47.25,47.43000030517578,46.84000015258789,47.27000045776367,46.463722229003906,23039300
2022-08-26,47.08000183105469,47.27000045776367,45.880001068115234,45.88999938964844,45.107261657714844,20309800
2022-08-29,45.720001220703125,46.0,45.4900016784668,45.709999084472656,44.93033218383789,13425700
2022-08-30,45.75,45.869998931884766,44.959999084472656,45.2400016784668,44.468353271484375,14279100
2022-08-31,45.779998779296875,45.83000183105469,44.59000015258789,44.720001220703125,43.957218170166016,23006100
2022-09-01,44.56999969482422,45.34000015258789,44.400001525878906,45.290000915527344,44.51749801635742,16236400
2022-09-02,45.709999084472656,45.91999816894531,44.279998779296875,44.59000015258789,43.829437255859375,14720900
2022-09-06,44.65999984741211,44.790000915527344,43.97999954223633,44.470001220703125,43.71148681640625,14366100
2022-09-07,44.75,45.16999816894531,44.349998474121094,45.02000045776367,44.25210189819336,18297400
2022-09-08,44.7599983215332,45.470001220703125,44.619998931884766,45.369998931884766,44.59613037109375,14231500
2022-09-09,45.65999984741211,45.88999938964844,45.400001525878906,45.77000045776367,44.98930740356445,15499300
2022-09-12,46.11000061035156,46.72999954223633,45.970001220703125,46.400001525878906,45.60856246948242,17923000
2022-09-13,45.720001220703125,45.90999984741211,44.02000045776367,44.11000061035156,43.35762405395508,23028600
2022-09-14,44.040000915527344,44.27000045776367,43.560001373291016,43.959999084472656,43.21017837524414,27551500
2022-09-15,43.810001373291016,43.869998931884766,43.09000015258789,43.290000915527344,42.55160903930664,18148600
2022-09-16,43.11000061035156,43.58000183105469,42.790000915527344,43.29999923706055,42.561439514160156,32696100
2022-09-19,42.900001525878906,43.439998626708984,42.7599983215332,43.29999923706055,42.561439514160156,13667500
2022-09-20,43.0099983215332,43.02000045776367,42.2599983215332,42.58000183105469,41.853721618652344,16813900
2022-09-21,42.31999969482422,42.869998931884766,41.56999969482422,41.59000015258789,40.88060760498047,21415900
2022-09-22,41.34000015258789,41.54999923706055,41.13999938964844,41.150001525878906,40.44811248779297,16691000
2022-09-23,41.25,41.25,40.119998931884766,40.65999984741211,39.966468811035156,19067700
2022-09-26,40.65999984741211,41.189998626708984,40.369998931884766,40.58000183105469,39.88783645629883,22694800
2022-09-27,41.13999938964844,41.459999084472656,40.22999954223633,40.52000045776367,39.828857421875,15027900
2022-09-28,40.849998474121094,41.56999969482422,40.59000015258789,41.34000015258789,40.63486862182617,23217700
2022-09-29,41.04999923706055,41.099998474121094,40.150001525878906,40.56999969482422,39.87800216674805,19496400
2022-09-30,40.65999984741211,41.040000915527344,39.959999084472656,40.0,39.317726135253906,27989900
2022-10-03,40.66999816894531,41.529998779296875,40.470001220703125,41.290000915527344,40.585723876953125,22203600
2022-10-04,41.560001373291016,42.040000915527344,41.38999938964844,41.81999969482422,41.48851013183594,22889400
2022-10-05,41.59000015258789,42.25,41.400001525878906,41.9900016784668,41.65716552734375,14289700
2022-10-06,41.650001525878906,42.09000015258789,41.369998931884766,41.52000045776367,41.190887451171875,18198800
2022-10-07,41.25,41.25,40.08000183105469,40.27000045776367,39.95079803466797,19055400
2022-10-10,40.630001068115234,40.810001373291016,39.599998474121094,39.88999938964844,39.57380676269531,16628400
2022-10-11,39.810001373291016,40.11000061035156,39.27000045776367,39.58000183105469,39.266265869140625,19386400
2022-10-12,39.70000076293945,39.86000061035156,39.25,39.27000045776367,38.95872497558594,17279900
2022-10-13,39.029998779296875,40.79999923706055,38.599998474121094,40.61000061035156,40.28810119628906,26328300
2022-10-14,40.84000015258789,40.959999084472656,39.91999816894531,40.20000076293945,39.881351470947266,19571000
2022-10-17,41.040000915527344,41.529998779296875,40.95000076293945,41.29999923706055,40.97262954711914,27845200
2022-10-18,41.91999816894531,42.220001220703125,41.2599983215332,41.790000915527344,41.45874786376953,18223300
2022-10-19,41.630001068115234,42.2400016784668,41.470001220703125,41.880001068115234,41.54803466796875,19071700
2022-10-20,41.560001373291016,42.619998931884766,41.459999084472656,41.709999084472656,41.3793830871582,16830500
2022-10-21,41.849998474121094,42.970001220703125,41.810001373291016,42.79999923706055,42.46074295043945,25035000
2022-10-24,43.119998931884766,43.72999954223633,42.900001525878906,43.540000915527344,43.19487762451172,18785300
2022-10-25,43.34000015258789,44.400001525878906,43.20000076293945,44.36000061035156,44.00837707519531,19165200
2022-10-26,44.93000030517578,45.22999954223633,44.279998779296875,44.380001068115234,44.028221130371094,20051000
2022-10-27,44.77000045776367,45.09000015258789,44.36000061035156,44.41999816894531,44.06789779663086,18102500
2022-10-28,44.689998626708984,45.709999084472656,44.650001525878906,45.63999938964844,45.278228759765625,17978300
2022-10-31,45.310001373291016,45.63999938964844,45.060001373291016,45.43000030517578,45.06989669799805,17793700
2022-11-01,45.58000183105469,45.790000915527344,45.060001373291016,45.459999084472656,45.09965515136719,12088700
2022-11-02,45.470001220703125,46.209999084472656,44.54999923706055,44.56999969482422,44.216712951660156,15308800
2022-11-03,44.029998779296875,44.150001525878906,43.38999938964844,43.849998474121094,43.502418518066406,17895600
2022-11-04,44.5,45.08000183105469,43.83000183105469,44.52000045776367,44.167110443115234,19648700
2022-11-07,44.83000183105469,44.97999954223633,44.40999984741211,44.54999923706055,44.196868896484375,21383000
2022-11-08,44.689998626708984,45.349998474121094,44.18000030517578,44.61000061035156,44.25639724731445,17503100
2022-11-09,44.5099983215332,44.720001220703125,43.88999938964844,43.90999984741211,43.56194305419922,19311700
2022-11-10,45.70000076293945,45.810001373291016,44.650001525878906,45.65999984741211,45.298072814941406,27190100
2022-11-11,45.18000030517578,45.31999969482422,43.91999816894531,44.790000915527344,44.43497085571289,25961800
2022-11-14,44.83000183105469,45.439998626708984,44.68000030517578,44.7400016784668,44.3853645324707,21091300
2022-11-15,45.040000915527344,45.2400016784668,44.45000076293945,44.900001525878906,44.544097900390625,19318000
2022-11-16,44.939998626708984,44.97999954223633,44.29999923706055,44.38999938964844,44.03813934326172,24939600
2022-11-17,46.189998626708984,46.849998474121094,45.15999984741211,46.59000015258789,46.220699310302734,38887800
2022-11-18,46.90999984741211,48.040000915527344,46.86000061035156,47.790000915527344,47.411190032958984,30843200
2022-11-21,47.61000061035156,48.290000915527344,47.560001373291016,47.619998931884766,47.24253463745117,17049500
2022-11-22,48.0,48.41999816894531,47.7599983215332,48.380001068115234,47.99651336669922,16367800
2022-11-23,48.400001525878906,48.9900016784668,48.31999969482422,48.56999969482422,48.18500518798828,12065600
2022-11-25,48.75,49.04999923706055,48.349998474121094,48.400001525878906,48.016353607177734,8492600
2022-11-28,48.290000915527344,48.470001220703125,47.91999816894531,48.08000183105469,47.698890686035156,14976600
2022-11-29,48.25,48.40999984741211,47.84000015258789,48.279998779296875,47.89730453491211,13779300
2022-11-30,48.16999816894531,49.83000183105469,47.959999084472656,49.720001220703125,49.325889587402344,29919700
2022-12-01,49.880001068115234,50.459999084472656,49.689998626708984,49.970001220703125,49.573909759521484,18559500
2022-12-02,49.22999954223633,49.84000015258789,48.91999816894531,49.70000076293945,49.30604934692383,12325100
2022-12-05,49.54999923706055,49.63999938964844,49.16999816894531,49.33000183105469,48.93898391723633,13795900
2022-12-06,49.439998626708984,49.439998626708984,48.2599983215332,48.59000015258789,48.20484924316406,15443800
2022-12-07,48.400001525878906,48.54999923706055,48.060001373291016,48.18000030517578,47.798095703125,15171700
2022-12-08,48.65999984741211,49.20000076293945,48.619998931884766,48.9900016784668,48.60167694091797,16015800
2022-12-09,49.099998474121094,49.16999816894531,48.439998626708984,48.459999084472656,48.07587814331055,14303200
2022-12-12,48.79999923706055,49.31999969482422,48.369998931884766,49.29999923706055,48.909217834472656,15425300
2022-12-13,50.33000183105469,50.709999084472656,49.22999954223633,49.63999938964844,49.246524810791016,22705900
2022-12-14,49.7400016784668,50.060001373291016,48.81999969482422,49.29999923706055,48.909217834472656,19050400
2022-12-15,48.959999084472656,49.04999923706055,47.7400016784668,48.150001525878906,47.76833724975586,19372500
2022-12-16,47.40999984741211,48.0,47.08000183105469,47.810001373291016,47.4310302734375,66125400
2022-12-19,47.65999984741211,47.959999084472656,47.13999938964844,47.400001525878906,47.0242805480957,17986300
2022-12-20,47.40999984741211,47.560001373291016,46.790000915527344,47.369998931884766,46.9945182800293,15086200
2022-12-21,47.689998626708984,47.959999084472656,47.41999816894531,47.65999984741211,47.28221893310547,15599400
2022-12-22,47.4900016784668,47.4900016784668,46.689998626708984,47.31999969482422,46.94491195678711,23118500
2022-12-23,47.25,47.4900016784668,47.0099983215332,47.47999954223633,47.10364532470703,9554400
2022-12-27,47.66999816894531,47.709999084472656,47.220001220703125,47.529998779296875,47.15324783325195,12066200
2022-12-28,47.689998626708984,47.77000045776367,46.97999954223633,47.06999969482422,46.696895599365234,9847400
2022-12-29,47.2599983215332,47.7400016784668,47.2599983215332,47.5,47.12348556518555,11396500
2022-12-30,47.27000045776367,47.66999816894531,46.95000076293945,47.63999938964844,47.26237869262695,13198500
2023-01-03,47.86000061035156,48.04999923706055,47.310001373291016,47.939998626708984,47.55999755859375,17718900
2023-01-04,48.279998779296875,48.47999954223633,47.16999816894531,47.54999923706055,47.54999923706055,18339800
2023-01-05,47.4900016784668,47.4900016784668,46.7599983215332,46.880001068115234,46.880001068115234,17372100
2023-01-06,47.459999084472656,48.59000015258789,47.279998779296875,48.31999969482422,48.31999969482422,20823000
2023-01-09,48.2599983215332,49.209999084472656,48.220001220703125,48.58000183105469,48.58000183105469,13938000
2023-01-10,48.79999923706055,49.209999084472656,48.59000015258789,48.810001373291016,48.810001373291016,12474400
2023-01-11,48.83000183105469,49.22999954223633,48.70000076293945,49.209999084472656,49.209999084472656,12530900
2023-01-12,49.209999084472656,49.43000030517578,48.849998474121094,49.0,49.0,14241700
2023-01-13,48.560001373291016,49.02000045776367,48.41999816894531,48.880001068115234,48.880001068115234,12649300
