Date,Open,High,Low,Close,Adj Close,Volume
2022-01-18,22.489999771118164,22.559999465942383,21.6200008392334,21.81999969482422,19.950544357299805,6826700
2022-01-19,21.8700008392334,21.989999771118164,20.84000015258789,20.8799991607666,19.09107780456543,6365700
2022-01-20,20.6299991607666,21.0,20.020000457763672,20.030000686645508,18.313905715942383,6777200
2022-01-21,19.84000015258789,19.90999984741211,19.229999542236328,19.329999923706055,17.673877716064453,8728100
2022-01-24,19.020000457763672,19.610000610351562,18.389999389648438,19.530000686645508,17.85674285888672,7273300
2022-01-25,19.3700008392334,20.389999389648438,19.260000228881836,20.350000381469727,18.606487274169922,9869500
2022-01-26,20.770000457763672,21.260000228881836,20.209999084472656,20.270000457763672,18.533342361450195,9114700
2022-01-27,21.09000015258789,21.09000015258789,20.1299991607666,20.989999771118164,19.191654205322266,7508700
2022-01-28,21.219999313354492,21.889999389648438,21.06999969482422,21.6299991607666,19.77682113647461,9753100
2022-01-31,21.649999618530273,21.950000762939453,21.059999465942383,21.899999618530273,20.02368927001953,6639700
2022-02-01,21.6299991607666,22.299999237060547,21.360000610351562,22.190000534057617,20.28884506225586,6972700
2022-02-02,22.600000381469727,23.0,22.229999542236328,22.920000076293945,20.956300735473633,8442700
2022-02-03,23.0,23.110000610351562,22.639999389648438,22.950000762939453,20.98373031616211,10494200
2022-02-04,23.190000534057617,24.260000228881836,23.149999618530273,23.420000076293945,21.413463592529297,10421400
2022-02-07,23.260000228881836,23.530000686645508,22.809999465942383,23.200000762939453,21.212310791015625,8314900
2022-02-08,23.079999923706055,23.09000015258789,22.09000015258789,22.389999389648438,20.471708297729492,8039600
2022-02-09,22.290000915527344,22.739999771118164,22.280000686645508,22.729999542236328,20.782577514648438,8081000
2022-02-10,22.530000686645508,23.40999984741211,22.530000686645508,22.989999771118164,21.020301818847656,7094900
2022-02-11,23.3799991607666,24.15999984741211,23.18000030517578,24.110000610351562,22.044343948364258,7746900
2022-02-14,24.170000076293945,24.389999389648438,22.989999771118164,23.229999542236328,21.2397403717041,8294000
2022-02-15,22.75,23.0,22.520000457763672,22.920000076293945,20.956300735473633,6397500
2022-02-16,23.209999084472656,23.600000381469727,22.75,22.8700008392334,20.91058349609375,5537600
2022-02-17,22.84000015258789,23.190000534057617,22.56999969482422,22.790000915527344,20.837438583374023,5390100
2022-02-18,22.510000228881836,22.690000534057617,22.200000762939453,22.59000015258789,20.654573440551758,6765100
2022-02-22,23.309999465942383,23.43000030517578,22.239999771118164,22.559999465942383,20.62714195251465,11273900
2022-02-23,22.760000228881836,23.540000915527344,22.610000610351562,23.209999084472656,21.221452713012695,9357500
2022-02-24,23.65999984741211,23.65999984741211,21.219999313354492,22.239999771118164,20.334558486938477,15147300
2022-02-25,22.25,22.940000534057617,22.010000228881836,22.709999084472656,20.764291763305664,9155500
2022-02-28,22.700000762939453,23.770000457763672,22.579999923706055,23.329999923706055,21.331172943115234,14810000
2022-03-01,23.68000030517578,24.579999923706055,23.399999618530273,24.360000610351562,22.27292823791504,14832800
2022-03-02,25.559999465942383,25.940000534057617,25.079999923706055,25.670000076293945,23.47068977355957,15249600
2022-03-03,25.579999923706055,25.84000015258789,24.84000015258789,25.510000228881836,23.324398040771484,11615100
2022-03-04,25.059999465942383,26.31999969482422,25.030000686645508,26.110000610351562,24.4088191986084,11575500
2022-03-07,27.290000915527344,27.93000030517578,26.209999084472656,27.0,25.240829467773438,17119500
2022-03-08,27.809999465942383,27.8799991607666,25.649999618530273,26.010000228881836,24.315336227416992,17197300
2022-03-09,25.649999618530273,25.729999542236328,24.68000030517578,25.459999084472656,23.80116844177246,14117100
2022-03-10,25.40999984741211,26.530000686645508,25.010000228881836,26.329999923706055,24.614486694335938,12468800
2022-03-11,26.309999465942383,26.309999465942383,25.350000381469727,25.6299991607666,23.960092544555664,10664500
2022-03-14,24.889999389648438,25.040000915527344,22.709999084472656,23.1299991607666,21.622976303100586,22926600
2022-03-15,22.200000762939453,23.65999984741211,21.979999542236328,23.43000030517578,21.903432846069336,13022700
2022-03-16,23.020000457763672,23.719999313354492,22.8799991607666,23.469999313354492,21.940826416015625,17466900
2022-03-17,24.059999465942383,24.920000076293945,23.739999771118164,24.739999771118164,23.128080368041992,15423000
2022-03-18,24.84000015258789,25.190000534057617,24.719999313354492,24.850000381469727,23.230915069580078,19815100
2022-03-21,25.56999969482422,25.799999237060547,25.020000457763672,25.280000686645508,23.632898330688477,13514800
2022-03-22,25.260000228881836,25.639999389648438,25.1200008392334,25.579999923706055,23.913349151611328,11869200
2022-03-23,25.8700008392334,26.540000915527344,25.8700008392334,26.190000534057617,24.483606338500977,7557400
2022-03-24,26.149999618530273,27.15999984741211,25.959999084472656,27.030000686645508,25.268877029418945,10340500
2022-03-25,27.110000610351562,29.489999771118164,26.829999923706055,28.90999984741211,27.026386260986328,15175000
2022-03-28,28.510000228881836,28.600000381469727,27.93000030517578,28.09000015258789,26.259815216064453,15349400
2022-03-29,27.600000381469727,27.739999771118164,26.950000762939453,27.399999618530273,25.614768981933594,11532200
2022-03-30,27.90999984741211,28.149999618530273,27.0,27.100000381469727,25.334318161010742,9483600
2022-03-31,27.170000076293945,27.81999969482422,26.969999313354492,26.969999313354492,25.212785720825195,9073900
2022-04-01,27.030000686645508,27.489999771118164,26.790000915527344,27.100000381469727,25.334318161010742,8055900
2022-04-04,27.389999389648438,27.5,26.219999313354492,26.579999923706055,24.84819793701172,10430900
2022-04-05,26.700000762939453,27.219999313354492,26.360000610351562,26.3799991607666,24.66122817993164,8265000
2022-04-06,26.8700008392334,27.209999084472656,26.18000030517578,26.489999771118164,24.764060974121094,9789000
2022-04-07,26.950000762939453,27.079999923706055,26.229999542236328,26.790000915527344,25.04451560974121,9534300
2022-04-08,27.18000030517578,28.84000015258789,27.1200008392334,28.75,26.876811981201172,10196800
2022-04-11,28.6200008392334,28.90999984741211,28.219999313354492,28.479999542236328,26.62440299987793,7981000
2022-04-12,28.850000381469727,29.270000457763672,28.329999923706055,28.3700008392334,26.521570205688477,7097700
2022-04-13,29.0,29.25,28.3700008392334,29.1299991607666,27.232051849365234,6306300
2022-04-14,29.200000762939453,29.6299991607666,28.739999771118164,29.420000076293945,27.503158569335938,11146700
2022-04-18,30.0,31.420000076293945,29.739999771118164,30.770000457763672,28.765201568603516,9781500
2022-04-19,30.59000015258789,30.829999923706055,29.809999465942383,30.469999313354492,28.484745025634766,10060000
2022-04-20,30.639999389648438,31.020000457763672,30.200000762939453,30.93000030517578,28.91477394104004,5674900
2022-04-21,31.229999542236328,31.3799991607666,29.799999237060547,29.969999313354492,28.017322540283203,7591700
2022-04-22,29.579999923706055,29.969999313354492,28.59000015258789,28.959999084472656,27.07312774658203,10122500
2022-04-25,28.079999923706055,28.829999923706055,26.90999984741211,28.65999984741211,26.79267692565918,13569500
2022-04-26,29.09000015258789,29.950000762939453,28.530000686645508,28.549999237060547,26.689842224121094,8611800
2022-04-27,28.670000076293945,29.280000686645508,27.93000030517578,28.850000381469727,26.970294952392578,6862200
2022-04-28,28.950000762939453,29.389999389648438,28.059999465942383,29.149999618530273,27.250749588012695,7221900
2022-04-29,29.34000015258789,29.690000534057617,28.670000076293945,28.790000915527344,26.91420555114746,7195800
2022-05-02,28.440000534057617,29.030000686645508,28.15999984741211,28.920000076293945,27.035736083984375,9932300
2022-05-03,30.489999771118164,31.760000228881836,29.75,31.65999984741211,29.597211837768555,14685300
2022-05-04,32.380001068115234,32.79999923706055,30.940000534057617,32.77000045776367,30.634891510009766,11865400
2022-05-05,32.97999954223633,33.0,30.93000030517578,31.8700008392334,29.793529510498047,8602700
2022-05-06,32.849998474121094,32.900001525878906,31.6299991607666,32.54999923706055,30.429224014282227,10587400
2022-05-09,31.6299991607666,31.780000686645508,29.0,29.31999969482422,27.409671783447266,10663700
2022-05-10,30.280000686645508,30.479999542236328,28.899999618530273,29.6200008392334,27.690126419067383,10196700
2022-05-11,30.149999618530273,31.049999237060547,29.540000915527344,29.579999923706055,27.652732849121094,11052100
2022-05-12,28.809999465942383,29.260000228881836,28.18000030517578,29.06999969482422,27.738611221313477,8705500
2022-05-13,29.670000076293945,30.350000381469727,29.489999771118164,29.780000686645508,28.416095733642578,7622500
2022-05-16,29.899999618530273,30.93000030517578,29.8700008392334,30.559999465942383,29.160369873046875,7930700
2022-05-17,31.25,32.029998779296875,30.729999542236328,31.049999237060547,29.627927780151367,9510000
2022-05-18,31.329999923706055,31.3700008392334,30.18000030517578,30.690000534057617,29.2844181060791,8563300
2022-05-19,30.139999389648438,31.0,30.09000015258789,30.420000076293945,29.026782989501953,7915300
2022-05-20,30.780000686645508,31.290000915527344,30.229999542236328,30.690000534057617,29.2844181060791,9061800
2022-05-23,31.079999923706055,32.400001525878906,31.020000457763672,32.369998931884766,30.887474060058594,9299800
2022-05-24,31.950000762939453,32.900001525878906,31.75,32.599998474121094,31.1069393157959,9214200
2022-05-25,32.939998626708984,34.099998474121094,32.939998626708984,33.939998626708984,32.38556671142578,12640600
2022-05-26,34.34000015258789,35.779998779296875,34.220001220703125,34.650001525878906,33.063053131103516,11206100
2022-05-27,34.25,35.529998779296875,34.20000076293945,35.52000045776367,33.89320755004883,8413700
2022-05-31,36.060001373291016,36.45000076293945,34.130001068115234,34.33000183105469,32.75770950317383,22122700
2022-06-01,34.869998931884766,36.06999969482422,34.16999816894531,35.189998626708984,33.57831954956055,11208100
2022-06-02,35.060001373291016,35.529998779296875,34.599998474121094,34.97999954223633,33.37793731689453,7584700
2022-06-03,34.959999084472656,35.25,34.59000015258789,35.18000030517578,33.56877899169922,5816800
2022-06-06,35.75,36.060001373291016,35.400001525878906,35.95000076293945,34.30351257324219,7963000
2022-06-07,35.68000030517578,36.13999938964844,35.16999816894531,36.11000061035156,34.45618438720703,10103800
2022-06-08,36.25,36.54999923706055,35.380001068115234,35.779998779296875,34.14129638671875,7793600
2022-06-09,35.47999954223633,35.599998474121094,34.66999816894531,34.959999084472656,33.35885238647461,11239400
2022-06-10,34.45000076293945,35.130001068115234,33.880001068115234,34.310001373291016,32.738624572753906,7557000
2022-06-13,33.459999084472656,33.54999923706055,31.860000610351562,32.560001373291016,31.068775177001953,10780600
2022-06-14,33.209999084472656,33.279998779296875,30.75,31.110000610351562,29.685182571411133,15802900
2022-06-15,31.260000228881836,31.729999542236328,30.079999923706055,30.670000076293945,29.26533317565918,14675200
2022-06-16,30.030000686645508,30.15999984741211,28.440000534057617,28.6299991607666,27.318763732910156,18668800
2022-06-17,28.469999313354492,28.549999237060547,26.420000076293945,26.540000915527344,25.32448387145996,44022200
2022-06-21,27.1200008392334,27.799999237060547,26.709999084472656,27.56999969482422,26.307310104370117,17709700
2022-06-22,26.149999618530273,27.600000381469727,26.110000610351562,27.030000686645508,25.792043685913086,18051800
2022-06-23,27.049999237060547,27.25,25.3700008392334,25.899999618530273,24.713796615600586,14880700
2022-06-24,25.989999771118164,27.079999923706055,25.899999618530273,26.350000381469727,25.143186569213867,23913400
2022-06-27,26.59000015258789,27.309999465942383,26.170000076293945,27.030000686645508,25.792043685913086,12194100
2022-06-28,27.43000030517578,27.829999923706055,27.020000457763672,27.690000534057617,26.421815872192383,10273100
2022-06-29,28.190000534057617,28.3700008392334,26.459999084472656,26.709999084472656,25.486698150634766,7935400
2022-06-30,26.079999923706055,26.93000030517578,25.5,25.790000915527344,24.608835220336914,12047800
2022-07-01,26.06999969482422,26.3700008392334,25.40999984741211,26.329999923706055,25.124101638793945,9541200
2022-07-05,25.700000762939453,26.06999969482422,24.81999969482422,25.600000381469727,24.427536010742188,14569100
2022-07-06,25.200000762939453,26.1200008392334,24.440000534057617,25.31999969482422,24.160358428955078,13620100
2022-07-07,26.0,26.610000610351562,25.940000534057617,26.3799991607666,25.171812057495117,9495900
2022-07-08,26.639999389648438,26.829999923706055,26.0,26.309999465942383,25.105016708374023,8432600
2022-07-11,26.530000686645508,27.270000457763672,26.09000015258789,26.389999389648438,25.181352615356445,8462500
2022-07-12,25.799999237060547,26.450000762939453,25.649999618530273,26.34000015258789,25.133644104003906,9036100
2022-07-13,26.239999771118164,27.540000915527344,26.149999618530273,27.139999389648438,25.897005081176758,9065000
2022-07-14,26.229999542236328,26.700000762939453,25.5,26.309999465942383,25.105016708374023,8973900
2022-07-15,26.780000686645508,26.950000762939453,26.049999237060547,26.920000076293945,25.68708038330078,6229100
2022-07-18,27.260000228881836,28.030000686645508,27.25,27.420000076293945,26.164180755615234,8408900
2022-07-19,27.239999771118164,28.25,27.15999984741211,28.139999389648438,26.85120391845703,5838200
2022-07-20,27.860000610351562,29.049999237060547,27.639999389648438,28.90999984741211,27.585939407348633,7577700
2022-07-21,28.31999969482422,28.350000381469727,27.239999771118164,28.059999465942383,26.77486801147461,6499300
2022-07-22,28.15999984741211,28.420000076293945,27.649999618530273,27.709999084472656,26.440898895263672,7057200
2022-07-25,28.149999618530273,28.90999984741211,27.639999389648438,28.889999389648438,27.566856384277344,5270400
2022-07-26,29.520000457763672,30.030000686645508,29.139999389648438,29.450000762939453,28.101207733154297,9306800
2022-07-27,29.600000381469727,30.15999984741211,29.25,30.059999465942383,28.683269500732422,5672300
2022-07-28,30.200000762939453,30.399999618530273,29.3799991607666,29.81999969482422,28.454261779785156,4723400
2022-07-29,29.860000610351562,30.760000228881836,29.860000610351562,30.59000015258789,29.188997268676758,7020700
2022-08-01,30.040000915527344,30.059999465942383,28.920000076293945,29.56999969482422,28.215713500976562,7914600
2022-08-02,29.420000076293945,29.770000457763672,28.889999389648438,29.3799991607666,28.034414291381836,6760300
2022-08-03,29.0,29.200000762939453,27.719999313354492,28.68000030517578,27.366474151611328,12653400
2022-08-04,28.420000076293945,28.639999389648438,27.31999969482422,27.389999389648438,26.135555267333984,9844400
2022-08-05,27.030000686645508,28.31999969482422,26.959999084472656,27.93000030517578,26.65082359313965,6835700
2022-08-08,27.889999389648438,28.170000076293945,27.760000228881836,27.81999969482422,26.545862197875977,5782300
2022-08-09,28.31999969482422,28.829999923706055,28.040000915527344,28.1299991607666,26.841663360595703,6762600
2022-08-10,28.110000610351562,28.360000610351562,27.489999771118164,28.329999923706055,27.032503128051758,5724100
2022-08-11,28.8700008392334,29.459999084472656,28.799999237060547,29.329999923706055,27.986703872680664,6810700
2022-08-12,28.579999923706055,28.799999237060547,28.15999984741211,28.65999984741211,27.967187881469727,6268500
2022-08-15,27.719999313354492,28.56999969482422,27.239999771118164,28.350000381469727,27.664682388305664,4479400
2022-08-16,29.100000381469727,29.479999542236328,28.649999618530273,29.18000030517578,28.47461700439453,8628000
2022-08-17,29.3799991607666,29.75,28.860000610351562,29.350000381469727,28.6405086517334,6235800
2022-08-18,29.770000457763672,30.670000076293945,29.770000457763672,30.579999923706055,29.840774536132812,6216800
2022-08-19,30.34000015258789,30.81999969482422,30.15999984741211,30.299999237060547,29.567543029785156,5710200
2022-08-22,30.209999084472656,30.90999984741211,29.809999465942383,30.579999923706055,29.840774536132812,7382700
2022-08-23,31.25,31.899999618530273,29.360000610351562,30.309999465942383,29.577301025390625,10820400
2022-08-24,30.440000534057617,31.34000015258789,30.079999923706055,31.270000457763672,30.514095306396484,6437300
2022-08-25,31.59000015258789,31.719999313354492,30.899999618530273,31.260000228881836,30.504337310791016,4878200
2022-08-26,31.389999389648438,31.719999313354492,30.860000610351562,30.8700008392334,30.123764038085938,4940500
2022-08-29,30.709999084472656,31.989999771118164,30.600000381469727,31.510000228881836,30.748292922973633,6143700
2022-08-30,31.0,31.040000915527344,30.100000381469727,30.399999618530273,29.665124893188477,6673700
2022-08-31,29.940000534057617,31.059999465942383,29.579999923706055,30.90999984741211,30.162797927856445,7409900
2022-09-01,30.510000228881836,30.68000030517578,29.889999389648438,30.229999542236328,29.499235153198242,5575900
2022-09-02,30.690000534057617,30.959999084472656,29.860000610351562,30.110000610351562,29.382137298583984,5663500
2022-09-06,30.18000030517578,30.260000228881836,29.079999923706055,29.15999984741211,28.455101013183594,7277500
2022-09-07,28.649999618530273,29.299999237060547,28.190000534057617,29.100000381469727,28.39655113220215,8516800
2022-09-08,29.260000228881836,29.389999389648438,28.8799991607666,29.1200008392334,28.41606903076172,6202700
2022-09-09,29.700000762939453,29.979999542236328,29.43000030517578,29.770000457763672,29.050355911254883,4956100
2022-09-12,30.09000015258789,30.780000686645508,30.010000228881836,30.690000534057617,29.948116302490234,6587700
2022-09-13,30.260000228881836,30.889999389648438,29.959999084472656,30.059999465942383,29.333343505859375,4887200
2022-09-14,30.68000030517578,32.470001220703125,30.549999237060547,32.22999954223633,31.45088768005371,10368700
2022-09-15,31.049999237060547,31.770000457763672,30.700000762939453,30.770000457763672,30.026182174682617,7457900
2022-09-16,30.100000381469727,30.25,28.489999771118164,28.739999771118164,28.04525375366211,21408900
2022-09-19,27.90999984741211,29.049999237060547,27.860000610351562,28.940000534057617,28.240419387817383,6827000
2022-09-20,28.700000762939453,28.959999084472656,28.360000610351562,28.920000076293945,28.220903396606445,6294700
2022-09-21,29.6200008392334,29.65999984741211,28.549999237060547,28.68000030517578,27.986703872680664,6621400
2022-09-22,29.190000534057617,29.270000457763672,28.020000457763672,28.040000915527344,27.3621768951416,7763900
2022-09-23,26.920000076293945,27.469999313354492,25.920000076293945,26.360000610351562,25.722787857055664,10208100
2022-09-26,25.979999542236328,26.389999389648438,25.309999465942383,25.31999969482422,24.70792579650879,8998800
2022-09-27,25.809999465942383,26.239999771118164,25.360000610351562,25.510000228881836,24.893333435058594,11048200
2022-09-28,25.6200008392334,26.770000457763672,25.6200008392334,26.65999984741211,26.015533447265625,7296800
2022-09-29,26.309999465942383,26.469999313354492,25.200000762939453,25.969999313354492,25.342212677001953,6171100
2022-09-30,25.6299991607666,26.6200008392334,25.520000457763672,26.1200008392334,25.488588333129883,7829800
2022-10-03,27.020000457763672,27.479999542236328,26.780000686645508,27.360000610351562,26.6986141204834,7813600
2022-10-04,28.049999237060547,28.649999618530273,27.739999771118164,28.579999923706055,27.889122009277344,5903800
2022-10-05,28.579999923706055,29.110000610351562,27.790000915527344,28.790000915527344,28.094045639038086,7993800
2022-10-06,28.610000610351562,29.350000381469727,28.600000381469727,28.860000610351562,28.162353515625,7091200
2022-10-07,28.75,29.709999084472656,28.600000381469727,29.200000762939453,28.4941349029541,8529900
2022-10-10,29.3799991607666,29.809999465942383,28.299999237060547,28.469999313354492,27.781780242919922,4226300
2022-10-11,28.030000686645508,28.920000076293945,27.81999969482422,28.799999237060547,28.103801727294922,6876600
2022-10-12,28.899999618530273,29.979999542236328,28.549999237060547,29.799999237060547,29.07962989807129,6851100
2022-10-13,29.399999618530273,30.709999084472656,29.350000381469727,30.459999084472656,29.723674774169922,6937000
2022-10-14,30.09000015258789,30.489999771118164,28.3799991607666,28.420000076293945,27.732988357543945,6411000
2022-10-17,28.6200008392334,29.34000015258789,28.31999969482422,28.920000076293945,28.220903396606445,5751100
2022-10-18,29.239999771118164,29.899999618530273,29.049999237060547,29.440000534057617,28.72833251953125,5931500
2022-10-19,29.530000686645508,30.15999984741211,29.299999237060547,30.1200008392334,29.391895294189453,6075300
2022-10-20,30.299999237060547,30.549999237060547,29.489999771118164,29.690000534057617,28.9722900390625,5742500
2022-10-21,29.969999313354492,30.239999771118164,29.049999237060547,29.670000076293945,28.95277214050293,7452800
2022-10-24,29.790000915527344,30.469999313354492,29.479999542236328,30.280000686645508,29.54802703857422,5580500
2022-10-25,30.309999465942383,30.31999969482422,29.719999313354492,30.149999618530273,29.42116928100586,5928600
2022-10-26,30.25,30.559999465942383,29.93000030517578,30.270000457763672,29.53826904296875,5239100
2022-10-27,30.639999389648438,31.09000015258789,30.100000381469727,30.139999389648438,29.411409378051758,6441000
2022-10-28,30.40999984741211,30.799999237060547,29.299999237060547,30.100000381469727,29.372377395629883,5753000
2022-10-31,30.219999313354492,31.309999465942383,30.219999313354492,31.1299991607666,30.377477645874023,7012700
2022-11-01,31.459999084472656,31.489999771118164,30.739999771118164,30.75,30.006664276123047,6588100
2022-11-02,30.8700008392334,31.760000228881836,30.5,30.68000030517578,29.938358306884766,7712600
2022-11-03,30.3700008392334,30.93000030517578,30.059999465942383,30.610000610351562,29.87005043029785,7092100
2022-11-04,28.75,29.530000686645508,27.799999237060547,28.93000030517578,28.230661392211914,22514200
2022-11-07,29.549999237060547,30.139999389648438,29.329999923706055,29.510000228881836,28.796640396118164,13708500
2022-11-08,29.260000228881836,29.399999618530273,28.290000915527344,29.1299991607666,28.425825119018555,12896500
2022-11-09,28.65999984741211,28.770000457763672,26.719999313354492,26.739999771118164,26.09360122680664,16882200
2022-11-10,27.5,27.690000534057617,26.90999984741211,27.530000686645508,26.864503860473633,16655600
2022-11-11,28.079999923706055,28.59000015258789,27.729999542236328,28.450000762939453,27.762264251708984,14002600
2022-11-14,28.770000457763672,29.040000915527344,28.049999237060547,28.1299991607666,27.44999885559082,13114300
2022-11-15,27.639999389648438,27.809999465942383,27.399999618530273,27.809999465942383,27.809999465942383,12253500
2022-11-16,27.309999465942383,27.5,26.399999618530273,26.420000076293945,26.420000076293945,12232900
2022-11-17,26.18000030517578,26.81999969482422,25.950000762939453,26.799999237060547,26.799999237060547,8382700
2022-11-18,26.200000762939453,26.780000686645508,26.110000610351562,26.600000381469727,26.600000381469727,13218900
2022-11-21,26.299999237060547,26.510000228881836,25.84000015258789,26.3799991607666,26.3799991607666,10680100
2022-11-22,26.790000915527344,27.520000457763672,26.6200008392334,27.5,27.5,9380400
2022-11-23,27.299999237060547,27.899999618530273,27.260000228881836,27.540000915527344,27.540000915527344,6538500
2022-11-25,27.68000030517578,27.940000534057617,27.549999237060547,27.610000610351562,27.610000610351562,3050900
2022-11-28,26.899999618530273,27.450000762939453,26.700000762939453,27.149999618530273,27.149999618530273,6490100
2022-11-29,27.610000610351562,28.15999984741211,27.489999771118164,28.06999969482422,28.06999969482422,6698500
2022-11-30,28.280000686645508,28.399999618530273,27.420000076293945,27.90999984741211,27.90999984741211,10701200
2022-12-01,28.190000534057617,28.34000015258789,27.399999618530273,27.43000030517578,27.43000030517578,8213800
2022-12-02,27.09000015258789,27.489999771118164,26.850000381469727,27.260000228881836,27.260000228881836,8634900
2022-12-05,27.510000228881836,27.729999542236328,26.170000076293945,26.200000762939453,26.200000762939453,9272400
2022-12-06,26.059999465942383,26.3700008392334,25.59000015258789,25.799999237060547,25.799999237060547,8023000
2022-12-07,25.75,25.90999984741211,25.329999923706055,25.479999542236328,25.479999542236328,12775600
2022-12-08,25.850000381469727,25.899999618530273,24.829999923706055,24.950000762939453,24.950000762939453,12336300
2022-12-09,24.959999084472656,25.200000762939453,24.43000030517578,24.479999542236328,24.479999542236328,13373700
2022-12-12,24.670000076293945,25.149999618530273,24.329999923706055,24.850000381469727,24.850000381469727,13517900
2022-12-13,25.479999542236328,25.549999237060547,24.790000915527344,24.899999618530273,24.899999618530273,16551700
2022-12-14,24.979999542236328,25.139999389648438,24.6200008392334,24.700000762939453,24.700000762939453,11493600
2022-12-15,24.559999465942383,25.489999771118164,24.520000457763672,25.329999923706055,25.329999923706055,14243500
2022-12-16,24.81999969482422,25.010000228881836,24.190000534057617,24.739999771118164,24.739999771118164,33233600
2022-12-19,24.450000762939453,24.799999237060547,24.170000076293945,24.309999465942383,24.309999465942383,9235600
2022-12-20,24.030000686645508,24.729999542236328,23.860000610351562,24.479999542236328,24.479999542236328,8162200
2022-12-21,25.0,25.09000015258789,24.6200008392334,25.06999969482422,25.06999969482422,9346600
2022-12-22,25.06999969482422,25.149999618530273,24.1299991607666,24.510000228881836,24.510000228881836,8779800
2022-12-23,24.709999084472656,25.219999313354492,24.530000686645508,25.200000762939453,25.200000762939453,6797300
2022-12-27,25.360000610351562,25.65999984741211,25.1299991607666,25.579999923706055,25.579999923706055,6202800
2022-12-28,25.260000228881836,25.3799991607666,24.31999969482422,24.3700008392334,24.3700008392334,6955800
2022-12-29,24.100000381469727,24.59000015258789,24.049999237060547,24.520000457763672,24.520000457763672,5639200
2022-12-30,24.399999618530273,24.6299991607666,24.280000686645508,24.56999969482422,24.56999969482422,5485300
2023-01-03,24.200000762939453,24.290000915527344,23.049999237060547,23.209999084472656,23.209999084472656,8239000
2023-01-04,22.969999313354492,24.219999313354492,22.760000228881836,23.979999542236328,23.979999542236328,8609100
2023-01-05,23.5,23.850000381469727,23.399999618530273,23.670000076293945,23.670000076293945,14083700
2023-01-06,23.920000076293945,24.43000030517578,23.8700008392334,24.260000228881836,24.260000228881836,9873200
2023-01-09,24.809999465942383,25.110000610351562,24.56999969482422,24.790000915527344,24.790000915527344,8845900
2023-01-10,24.90999984741211,25.09000015258789,24.520000457763672,25.079999923706055,25.079999923706055,10677300
2023-01-11,25.360000610351562,25.440000534057617,24.670000076293945,24.690000534057617,24.690000534057617,12896500
2023-01-12,25.010000228881836,25.579999923706055,24.8799991607666,25.389999389648438,25.389999389648438,8092200
2023-01-13,25.1299991607666,25.270000457763672,24.790000915527344,25.100000381469727,25.100000381469727,6762700
