Date,Open,High,Low,Close,Adj Close,Volume
2022-01-18,467.2699890136719,469.260009765625,460.6700134277344,466.4599914550781,460.9263610839844,685400
2022-01-19,467.7300109863281,474.9200134277344,465.7799987792969,469.3900146484375,463.82159423828125,551500
2022-01-20,471.8299865722656,473.010009765625,451.79998779296875,452.2699890136719,446.9046936035156,506000
2022-01-21,450.0,454.6700134277344,433.55999755859375,434.80999755859375,429.65185546875,986200
2022-01-24,431.8699951171875,457.05999755859375,429.82000732421875,456.239990234375,450.8276062011719,710700
2022-01-25,449.05999755859375,450.7200012207031,435.510009765625,436.3599853515625,431.1834411621094,576200
2022-01-26,441.80999755859375,445.0299987792969,421.3800048828125,423.70001220703125,418.67364501953125,480100
2022-01-27,425.20001220703125,437.010009765625,423.17999267578125,429.5799865722656,424.4838562011719,458800
2022-01-28,428.9800109863281,441.010009765625,423.0400085449219,441.010009765625,435.7783203125,437300
2022-01-31,442.7300109863281,455.44000244140625,439.5299987792969,454.6499938964844,449.2564697265625,497500
2022-02-01,456.0400085449219,461.2099914550781,450.1000061035156,458.29998779296875,452.8631286621094,520500
2022-02-02,460.5400085449219,463.7200012207031,450.7900085449219,451.94000244140625,446.57861328125,481700
2022-02-03,448.0400085449219,452.510009765625,439.7300109863281,443.7900085449219,438.5252990722656,411000
2022-02-04,444.1400146484375,446.55999755859375,432.0,438.07000732421875,432.8731689453125,353600
2022-02-07,439.7699890136719,441.19000244140625,433.42999267578125,434.3599853515625,429.2071838378906,362600
2022-02-08,433.2699890136719,441.489990234375,430.5199890136719,438.7300109863281,433.5253601074219,325200
2022-02-09,443.9700012207031,449.45001220703125,439.55999755859375,444.760009765625,439.4837951660156,372000
2022-02-10,434.989990234375,447.6199951171875,433.3999938964844,438.5799865722656,433.3770751953125,548400
2022-02-11,440.1600036621094,442.0799865722656,428.57000732421875,431.5199890136719,426.40081787109375,344800
2022-02-14,432.7799987792969,435.1000061035156,425.7900085449219,430.7099914550781,425.6004638671875,276600
2022-02-15,431.7699890136719,434.760009765625,429.17999267578125,432.0,426.87518310546875,343500
2022-02-16,429.07000732421875,434.0,425.3299865722656,433.3399963378906,428.19927978515625,339900
2022-02-17,429.8900146484375,438.05999755859375,427.9700012207031,430.5299987792969,425.422607421875,370800
2022-02-18,432.1600036621094,441.1700134277344,432.1600036621094,435.6199951171875,430.45220947265625,371500
2022-02-22,432.7300109863281,435.9700012207031,420.3699951171875,422.1099853515625,417.10247802734375,393900
2022-02-23,423.8900146484375,424.3800048828125,397.19000244140625,402.0899963378906,397.32000732421875,1100300
2022-02-24,394.25,419.7799987792969,390.3399963378906,417.4100036621094,412.458251953125,624400
2022-02-25,417.0899963378906,430.25,406.0400085449219,429.9800109863281,424.879150390625,560700
2022-02-28,423.3500061035156,434.5299987792969,420.6199951171875,432.2099914550781,427.0826721191406,772100
2022-03-01,394.5,448.989990234375,391.6300048828125,432.2099914550781,427.0826721191406,1499300
2022-03-02,425.3299865722656,430.94000244140625,414.0199890136719,423.25,418.2289733886719,668600
2022-03-03,425.1300048828125,425.1300048828125,401.8399963378906,402.6700134277344,397.8930969238281,528900
2022-03-04,402.6600036621094,414.75,400.7900085449219,413.7099914550781,408.8021240234375,474500
2022-03-07,413.6700134277344,417.94000244140625,400.05999755859375,400.07000732421875,395.323974609375,546200
2022-03-08,396.0,410.1499938964844,391.8800048828125,393.1499938964844,388.48602294921875,412300
2022-03-09,393.75,401.6199951171875,389.2699890136719,397.19000244140625,392.4781494140625,573300
2022-03-10,395.20001220703125,396.0,388.3500061035156,393.1400146484375,388.4761657714844,254800
2022-03-11,393.6400146484375,395.6199951171875,383.30999755859375,386.3699951171875,381.7864685058594,332800
2022-03-14,385.9599914550781,393.3699951171875,381.239990234375,386.17999267578125,382.6882629394531,279500
2022-03-15,387.4200134277344,393.9700012207031,386.760009765625,389.9100036621094,386.384521484375,311100
2022-03-16,393.1400146484375,405.5199890136719,391.1300048828125,405.4700012207031,401.8038330078125,453200
2022-03-17,405.0,410.510009765625,402.4700012207031,409.4599914550781,405.75775146484375,294400
2022-03-18,409.82000732421875,416.4700012207031,409.82000732421875,415.6600036621094,411.9017028808594,431000
2022-03-21,415.3299865722656,418.5199890136719,396.17999267578125,400.04998779296875,396.4328308105469,438900
2022-03-22,400.8599853515625,401.6400146484375,394.2099914550781,396.8299865722656,393.2419738769531,497400
2022-03-23,396.55999755859375,397.7099914550781,390.1400146484375,393.94000244140625,390.3780822753906,322600
2022-03-24,394.8999938964844,394.8999938964844,386.55999755859375,393.20001220703125,389.644775390625,289500
2022-03-25,393.9700012207031,394.739990234375,386.2300109863281,394.739990234375,391.17083740234375,488400
2022-03-28,397.5799865722656,399.6300048828125,388.3399963378906,399.07000732421875,395.46173095703125,501000
2022-03-29,402.4599914550781,414.5199890136719,401.6300048828125,412.010009765625,408.2846984863281,525600
2022-03-30,412.0299987792969,413.3500061035156,402.9700012207031,406.2699890136719,402.5965576171875,345700
2022-03-31,408.760009765625,410.05999755859375,404.70001220703125,407.010009765625,403.3299255371094,740900
2022-04-01,405.3599853515625,405.7799987792969,390.2300109863281,397.17999267578125,393.5887756347656,628500
2022-04-04,398.0,404.8500061035156,393.2799987792969,403.7900085449219,400.1390380859375,586500
2022-04-05,394.0,403.2799987792969,391.0199890136719,391.1700134277344,387.6331481933594,572000
2022-04-06,387.6000061035156,393.05999755859375,378.4599914550781,391.1000061035156,387.56378173828125,586200
2022-04-07,389.3399963378906,398.9100036621094,386.7799987792969,397.3999938964844,393.8067932128906,471900
2022-04-08,404.1499938964844,404.1499938964844,394.0299987792969,394.7900085449219,391.22039794921875,691700
2022-04-11,389.0899963378906,395.80999755859375,385.4599914550781,387.9200134277344,384.41253662109375,425300
2022-04-12,390.6099853515625,396.45001220703125,388.1000061035156,388.57000732421875,385.056640625,439900
2022-04-13,387.7900085449219,392.45001220703125,386.010009765625,392.1600036621094,388.6141662597656,381600
2022-04-14,390.94000244140625,393.1400146484375,386.8999938964844,387.239990234375,383.7386474609375,256000
2022-04-18,384.4100036621094,388.1199951171875,376.80999755859375,379.489990234375,376.0587463378906,339400
2022-04-19,378.5799865722656,397.7200012207031,378.5799865722656,394.0799865722656,390.5168151855469,424700
2022-04-20,394.6300048828125,397.57000732421875,390.1099853515625,396.489990234375,392.905029296875,324200
2022-04-21,399.4800109863281,402.7699890136719,390.79998779296875,391.0,387.46466064453125,366500
2022-04-22,390.989990234375,392.6700134277344,378.0400085449219,378.8299865722656,375.4046936035156,287900
2022-04-25,377.2099914550781,379.3399963378906,369.3800048828125,378.1600036621094,374.7407531738281,678200
2022-04-26,377.3399963378906,379.94000244140625,366.6300048828125,369.7300109863281,366.3869934082031,715000
2022-04-27,370.0,377.6600036621094,368.260009765625,372.9100036621094,369.5382385253906,710400
2022-04-28,350.95001220703125,361.69000244140625,335.6300048828125,353.8800048828125,350.6802978515625,1938100
2022-04-29,347.7900085449219,348.8800048828125,337.8500061035156,338.0,334.94390869140625,877200
2022-05-02,341.82000732421875,352.2699890136719,337.5400085449219,351.1199951171875,347.94525146484375,733100
2022-05-03,349.2799987792969,349.2799987792969,339.5899963378906,343.8399963378906,340.7310791015625,613100
2022-05-04,345.0899963378906,354.2099914550781,337.79998779296875,353.20001220703125,350.0064697265625,608500
2022-05-05,347.7900085449219,352.25,339.94000244140625,341.69000244140625,338.6004943847656,591500
2022-05-06,339.6199951171875,346.0199890136719,335.29998779296875,341.7900085449219,338.6996154785156,602600
2022-05-09,335.54998779296875,338.8699951171875,331.4700012207031,333.6000061035156,330.58367919921875,596900
2022-05-10,338.5899963378906,342.0,327.1199951171875,335.7200012207031,332.68450927734375,509900
2022-05-11,334.8399963378906,335.6199951171875,324.510009765625,325.1300048828125,322.1902770996094,513700
2022-05-12,323.0899963378906,337.7799987792969,321.1499938964844,327.8500061035156,324.88568115234375,705800
2022-05-13,331.739990234375,343.54998779296875,330.44000244140625,340.94000244140625,337.8572998046875,529000
2022-05-16,340.20001220703125,340.20001220703125,330.7200012207031,336.45001220703125,333.40789794921875,374900
2022-05-17,340.3800048828125,340.3800048828125,331.1199951171875,336.4599914550781,333.41778564453125,431100
2022-05-18,331.0,331.6099853515625,322.6099853515625,328.0199890136719,325.0541076660156,546700
2022-05-19,326.6499938964844,339.7300109863281,325.4800109863281,336.42999267578125,333.3880615234375,473300
2022-05-20,338.489990234375,342.3699951171875,330.5799865722656,341.69000244140625,338.6004943847656,590900
2022-05-23,344.9100036621094,346.6600036621094,333.55999755859375,343.010009765625,339.9085998535156,471500
2022-05-24,340.7699890136719,344.6300048828125,335.6000061035156,342.1700134277344,339.076171875,571600
2022-05-25,342.260009765625,356.20001220703125,342.260009765625,352.57000732421875,349.38214111328125,511200
2022-05-26,355.4599914550781,362.0400085449219,354.6700134277344,355.6099853515625,352.3946533203125,431000
2022-05-27,357.4599914550781,366.0799865722656,356.3500061035156,365.9100036621094,362.6015625,501800
2022-05-31,364.6099853515625,366.5199890136719,359.0400085449219,363.1700134277344,359.8863220214844,640100
2022-06-01,364.9700012207031,365.3299865722656,359.04998779296875,360.8500061035156,357.5872802734375,428700
2022-06-02,362.42999267578125,375.489990234375,361.17999267578125,372.8699951171875,369.49859619140625,448700
2022-06-03,367.6000061035156,373.3999938964844,366.1700134277344,368.1199951171875,364.79156494140625,359800
2022-06-06,370.010009765625,378.4800109863281,368.2900085449219,377.2699890136719,373.8587951660156,473800
2022-06-07,371.04998779296875,385.75,371.04998779296875,385.2799987792969,381.79638671875,404700
2022-06-08,383.44000244140625,391.6600036621094,383.44000244140625,384.0,380.5279846191406,449100
2022-06-09,380.6700134277344,388.20001220703125,379.17999267578125,385.44000244140625,381.9549255371094,556800
2022-06-10,381.2300109863281,382.9200134277344,376.55999755859375,380.5,377.0596008300781,522400
2022-06-13,370.7200012207031,383.30999755859375,370.7200012207031,380.6300048828125,377.18841552734375,806500
2022-06-14,378.07000732421875,384.0,375.8999938964844,377.1300048828125,374.80322265625,636600
2022-06-15,378.19000244140625,387.6700134277344,378.19000244140625,385.4200134277344,383.0420837402344,471700
2022-06-16,378.44000244140625,386.6300048828125,374.7300109863281,379.54998779296875,377.2082824707031,490100
2022-06-17,381.1499938964844,381.8599853515625,375.9700012207031,379.1700134277344,376.8306579589844,552400
2022-06-21,380.510009765625,388.55999755859375,379.29998779296875,386.3599853515625,383.9762878417969,448000
2022-06-22,385.3699951171875,395.3900146484375,382.0400085449219,389.760009765625,387.3553161621094,439200
2022-06-23,392.3800048828125,398.3399963378906,387.6000061035156,398.1300048828125,395.6736755371094,461800
2022-06-24,400.0,400.0,390.1199951171875,396.5400085449219,394.093505859375,709400
2022-06-27,398.54998779296875,401.1099853515625,392.3699951171875,397.5799865722656,395.1270446777344,604100
2022-06-28,396.4200134277344,399.4200134277344,390.1600036621094,390.7099914550781,388.2994384765625,449400
2022-06-29,391.82000732421875,392.8800048828125,386.3299865722656,389.0400085449219,386.6397705078125,466300
2022-06-30,390.0,392.75,386.5,389.7099914550781,387.30560302734375,551100
2022-07-01,392.6199951171875,404.5899963378906,390.7699890136719,403.6099853515625,401.1198425292969,318800
2022-07-05,400.19000244140625,401.1700134277344,393.7200012207031,396.79998779296875,394.35186767578125,546500
2022-07-06,397.4800109863281,400.04998779296875,393.79998779296875,397.57000732421875,395.11712646484375,541200
2022-07-07,395.9700012207031,406.2699890136719,395.9100036621094,405.5400085449219,403.0379638671875,458200
2022-07-08,405.0799865722656,409.0299987792969,398.79998779296875,401.3500061035156,398.8738098144531,546300
2022-07-11,400.9800109863281,403.32000732421875,396.5,397.25,394.7991027832031,514500
2022-07-12,396.75,402.739990234375,389.3900146484375,391.489990234375,389.07464599609375,461600
2022-07-13,388.8500061035156,405.0,386.3900146484375,401.3699951171875,398.8936767578125,593800
2022-07-14,400.0,402.3399963378906,396.54998779296875,399.1499938964844,396.6873779296875,489700
2022-07-15,401.69000244140625,406.9100036621094,399.54998779296875,406.6000061035156,404.0914306640625,411700
2022-07-18,409.260009765625,411.2099914550781,404.3399963378906,406.80999755859375,404.30010986328125,458700
2022-07-19,409.989990234375,412.30999755859375,404.07000732421875,410.239990234375,407.7089538574219,552600
2022-07-20,410.04998779296875,416.0799865722656,409.4100036621094,410.8599853515625,408.3251037597656,880600
2022-07-21,413.989990234375,426.44000244140625,404.3800048828125,405.6400146484375,403.1373291015625,1089700
2022-07-22,405.3999938964844,411.54998779296875,396.1499938964844,399.2699890136719,396.806640625,602500
2022-07-25,401.19000244140625,403.0799865722656,385.8299865722656,387.989990234375,385.5962219238281,953200
2022-07-26,385.0,393.9700012207031,380.75,386.75,384.3638916015625,865600
2022-07-27,389.3399963378906,395.42999267578125,389.29998779296875,392.989990234375,390.56536865234375,715100
2022-07-28,394.54998779296875,397.04998779296875,389.25,389.82000732421875,387.4149475097656,696000
2022-07-29,389.6000061035156,394.7300109863281,385.260009765625,392.1099853515625,389.6907958984375,903200
2022-08-01,392.30999755859375,395.25,389.6700134277344,390.1199951171875,387.71307373046875,535600
2022-08-02,388.739990234375,395.75,386.3999938964844,391.07000732421875,388.6572570800781,432400
2022-08-03,394.0199890136719,394.0199890136719,388.29998779296875,390.9100036621094,388.4981994628906,567000
2022-08-04,390.4100036621094,394.3399963378906,387.7799987792969,391.3399963378906,388.9255676269531,597000
2022-08-05,390.0,391.9800109863281,386.9800109863281,387.92999267578125,385.5365905761719,413600
2022-08-08,390.760009765625,397.1600036621094,389.7699890136719,394.8900146484375,392.45367431640625,543700
2022-08-09,395.1099853515625,396.1199951171875,390.8500061035156,392.55999755859375,390.1380310058594,556500
2022-08-10,398.20001220703125,409.0,396.94000244140625,405.75,403.24664306640625,770100
2022-08-11,409.0,410.6700134277344,403.29998779296875,404.1300048828125,401.63665771484375,518200
2022-08-12,406.2099914550781,415.5,406.0899963378906,412.239990234375,409.6966247558594,510000
2022-08-15,411.989990234375,414.510009765625,408.7900085449219,410.8599853515625,408.3251037597656,430700
2022-08-16,409.9599914550781,415.6000061035156,408.9800109863281,410.92999267578125,408.3946838378906,509700
2022-08-17,408.739990234375,415.82000732421875,406.8900146484375,411.989990234375,409.4481506347656,573700
2022-08-18,412.2200012207031,417.2300109863281,410.6600036621094,416.95001220703125,414.3775634765625,446500
2022-08-19,416.2900085449219,416.7099914550781,403.6300048828125,405.20001220703125,402.7000732421875,489800
2022-08-22,400.4200134277344,403.29998779296875,397.5400085449219,401.2099914550781,398.73468017578125,521400
2022-08-23,401.8900146484375,402.6000061035156,391.6600036621094,392.4599914550781,390.03863525390625,451400
2022-08-24,393.32000732421875,397.3599853515625,390.0199890136719,396.9599914550781,394.5108947753906,376300
2022-08-25,399.30999755859375,408.3900146484375,396.1199951171875,406.9700012207031,404.4591369628906,342000
2022-08-26,407.2699890136719,407.4800109863281,390.239990234375,390.2799987792969,387.8721008300781,450800
2022-08-29,387.17999267578125,387.29998779296875,378.4599914550781,378.510009765625,376.17474365234375,594200
2022-08-30,379.55999755859375,385.29998779296875,377.54998779296875,380.3699951171875,378.0232238769531,439700
2022-08-31,381.0899963378906,381.69000244140625,370.8999938964844,371.8599853515625,369.56573486328125,526500
2022-09-01,370.1600036621094,372.739990234375,367.260009765625,371.6199951171875,369.3272399902344,453400
2022-09-02,374.6099853515625,374.6099853515625,364.510009765625,365.79998779296875,363.5431213378906,472800
2022-09-06,365.8399963378906,365.8399963378906,356.0199890136719,362.7699890136719,360.53179931640625,659300
2022-09-07,363.8800048828125,366.8500061035156,359.92999267578125,362.6099853515625,360.372802734375,772600
2022-09-08,359.57000732421875,363.82000732421875,357.3399963378906,362.0,359.7665710449219,710200
2022-09-09,363.7200012207031,368.6099853515625,360.5400085449219,367.1199951171875,364.85498046875,766000
2022-09-12,373.1000061035156,378.3599853515625,363.69000244140625,364.44000244140625,362.1915283203125,586700
2022-09-13,357.29998779296875,357.29998779296875,349.79998779296875,350.3800048828125,348.2182922363281,787200
2022-09-14,350.3900146484375,350.5899963378906,337.8500061035156,340.2799987792969,339.2456359863281,1247200
2022-09-15,339.6199951171875,351.1600036621094,339.44000244140625,349.510009765625,348.44757080078125,832600
2022-09-16,348.260009765625,350.95001220703125,338.8299865722656,342.9700012207031,341.9274597167969,920900
2022-09-19,341.2099914550781,342.7300109863281,330.0400085449219,332.9800109863281,331.96783447265625,906000
2022-09-20,329.7900085449219,336.2099914550781,326.82000732421875,332.3500061035156,331.3397216796875,1150000
2022-09-21,334.3999938964844,341.2300109863281,330.55999755859375,333.20001220703125,332.1871643066406,900700
2022-09-22,330.1099853515625,331.6700134277344,319.6199951171875,320.1400146484375,319.1668701171875,1021600
2022-09-23,324.0,336.5199890136719,322.010009765625,330.0,328.99688720703125,1384400
2022-09-26,329.5400085449219,329.5400085449219,321.4599914550781,324.739990234375,323.7528381347656,764300
2022-09-27,326.8399963378906,328.9200134277344,313.2200012207031,314.19000244140625,313.23492431640625,854400
2022-09-28,318.1400146484375,323.3800048828125,313.17999267578125,321.17999267578125,320.20367431640625,599200
2022-09-29,318.6400146484375,323.32000732421875,310.989990234375,316.3500061035156,315.38836669921875,754700
2022-09-30,315.2900085449219,319.67999267578125,310.07000732421875,310.20001220703125,309.257080078125,589500
2022-10-03,311.1499938964844,318.3299865722656,300.6300048828125,316.44000244140625,315.47808837890625,843700
2022-10-04,328.94000244140625,333.8399963378906,327.3299865722656,330.6099853515625,329.6050109863281,1030300
2022-10-05,328.0,336.6499938964844,324.5299987792969,335.1300048828125,334.1112976074219,661500
2022-10-06,336.2799987792969,336.75,320.8900146484375,324.2200012207031,323.23443603515625,713100
2022-10-07,320.42999267578125,321.0400085449219,312.8599853515625,314.5199890136719,313.56390380859375,713700
2022-10-10,315.70001220703125,316.010009765625,304.4200134277344,309.6700134277344,308.72869873046875,993600
2022-10-11,310.5199890136719,312.0400085449219,302.3500061035156,303.5,302.5774230957031,974200
2022-10-12,303.29998779296875,305.239990234375,299.4100036621094,301.760009765625,300.84271240234375,800900
2022-10-13,318.0,335.92999267578125,313.0799865722656,333.260009765625,332.2469787597656,2912700
2022-10-14,334.0,334.1300048828125,316.92999267578125,317.3399963378906,316.3753662109375,1361200
2022-10-17,322.989990234375,326.989990234375,318.1400146484375,321.1600036621094,320.1837463378906,982800
2022-10-18,323.4599914550781,331.3299865722656,322.0400085449219,328.8999938964844,327.90020751953125,1164700
2022-10-19,327.5899963378906,331.9700012207031,321.42999267578125,323.3999938964844,322.41693115234375,720800
2022-10-20,322.2200012207031,327.7099914550781,318.9100036621094,319.5,318.5287780761719,664400
2022-10-21,320.4200134277344,322.739990234375,314.1199951171875,321.55999755859375,320.58251953125,754000
2022-10-24,322.9800109863281,323.5899963378906,315.69000244140625,323.1600036621094,322.17767333984375,614200
2022-10-25,324.9700012207031,332.7900085449219,324.82000732421875,328.8800048828125,327.8802795410156,610500
2022-10-26,329.7699890136719,331.1499938964844,321.57000732421875,322.0199890136719,321.0411071777344,826800
2022-10-27,326.9100036621094,337.9200134277344,326.9100036621094,331.5,330.4923095703125,899600
2022-10-28,328.94000244140625,335.05999755859375,327.79998779296875,334.79998779296875,333.7822570800781,481600
2022-10-31,334.989990234375,339.20001220703125,331.5799865722656,332.239990234375,331.23004150390625,547000
2022-11-01,334.1499938964844,334.8500061035156,330.1099853515625,333.44000244140625,332.4264221191406,665000
2022-11-02,334.4800109863281,349.0,333.55999755859375,339.0299987792969,337.9994201660156,1064900
2022-11-03,335.0400085449219,353.1499938964844,335.0400085449219,352.07000732421875,350.9997863769531,895100
2022-11-04,354.4200134277344,360.07000732421875,347.92999267578125,359.6499938964844,358.5567321777344,894000
2022-11-07,359.95001220703125,360.3800048828125,347.489990234375,347.92999267578125,346.87237548828125,807400
2022-11-08,347.9599914550781,351.3500061035156,335.0,337.489990234375,336.4640808105469,572700
2022-11-09,336.8299865722656,339.8999938964844,332.75,338.5400085449219,337.51092529296875,530700
2022-11-10,347.7900085449219,358.510009765625,342.57000732421875,357.82000732421875,356.7322998046875,833400
2022-11-11,357.3999938964844,370.7200012207031,356.6700134277344,366.5199890136719,365.4058532714844,698300
2022-11-14,365.7099914550781,378.0400085449219,363.9100036621094,370.2300109863281,369.1045837402344,773000
2022-11-15,372.42999267578125,375.5299987792969,365.7300109863281,366.739990234375,365.62518310546875,597300
2022-11-16,368.6400146484375,376.5899963378906,361.9200134277344,364.4700012207031,363.3620910644531,467900
2022-11-17,359.8500061035156,366.80999755859375,355.7300109863281,366.7300109863281,365.615234375,429200
2022-11-18,374.19000244140625,381.79998779296875,365.05999755859375,367.8900146484375,366.7716979980469,791700
2022-11-21,368.5799865722656,379.57000732421875,368.5799865722656,377.8299865722656,376.68145751953125,690800
2022-11-22,375.8399963378906,377.8299865722656,372.5,376.07000732421875,374.9268493652344,349600
2022-11-23,378.8599853515625,392.0,378.5299987792969,391.739990234375,390.5491943359375,486500
2022-11-25,392.55999755859375,395.0,387.30999755859375,389.05999755859375,387.8773498535156,184900
2022-11-28,388.94000244140625,391.5299987792969,381.7699890136719,382.2900085449219,381.1279296875,376000
2022-11-29,381.4100036621094,384.489990234375,378.4599914550781,383.05999755859375,381.89556884765625,385400
2022-11-30,383.04998779296875,391.0,377.0799865722656,388.7300109863281,387.5483703613281,890200
2022-12-01,391.2200012207031,392.0400085449219,384.8500061035156,385.5799865722656,384.40789794921875,371100
2022-12-02,381.1000061035156,385.0400085449219,379.3800048828125,382.760009765625,381.59649658203125,393800
2022-12-05,387.45001220703125,387.6000061035156,378.1600036621094,381.260009765625,380.10107421875,573400
2022-12-06,378.739990234375,379.0,363.7300109863281,369.3599853515625,368.2372131347656,624100
2022-12-07,368.6400146484375,373.5899963378906,366.6700134277344,372.1400146484375,371.0087890625,364600
2022-12-08,373.4599914550781,375.54998779296875,368.6300048828125,374.94000244140625,373.8002624511719,449800
2022-12-09,372.739990234375,378.6400146484375,362.510009765625,362.6499938964844,361.547607421875,562400
2022-12-12,363.29998779296875,364.5899963378906,358.57000732421875,363.3500061035156,362.2455139160156,541900
2022-12-13,371.6300048828125,374.1099853515625,361.6400146484375,361.8699951171875,360.7699890136719,689100
2022-12-14,360.0,369.17999267578125,358.19000244140625,366.739990234375,366.739990234375,654100
2022-12-15,365.04998779296875,365.04998779296875,351.4800109863281,356.989990234375,356.989990234375,649500
2022-12-16,354.0899963378906,361.69000244140625,351.239990234375,357.2300109863281,357.2300109863281,854400
2022-12-19,358.25,360.7200012207031,354.80999755859375,356.3299865722656,356.3299865722656,392600
2022-12-20,355.9700012207031,355.989990234375,349.80999755859375,353.7300109863281,353.7300109863281,354300
2022-12-21,355.1099853515625,360.2900085449219,355.05999755859375,358.3299865722656,358.3299865722656,392100
2022-12-22,355.8399963378906,355.8399963378906,343.9200134277344,352.2099914550781,352.2099914550781,350600
2022-12-23,351.3500061035156,354.3399963378906,347.0,353.0199890136719,353.0199890136719,325500
2022-12-27,352.04998779296875,354.94000244140625,347.4800109863281,354.3999938964844,354.3999938964844,303000
2022-12-28,354.32000732421875,355.739990234375,344.3800048828125,344.4100036621094,344.4100036621094,306900
2022-12-29,346.3999938964844,353.2099914550781,345.0199890136719,349.79998779296875,349.79998779296875,273800
2022-12-30,346.8399963378906,346.8399963378906,341.54998779296875,346.3999938964844,346.3999938964844,288100
2023-01-03,350.8800048828125,350.8800048828125,333.6199951171875,339.2699890136719,339.2699890136719,580000
2023-01-04,343.0899963378906,345.54998779296875,339.510009765625,344.3900146484375,344.3900146484375,578200
2023-01-05,341.0,341.0,335.0199890136719,338.8299865722656,338.8299865722656,475700
2023-01-06,338.7699890136719,343.1600036621094,334.75,342.6199951171875,342.6199951171875,499000
2023-01-09,345.0,349.7799987792969,333.0199890136719,333.8800048828125,333.8800048828125,632000
2023-01-10,331.8500061035156,340.8399963378906,330.6700134277344,339.7300109863281,339.7300109863281,649500
2023-01-11,342.6099853515625,349.9700012207031,341.8299865722656,349.8500061035156,349.8500061035156,679600
2023-01-12,350.7200012207031,351.010009765625,336.8299865722656,337.6199951171875,337.6199951171875,760100
2023-01-13,331.989990234375,337.8299865722656,323.2200012207031,337.44000244140625,337.44000244140625,1104300
