Date,Open,High,Low,Close,Adj Close,Volume
2022-01-18,141.16000366210938,142.10000610351562,139.10000610351562,139.3699951171875,134.38565063476562,1398300
2022-01-19,140.0800018310547,141.3699951171875,138.52000427246094,138.55999755859375,133.60462951660156,981200
2022-01-20,138.82000732421875,141.07000732421875,135.91000366210938,136.02999877929688,131.1651153564453,931400
2022-01-21,136.10000610351562,137.47999572753906,134.32000732421875,134.77999877929688,129.95982360839844,1326700
2022-01-24,131.4600067138672,136.8300018310547,129.88999938964844,136.58999633789062,131.70509338378906,1435100
2022-01-25,134.6999969482422,139.27999877929688,131.8000030517578,137.5,132.58255004882812,1348200
2022-01-26,139.55999755859375,140.8300018310547,135.64999389648438,136.9499969482422,132.05221557617188,1314500
2022-01-27,138.2899932861328,139.66000366210938,134.61000061035156,135.36000061035156,130.51907348632812,789800
2022-01-28,135.69000244140625,138.6199951171875,132.3800048828125,138.52000427246094,133.56607055664062,1021400
2022-01-31,137.64999389648438,140.00999450683594,136.05999755859375,139.8699951171875,134.86778259277344,1185300
2022-02-01,140.27000427246094,141.74000549316406,138.55999755859375,139.8800048828125,134.87744140625,888500
2022-02-02,141.55999755859375,143.1300048828125,140.47000122070312,140.85000610351562,135.812744140625,1369400
2022-02-03,139.66000366210938,141.77000427246094,138.27999877929688,138.58999633789062,133.63357543945312,853300
2022-02-04,138.27999877929688,138.7899932861328,135.72000122070312,137.86000061035156,132.9296875,960700
2022-02-07,138.0,141.25,138.0,140.08999633789062,135.07992553710938,1235300
2022-02-08,140.4199981689453,141.30999755859375,138.75999450683594,141.0,135.95736694335938,1441000
2022-02-09,142.63999938964844,147.25999450683594,142.52999877929688,146.69000244140625,141.44387817382812,1629000
2022-02-10,145.4199981689453,150.5,144.55999755859375,146.85000610351562,141.59817504882812,1287400
2022-02-11,147.64999389648438,148.50999450683594,143.0,144.39999389648438,139.23577880859375,941700
2022-02-14,144.77000427246094,146.0399932861328,142.7899932861328,143.4199981689453,138.29083251953125,894700
2022-02-15,145.0,147.85000610351562,144.9199981689453,147.69000244140625,142.40811157226562,879400
2022-02-16,146.75999450683594,149.35000610351562,146.75999450683594,148.86000061035156,143.53628540039062,981100
2022-02-17,147.36000061035156,147.72000122070312,141.86000061035156,142.85000610351562,137.7412109375,1231600
2022-02-18,143.0500030517578,146.1999969482422,143.0500030517578,144.74000549316406,139.5636444091797,1006300
2022-02-22,144.35000610351562,145.7899932861328,141.86000061035156,143.89999389648438,138.753662109375,1240800
2022-02-23,145.67999267578125,145.67999267578125,138.64999389648438,139.0500030517578,134.07711791992188,958700
2022-02-24,135.02000427246094,141.74000549316406,134.14999389648438,141.57000732421875,136.50698852539062,1100900
2022-02-25,141.36000061035156,145.1300048828125,140.86000061035156,145.0800018310547,139.89146423339844,738000
2022-02-28,142.6999969482422,145.4199981689453,140.5500030517578,145.22000122070312,140.0264434814453,1622300
2022-03-01,145.2899932861328,145.2899932861328,138.69000244140625,139.88999938964844,134.8870849609375,1267300
2022-03-02,140.0,142.3000030517578,139.32000732421875,140.47000122070312,135.44631958007812,1940300
2022-03-03,141.07000732421875,141.57000732421875,132.66000366210938,133.13999938964844,128.37847900390625,2655200
2022-03-04,131.4499969482422,132.35000610351562,127.08000183105469,132.0399932861328,127.31781768798828,1783200
2022-03-07,131.8300018310547,132.2899932861328,117.5,117.79000091552734,113.57743835449219,2938800
2022-03-08,117.79000091552734,127.5999984741211,116.04000091552734,122.70999908447266,118.32148742675781,2236400
2022-03-09,127.70999908447266,130.13999938964844,126.38999938964844,128.55999755859375,123.96227264404297,1427000
2022-03-10,125.5199966430664,130.8699951171875,124.61000061035156,130.3699951171875,125.7075424194336,1398700
2022-03-11,132.0399932861328,132.88999938964844,128.47000122070312,129.0,124.38653564453125,1066300
2022-03-14,129.1300048828125,129.5,122.87999725341797,124.19000244140625,119.7485580444336,2147700
2022-03-15,126.13999938964844,127.29000091552734,122.38999938964844,124.37999725341797,119.9317626953125,2093100
2022-03-16,127.47000122070312,130.85000610351562,126.91999816894531,129.67999267578125,125.0422134399414,1653300
2022-03-17,127.69000244140625,130.47999572753906,127.04000091552734,130.44000244140625,125.7750473022461,1387300
2022-03-18,129.9199981689453,134.05999755859375,129.13999938964844,133.6300048828125,128.8509521484375,2328000
2022-03-21,133.77999877929688,134.39999389648438,129.5,131.17999267578125,126.48856353759766,1392100
2022-03-22,132.2899932861328,134.77000427246094,131.86000061035156,132.0,127.27924346923828,1397600
2022-03-23,131.3000030517578,133.13999938964844,130.41000366210938,130.94000244140625,126.25715637207031,2729900
2022-03-24,131.0,134.3800048828125,128.52000427246094,132.39999389648438,127.6649398803711,2180600
2022-03-25,132.47999572753906,133.75999450683594,129.32000732421875,129.8000030517578,125.1579360961914,1730200
2022-03-28,130.1300048828125,130.69000244140625,128.91000366210938,130.32000732421875,125.65933227539062,1316600
2022-03-29,132.49000549316406,136.07000732421875,132.08999633789062,134.36000061035156,129.55484008789062,1184600
2022-03-30,133.5,133.91000366210938,131.25999450683594,131.66000366210938,126.95140838623047,939800
2022-03-31,131.97999572753906,134.94000244140625,131.32000732421875,132.9499969482422,128.1952667236328,1575800
2022-04-01,133.57000732421875,134.39999389648438,128.58999633789062,130.07000732421875,125.41826629638672,1711900
2022-04-04,129.22999572753906,131.82000732421875,127.20999908447266,131.2899932861328,126.59465026855469,1256000
2022-04-05,130.9499969482422,132.1699981689453,127.33000183105469,129.52000427246094,124.88794708251953,973100
2022-04-06,128.07000732421875,129.4600067138672,125.0999984741211,128.49000549316406,123.89478302001953,1165100
2022-04-07,126.95999908447266,127.26000213623047,123.23999786376953,126.0,122.54290771484375,1644100
2022-04-08,126.44000244140625,127.62000274658203,123.41000366210938,126.43000030517578,122.96111297607422,1379100
2022-04-11,126.0,129.4499969482422,125.16000366210938,126.54000091552734,123.0680923461914,1196100
2022-04-12,129.3000030517578,132.75,128.77999877929688,130.5399932861328,126.95834350585938,1384900
2022-04-13,130.74000549316406,133.74000549316406,130.74000549316406,131.5800018310547,127.96981048583984,1105200
2022-04-14,131.6999969482422,133.6999969482422,131.24000549316406,131.4499969482422,127.84337615966797,842200
2022-04-18,130.3000030517578,132.88999938964844,130.24000549316406,132.63999938964844,129.000732421875,767300
2022-04-19,132.8699951171875,136.27000427246094,132.6699981689453,135.39999389648438,131.68499755859375,877000
2022-04-20,136.39999389648438,138.0800018310547,135.72999572753906,136.5800018310547,132.83261108398438,698100
2022-04-21,139.5500030517578,140.25999450683594,137.47000122070312,138.02999877929688,134.24282836914062,1130400
2022-04-22,137.75999450683594,137.75999450683594,133.89999389648438,134.0500030517578,130.37205505371094,849400
2022-04-25,133.0500030517578,138.47000122070312,132.3300018310547,138.1300048828125,134.34010314941406,1027700
2022-04-26,136.32000732421875,137.11000061035156,131.39999389648438,131.5,127.89201354980469,737500
2022-04-27,131.75999450683594,133.63999938964844,130.2899932861328,130.7100067138672,127.12368774414062,668100
2022-04-28,132.30999755859375,135.6300048828125,130.8300018310547,133.89999389648438,130.2261505126953,654500
2022-04-29,134.14999389648438,135.89999389648438,131.33999633789062,131.72999572753906,128.11569213867188,997100
2022-05-02,132.0,133.24000549316406,129.47999572753906,132.8000030517578,129.1563262939453,891500
2022-05-03,132.17999267578125,133.7100067138672,129.57000732421875,130.64999389648438,127.06531524658203,842800
2022-05-04,129.5500030517578,131.97999572753906,126.08000183105469,131.47999572753906,127.87255096435547,1256400
2022-05-05,129.41000366210938,131.1699981689453,125.80999755859375,127.51000213623047,124.01148223876953,969900
2022-05-06,127.3499984741211,130.75,126.1500015258789,130.10000610351562,126.53042602539062,1264200
2022-05-09,128.07000732421875,129.72999572753906,124.93000030517578,125.11000061035156,121.67733764648438,1140800
2022-05-10,127.20999908447266,128.13999938964844,123.37999725341797,126.9000015258789,123.418212890625,972000
2022-05-11,126.98999786376953,128.4499969482422,121.33000183105469,121.51000213623047,118.17610168457031,1315700
2022-05-12,120.63999938964844,126.0,118.72000122070312,124.18000030517578,120.7728500366211,1647400
2022-05-13,126.0199966430664,129.38999938964844,126.01000213623047,128.07000732421875,124.55612182617188,817400
2022-05-16,127.25,128.24000549316406,125.72000122070312,126.37999725341797,122.91248321533203,1025300
2022-05-17,129.2100067138672,129.66000366210938,126.69000244140625,129.00999450683594,125.47032165527344,1021400
2022-05-18,127.4000015258789,127.4000015258789,118.7699966430664,119.4800033569336,116.2018051147461,2055900
2022-05-19,116.70999908447266,119.16000366210938,114.08000183105469,116.66999816894531,113.4688949584961,1604600
2022-05-20,118.6500015258789,118.87000274658203,113.54000091552734,116.25,113.0604248046875,1746000
2022-05-23,117.18000030517578,117.69999694824219,113.2300033569336,116.41000366210938,113.21603393554688,932900
2022-05-24,115.23999786376953,115.26000213623047,111.56999969482422,114.7699966430664,111.62102508544922,1092700
2022-05-25,114.30999755859375,120.75,114.01000213623047,120.12000274658203,116.82424926757812,1199300
2022-05-26,121.45999908447266,126.30000305175781,121.11000061035156,125.08999633789062,121.65787506103516,899800
2022-05-27,126.30000305175781,127.45999908447266,123.93000030517578,126.04000091552734,122.58180236816406,850300
2022-05-31,125.62000274658203,126.86000061035156,123.62000274658203,125.0,121.57035064697266,1957900
2022-06-01,125.63999938964844,125.93000030517578,121.75,123.93000030517578,120.52970886230469,1016800
2022-06-02,124.05999755859375,127.0,123.81999969482422,126.87999725341797,123.39876556396484,718500
2022-06-03,125.5999984741211,126.66999816894531,123.94000244140625,125.77999877929688,122.32894897460938,945500
2022-06-06,126.5,126.73999786376953,124.31999969482422,125.91999816894531,122.46509552001953,951200
2022-06-07,124.0199966430664,125.23999786376953,121.33999633789062,124.91000366210938,121.48281860351562,1281800
2022-06-08,124.08000183105469,125.19000244140625,122.98999786376953,124.37999725341797,120.96735382080078,885300
2022-06-09,123.56999969482422,125.55000305175781,122.93000030517578,123.45999908447266,120.07260131835938,681400
2022-06-10,121.2699966430664,122.75,119.19999694824219,119.94000244140625,116.64917755126953,939500
2022-06-13,116.37000274658203,117.18000030517578,113.23999786376953,114.27999877929688,111.14447021484375,1408400
2022-06-14,114.29000091552734,115.66000366210938,113.31999969482422,114.02999877929688,110.90132904052734,1220600
2022-06-15,114.72000122070312,118.29000091552734,114.58000183105469,116.55000305175781,113.35218811035156,1443100
2022-06-16,113.37000274658203,113.43000030517578,110.95999908447266,111.83999633789062,108.77141571044922,1326300
2022-06-17,112.29000091552734,115.08000183105469,111.8499984741211,114.19999694824219,111.0666732788086,2442900
2022-06-21,115.86000061035156,116.0,112.7300033569336,113.69999694824219,110.58038330078125,1713400
2022-06-22,113.23999786376953,116.30000305175781,112.2300033569336,115.12000274658203,111.96142578125,2059500
2022-06-23,116.83999633789062,117.94000244140625,113.16999816894531,115.5999984741211,112.42825317382812,2973500
2022-06-24,117.27999877929688,119.88999938964844,116.12000274658203,119.80999755859375,116.52274322509766,2375100
2022-06-27,121.45999908447266,123.05999755859375,120.30000305175781,121.93000030517578,118.58457946777344,1692900
2022-06-28,122.0199966430664,123.44000244140625,114.93000030517578,115.0999984741211,111.94197845458984,1556300
2022-06-29,114.62999725341797,115.0,112.4000015258789,113.87000274658203,110.7457275390625,1236800
2022-06-30,113.23999786376953,114.62999725341797,111.37999725341797,113.12000274658203,110.01630401611328,1641600
2022-07-01,113.6500015258789,115.05000305175781,112.55000305175781,114.3499984741211,111.21255493164062,1540400
2022-07-05,112.93000030517578,118.58999633789062,111.77999877929688,118.51000213623047,115.25841522216797,1639700
2022-07-06,118.72000122070312,120.0,115.5999984741211,116.70999908447266,113.50780487060547,1639000
2022-07-07,115.3499984741211,117.37000274658203,114.37000274658203,117.27999877929688,115.2571029663086,1215400
2022-07-08,117.30000305175781,118.66000366210938,115.5,116.77999877929688,114.76571655273438,1052300
2022-07-11,116.11000061035156,117.30999755859375,115.05000305175781,115.44000244140625,113.44883728027344,1024000
2022-07-12,116.0,117.55000305175781,115.31999969482422,115.83000183105469,113.83210754394531,1012600
2022-07-13,113.52999877929688,117.0999984741211,113.08000183105469,116.30000305175781,114.29400634765625,1095100
2022-07-14,114.69000244140625,116.6500015258789,114.27999877929688,116.16000366210938,114.15641784667969,1322600
2022-07-15,117.51000213623047,118.72000122070312,116.4800033569336,117.08999633789062,115.07037353515625,1002900
2022-07-18,117.69999694824219,118.68000030517578,116.01000213623047,116.43000030517578,114.42176055908203,922100
2022-07-19,117.25,120.55000305175781,117.25,120.19000244140625,118.11690521240234,820600
2022-07-20,120.4800033569336,122.83000183105469,120.41000366210938,121.88999938964844,119.78758239746094,893400
2022-07-21,120.83999633789062,121.86000061035156,119.69999694824219,121.69000244140625,119.59103393554688,827800
2022-07-22,122.13999938964844,123.56999969482422,120.5,121.3499984741211,119.25689697265625,774200
2022-07-25,122.0,122.0,117.31999969482422,118.77999877929688,116.7312240600586,1144600
2022-07-26,117.31999969482422,117.62000274658203,115.06999969482422,115.11000061035156,113.12452697753906,1102500
2022-07-27,116.80999755859375,121.83999633789062,116.6500015258789,121.47000122070312,119.37483215332031,1206800
2022-07-28,121.5,126.66999816894531,121.05000305175781,126.58000183105469,124.39669036865234,1697100
2022-07-29,126.69999694824219,126.98999786376953,124.02999877929688,124.48999786376953,122.34273529052734,2380000
2022-08-01,123.52999877929688,125.95999908447266,122.83000183105469,124.75,122.59825897216797,1016800
2022-08-02,124.0,125.66999816894531,123.44999694824219,124.13999938964844,121.99877166748047,795200
2022-08-03,124.7300033569336,127.31999969482422,123.80999755859375,126.87000274658203,124.68168640136719,960500
2022-08-04,126.43000030517578,127.3499984741211,125.51000213623047,125.77999877929688,123.61048126220703,801500
2022-08-05,124.6500015258789,125.87000274658203,123.5,123.58000183105469,121.44844055175781,667200
2022-08-08,123.7300033569336,127.18000030517578,123.7300033569336,125.33999633789062,123.1780776977539,805000
2022-08-09,125.05000305175781,125.83000183105469,123.91000366210938,125.79000091552734,123.62031555175781,826100
2022-08-10,128.35000610351562,130.92999267578125,127.91000366210938,129.8800048828125,127.6397705078125,1333500
2022-08-11,130.85000610351562,132.22000122070312,130.08999633789062,130.22999572753906,127.98371887207031,1029300
2022-08-12,130.92999267578125,131.94000244140625,130.27000427246094,131.91000366210938,129.63475036621094,753000
2022-08-15,131.24000549316406,133.0,130.1999969482422,132.2100067138672,129.92959594726562,1113800
2022-08-16,131.77000427246094,135.30999755859375,131.3000030517578,134.35000610351562,132.0326690673828,1073700
2022-08-17,132.58999633789062,134.1300048828125,132.0800018310547,132.6999969482422,130.4111328125,963100
2022-08-18,132.52000427246094,133.05999755859375,131.22000122070312,132.3699951171875,130.08680725097656,723800
2022-08-19,131.25,131.58999633789062,128.35000610351562,129.07000732421875,126.84375,779000
2022-08-22,127.16000366210938,127.16999816894531,125.75,127.13999938964844,124.94702911376953,1002600
2022-08-23,127.94000244140625,128.92999267578125,126.77999877929688,126.97000122070312,124.77996063232422,762800
2022-08-24,126.44999694824219,128.5500030517578,124.61000061035156,127.68000030517578,125.47771453857422,1116100
2022-08-25,128.22999572753906,130.6699981689453,127.97000122070312,130.64999389648438,128.396484375,854000
2022-08-26,130.75,130.8699951171875,124.66000366210938,124.97000122070312,122.814453125,741100
2022-08-29,123.73999786376953,125.4800033569336,123.3499984741211,124.69999694824219,122.54911041259766,727000
2022-08-30,125.45999908447266,126.1500015258789,122.70999908447266,123.37999725341797,121.25187683105469,700800
2022-08-31,123.80999755859375,125.11000061035156,122.81999969482422,123.70999908447266,121.5761947631836,1050100
2022-09-01,122.94000244140625,125.95999908447266,122.29000091552734,125.93000030517578,123.75790405273438,917300
2022-09-02,127.4800033569336,127.93000030517578,124.37999725341797,125.16999816894531,123.0110092163086,851800
2022-09-06,125.97000122070312,126.87999725341797,122.36000061035156,123.20999908447266,121.0848159790039,1109000
2022-09-07,123.58999633789062,128.07000732421875,123.02999877929688,128.0500030517578,125.8413314819336,1127700
2022-09-08,127.41000366210938,130.5399932861328,127.0,130.4600067138672,128.2097625732422,957300
2022-09-09,130.92999267578125,131.85000610351562,130.0500030517578,131.0399932861328,128.77975463867188,705100
2022-09-12,132.25,133.77999877929688,131.5500030517578,133.72999572753906,131.42335510253906,876200
2022-09-13,130.30999755859375,131.3300018310547,128.22000122070312,128.7100067138672,126.48995208740234,965800
2022-09-14,128.91000366210938,131.8800048828125,127.5999984741211,130.3000030517578,128.0525360107422,968200
2022-09-15,130.16000366210938,132.66000366210938,129.5399932861328,130.42999267578125,128.18026733398438,830600
2022-09-16,128.72000122070312,130.22999572753906,127.77999877929688,129.67999267578125,127.44320678710938,1690900
2022-09-19,128.7100067138672,133.0,128.7100067138672,132.52999877929688,130.2440643310547,1585200
2022-09-20,132.0800018310547,133.08999633789062,130.77000427246094,132.75,130.46026611328125,1342600
2022-09-21,133.72000122070312,135.19000244140625,131.1999969482422,131.27999877929688,129.015625,2000100
2022-09-22,129.0,129.16000366210938,124.41000366210938,125.44999694824219,123.28617095947266,2561200
2022-09-23,124.5,125.20999908447266,120.19999694824219,122.38999938964844,120.27896118164062,1862400
2022-09-26,122.38999938964844,124.30000305175781,120.94999694824219,121.16000366210938,119.07017517089844,1385000
2022-09-27,123.12999725341797,125.79000091552734,122.37000274658203,123.58000183105469,121.44844055175781,1447300
2022-09-28,124.33999633789062,128.22000122070312,123.31999969482422,127.72000122070312,125.51702880859375,1122700
2022-09-29,126.61000061035156,130.05999755859375,125.02999877929688,129.32000732421875,127.08943939208984,2073500
2022-09-30,128.33999633789062,128.63999938964844,126.02999877929688,126.31999969482422,124.14117431640625,2138600
2022-10-03,127.06999969482422,127.1500015258789,123.43000030517578,125.41000366210938,123.24687194824219,2312500
2022-10-04,128.00999450683594,132.30999755859375,127.91999816894531,132.22000122070312,129.9394073486328,1769800
2022-10-05,130.64999389648438,133.58999633789062,130.5399932861328,133.10000610351562,130.8042449951172,1500200
2022-10-06,132.47000122070312,133.4499969482422,129.30999755859375,129.50999450683594,128.44381713867188,1542100
2022-10-07,128.11000061035156,128.44000244140625,124.5999984741211,125.69000244140625,124.6552734375,1211700
2022-10-10,125.76000213623047,127.20999908447266,124.81999969482422,126.66999816894531,125.627197265625,1093700
2022-10-11,126.98999786376953,129.99000549316406,125.16999816894531,128.52999877929688,127.47188568115234,1236500
2022-10-12,127.79000091552734,131.02999877929688,126.9800033569336,130.25999450683594,129.18763732910156,1023400
2022-10-13,127.69999694824219,133.58999633789062,126.69000244140625,132.97000122070312,131.87533569335938,996400
2022-10-14,133.97999572753906,134.41000366210938,129.80999755859375,130.02000427246094,128.9496307373047,932700
2022-10-17,131.8800048828125,132.89999389648438,131.3699951171875,131.94000244140625,130.85382080078125,798000
2022-10-18,134.05999755859375,134.64999389648438,132.5500030517578,133.44000244140625,132.3414764404297,1200400
2022-10-19,132.99000549316406,134.36000061035156,132.39999389648438,133.0,131.90509033203125,1227600
2022-10-20,132.63999938964844,134.10000610351562,131.5399932861328,132.22999572753906,131.14141845703125,997600
2022-10-21,132.1999969482422,133.8000030517578,131.3300018310547,133.32000732421875,132.2224578857422,1610100
2022-10-24,133.5,135.19000244140625,132.22000122070312,134.0,132.8968505859375,1271200
2022-10-25,134.25,136.02000427246094,133.67999267578125,135.97000122070312,134.85064697265625,1708800
2022-10-26,136.25,141.3699951171875,136.13999938964844,138.52000427246094,137.37965393066406,1791700
2022-10-27,139.72000122070312,141.9199981689453,139.27999877929688,140.72999572753906,139.57144165039062,1254100
2022-10-28,140.72999572753906,142.61000061035156,138.97999572753906,142.49000549316406,141.3169708251953,1326200
2022-10-31,141.75999450683594,144.16000366210938,140.66000366210938,143.13999938964844,141.96160888671875,1085600
2022-11-01,144.30999755859375,144.44000244140625,141.02000427246094,143.0399932861328,141.8624267578125,1009400
2022-11-02,142.75,143.3699951171875,139.5500030517578,139.7100067138672,138.5598602294922,1258100
2022-11-03,138.6699981689453,140.47999572753906,137.25,139.47000122070312,138.3218231201172,930800
2022-11-04,142.3800048828125,142.58999633789062,139.39999389648438,141.33999633789062,140.17642211914062,884800
2022-11-07,141.99000549316406,141.99000549316406,137.77999877929688,139.83999633789062,138.68878173828125,1071800
2022-11-08,140.77000427246094,141.42999267578125,138.5800018310547,140.13999938964844,138.98631286621094,859900
2022-11-09,139.25,140.5500030517578,138.5800018310547,139.64999389648438,138.50033569335938,945700
2022-11-10,143.8300018310547,145.77000427246094,142.47999572753906,145.3300018310547,144.1335906982422,1294200
2022-11-11,146.30999755859375,146.30999755859375,139.50999450683594,141.16000366210938,139.99790954589844,1450000
2022-11-14,140.69000244140625,143.33999633789062,139.6699981689453,142.52999877929688,141.35662841796875,1604200
2022-11-15,145.05999755859375,145.2899932861328,142.72999572753906,143.10000610351562,141.9219512939453,884700
2022-11-16,141.97999572753906,145.47999572753906,141.1199951171875,145.42999267578125,144.23275756835938,1446700
2022-11-17,144.24000549316406,146.99000549316406,144.00999450683594,146.0500030517578,144.84765625,919900
2022-11-18,148.5,149.8000030517578,145.74000549316406,147.13999938964844,145.92868041992188,994800
2022-11-21,147.0800018310547,148.07000732421875,146.0399932861328,146.6999969482422,145.49229431152344,988900
2022-11-22,147.2100067138672,148.36000061035156,146.36000061035156,147.99000549316406,146.77169799804688,839000
2022-11-23,148.00999450683594,148.72999572753906,147.2899932861328,148.3300018310547,147.10888671875,528600
2022-11-25,148.5800018310547,149.0399932861328,147.5800018310547,148.38999938964844,147.16839599609375,336000
2022-11-28,147.82000732421875,149.1199951171875,146.7899932861328,146.82000732421875,145.611328125,769400
2022-11-29,144.5500030517578,146.3300018310547,144.30999755859375,144.9600067138672,143.76663208007812,1179600
2022-11-30,145.27000427246094,147.4199981689453,143.75,146.99000549316406,145.77992248535156,1521200
2022-12-01,147.58999633789062,148.00999450683594,145.52000427246094,145.64999389648438,144.45094299316406,1058100
2022-12-02,143.97000122070312,146.25,143.08999633789062,145.47999572753906,144.2823486328125,863500
2022-12-05,144.1199951171875,144.4199981689453,142.75999450683594,143.5399932861328,142.35830688476562,929400
2022-12-06,143.61000061035156,144.55999755859375,141.66000366210938,142.86000061035156,141.6839141845703,1167900
2022-12-07,142.7899932861328,144.6199951171875,142.0800018310547,142.2100067138672,141.03927612304688,798100
2022-12-08,143.42999267578125,144.49000549316406,142.67999267578125,143.77000427246094,142.58642578125,1263400
2022-12-09,143.27999877929688,144.32000732421875,142.44000244140625,142.57000732421875,141.3963165283203,974300
2022-12-12,142.8000030517578,144.52999877929688,140.5,144.49000549316406,143.30050659179688,1371800
2022-12-13,147.5,148.14999389648438,143.67999267578125,145.02999877929688,143.83604431152344,1432100
2022-12-14,147.39999389648438,147.5,142.5,143.9499969482422,142.7649383544922,1289400
2022-12-15,142.97999572753906,143.35000610351562,140.89999389648438,142.86000061035156,141.6839141845703,1586100
2022-12-16,132.05999755859375,140.6999969482422,131.89999389648438,139.89999389648438,138.74827575683594,3701100
2022-12-19,140.07000732421875,140.7100067138672,137.50999450683594,138.4499969482422,137.3102264404297,1901500
2022-12-20,138.25999450683594,140.38999938964844,138.10000610351562,139.72000122070312,138.56976318359375,1380700
2022-12-21,140.60000610351562,140.94000244140625,138.50999450683594,138.5500030517578,137.40940856933594,990500
2022-12-22,137.82000732421875,138.19000244140625,136.2100067138672,137.30999755859375,136.1796112060547,840500
2022-12-23,137.3800048828125,139.35000610351562,136.3300018310547,138.83999633789062,137.69700622558594,659200
2022-12-27,138.94000244140625,139.1999969482422,137.19000244140625,137.74000549316406,136.6060791015625,813000
2022-12-28,138.1999969482422,139.77000427246094,137.9499969482422,138.82000732421875,137.67718505859375,911600
2022-12-29,139.58999633789062,140.41000366210938,139.14999389648438,140.0800018310547,138.9268035888672,675600
2022-12-30,139.6199951171875,139.74000549316406,137.47999572753906,138.3300018310547,137.1912078857422,800200
2023-01-03,139.74000549316406,140.17999267578125,137.92999267578125,139.9600067138672,138.80780029296875,1229700
2023-01-04,140.5,143.55999755859375,139.83999633789062,143.02999877929688,141.85252380371094,1229500
2023-01-05,143.44000244140625,144.85000610351562,142.02999877929688,144.3000030517578,143.112060546875,1328800
2023-01-06,144.49000549316406,147.32000732421875,144.3800048828125,146.97999572753906,145.76998901367188,1431000
2023-01-09,146.0,148.4499969482422,145.92999267578125,148.10000610351562,148.10000610351562,1438400
2023-01-10,148.38999938964844,150.6999969482422,148.11000061035156,150.30999755859375,150.30999755859375,1507600
2023-01-11,150.80999755859375,152.0800018310547,149.00999450683594,149.64999389648438,149.64999389648438,1427400
2023-01-12,150.14999389648438,150.72000122070312,148.22000122070312,148.6999969482422,148.6999969482422,1287200
2023-01-13,147.85000610351562,149.92999267578125,147.25999450683594,149.8000030517578,149.8000030517578,649800
