Date,Open,High,Low,Close,Adj Close,Volume
2022-01-18,86.8499984741211,87.0999984741211,84.91999816894531,86.80000305175781,84.25077056884766,1538200
2022-01-19,86.58000183105469,87.87999725341797,86.41000366210938,86.87000274658203,84.31871795654297,945000
2022-01-20,87.22000122070312,87.77999877929688,86.55000305175781,86.66999816894531,84.12458038330078,1087900
2022-01-21,87.43000030517578,88.45999908447266,86.77999877929688,87.11000061035156,84.55166625976562,2010000
2022-01-24,87.45999908447266,88.08000183105469,84.05000305175781,86.1500015258789,83.61985778808594,2821200
2022-01-25,85.44000244140625,86.26000213623047,84.56999969482422,85.56999969482422,83.05689239501953,1411700
2022-01-26,85.69000244140625,86.36000061035156,84.2300033569336,84.6500015258789,82.16390991210938,1953800
2022-01-27,85.31999969482422,86.79000091552734,84.97000122070312,85.73999786376953,83.2219009399414,1104900
2022-01-28,85.23999786376953,87.37000274658203,84.70999908447266,87.20999908447266,84.64871978759766,2593500
2022-01-31,86.69999694824219,89.7300033569336,86.55999755859375,89.48999786376953,86.86176300048828,2298600
2022-02-01,89.16000366210938,89.86000061035156,87.0999984741211,87.97000122070312,85.38641357421875,1931800
2022-02-02,87.87000274658203,89.08000183105469,87.51000213623047,88.68000030517578,86.07555389404297,2037000
2022-02-03,88.66000366210938,89.2699966430664,87.77999877929688,88.06999969482422,85.48346710205078,1970500
2022-02-04,87.30000305175781,88.69000244140625,86.29000091552734,87.73999786376953,85.16315460205078,2426700
2022-02-07,87.62999725341797,88.70999908447266,86.77999877929688,88.48999786376953,85.89112854003906,1568100
2022-02-08,88.83999633789062,89.0,87.66000366210938,87.76000213623047,85.18258666992188,1911500
2022-02-09,88.37000274658203,88.56999969482422,87.0199966430664,87.36000061035156,84.7943115234375,1885500
2022-02-10,86.23999786376953,86.41999816894531,84.37999725341797,84.69000244140625,82.2027359008789,2124500
2022-02-11,85.0,85.27999877929688,83.80999755859375,84.12000274658203,81.64948272705078,1677600
2022-02-14,83.94999694824219,84.30000305175781,81.69999694824219,82.20999908447266,79.79557037353516,3978500
2022-02-15,82.5,82.8499984741211,81.72000122070312,82.16999816894531,79.75674438476562,2928100
2022-02-16,82.12000274658203,82.4800033569336,81.08999633789062,81.6500015258789,79.25201416015625,2374500
2022-02-17,80.41999816894531,82.75,79.01000213623047,82.27999877929688,79.86351776123047,3924300
2022-02-18,81.37000274658203,82.8499984741211,81.31999969482422,82.81999969482422,80.38764953613281,2208900
2022-02-22,82.97000122070312,83.18000030517578,81.91999816894531,82.41000366210938,79.98970031738281,1785000
2022-02-23,81.30000305175781,81.7699966430664,79.63999938964844,79.69999694824219,77.35928344726562,2592300
2022-02-24,79.6500015258789,80.0199966430664,78.62999725341797,79.72000122070312,77.37870025634766,2995400
2022-02-25,80.51000213623047,82.22000122070312,80.01000213623047,81.80999755859375,79.40731048583984,3039500
2022-02-28,81.1500015258789,82.0,80.91000366210938,81.80000305175781,79.39762115478516,3998600
2022-03-01,81.88999938964844,82.4000015258789,79.76000213623047,80.44000244140625,78.07754516601562,2787800
2022-03-02,80.0,81.0,79.47000122070312,80.75,79.00507354736328,3372100
2022-03-03,81.16999816894531,83.80999755859375,80.61000061035156,83.47000122070312,81.66629028320312,3948300
2022-03-04,83.22000122070312,86.55000305175781,82.91000366210938,85.94000244140625,84.0829086303711,2704200
2022-03-07,85.7699966430664,86.91000366210938,84.86000061035156,86.66000366210938,84.78736114501953,1995900
2022-03-08,86.56999969482422,86.9000015258789,84.45999908447266,85.08999633789062,83.25128173828125,2296300
2022-03-09,84.77999877929688,85.13999938964844,84.01000213623047,84.19000244140625,82.37073516845703,2721000
2022-03-10,83.9000015258789,84.6500015258789,83.4000015258789,84.36000061035156,82.53705596923828,2394800
2022-03-11,84.55999755859375,85.12000274658203,83.72000122070312,83.80999755859375,81.99893188476562,1998200
2022-03-14,84.41999816894531,85.04000091552734,82.77999877929688,83.22000122070312,81.42169189453125,2429200
2022-03-15,84.01000213623047,84.2699966430664,83.36000061035156,84.16999816894531,82.35116577148438,3722500
2022-03-16,84.08999633789062,84.36000061035156,82.3499984741211,84.02999877929688,82.21418762207031,2327400
2022-03-17,83.87999725341797,85.12999725341797,83.69000244140625,84.26000213623047,82.43922424316406,2013200
2022-03-18,84.56999969482422,84.86000061035156,83.05000305175781,83.43000030517578,81.62715148925781,4032300
2022-03-21,83.48999786376953,84.77999877929688,83.48999786376953,84.5199966430664,82.69359588623047,1567000
2022-03-22,84.87000274658203,84.87000274658203,83.61000061035156,84.19999694824219,82.38050842285156,1636000
2022-03-23,84.33000183105469,85.3499984741211,83.91999816894531,84.68000030517578,82.85015106201172,1685300
2022-03-24,84.75,85.55999755859375,84.48999786376953,85.41999816894531,83.57415008544922,1309300
2022-03-25,85.93000030517578,86.68000030517578,85.52999877929688,86.66000366210938,84.78736114501953,969200
2022-03-28,86.95999908447266,87.04000091552734,86.18000030517578,87.02999877929688,85.14936065673828,1115800
2022-03-29,87.54000091552734,87.83999633789062,86.72000122070312,87.77999877929688,85.8831558227539,993600
2022-03-30,87.7699966430664,88.68000030517578,87.41000366210938,88.63999938964844,86.72456359863281,1451100
2022-03-31,88.62999725341797,89.20999908447266,88.13999938964844,88.19000244140625,86.2843017578125,1604600
2022-04-01,88.19000244140625,89.87000274658203,87.62000274658203,89.83999633789062,87.89864349365234,1650500
2022-04-04,89.44999694824219,89.58000183105469,87.95999908447266,89.12000274658203,87.19420623779297,1148600
2022-04-05,89.25,90.95999908447266,89.25,90.08999633789062,88.14323425292969,1654100
2022-04-06,90.58000183105469,92.3499984741211,90.1500015258789,92.25,90.25656127929688,1371600
2022-04-07,92.13999938964844,92.55000305175781,91.16999816894531,92.13999938964844,90.14893341064453,2021000
2022-04-08,92.52999877929688,93.33000183105469,91.94000244140625,92.52999877929688,90.53050994873047,1117000
2022-04-11,92.91000366210938,93.25,91.58999633789062,91.77999877929688,89.79671478271484,1368500
2022-04-12,91.51000213623047,93.02999877929688,90.77999877929688,92.83999633789062,90.83380889892578,1556500
2022-04-13,92.87999725341797,93.0,92.05999755859375,92.51000213623047,90.51094818115234,1390400
2022-04-14,92.76000213623047,93.19999694824219,92.33999633789062,92.5999984741211,90.59899139404297,1191500
2022-04-18,92.61000061035156,93.13999938964844,91.23999786376953,91.66999816894531,89.6890869140625,648300
2022-04-19,91.86000061035156,92.77999877929688,91.54000091552734,92.5,90.50115203857422,1347900
2022-04-20,93.37999725341797,93.81999969482422,92.86000061035156,93.26000213623047,91.24473571777344,933100
2022-04-21,93.1500015258789,94.62999725341797,92.63999938964844,93.0999984741211,91.08818817138672,1032200
2022-04-22,93.0,93.23999786376953,91.87999725341797,92.0,90.011962890625,1089600
2022-04-25,92.31999969482422,92.5199966430664,89.4800033569336,90.69000244140625,88.73027801513672,1299000
2022-04-26,90.25,91.52999877929688,89.70999908447266,89.72000122070312,87.78123474121094,1202900
2022-04-27,89.80999755859375,90.80999755859375,88.83999633789062,89.51000213623047,87.57577514648438,1065800
2022-04-28,89.91999816894531,90.61000061035156,89.12000274658203,90.19999694824219,88.2508544921875,1291400
2022-04-29,89.83000183105469,89.87000274658203,87.22000122070312,87.4000015258789,85.51136779785156,2291800
2022-05-02,88.11000061035156,88.58999633789062,85.29000091552734,86.18000030517578,84.31773376464844,1465800
2022-05-03,86.80999755859375,88.33000183105469,86.19000244140625,86.72000122070312,84.8460693359375,1644800
2022-05-04,87.04000091552734,88.69999694824219,86.69000244140625,88.56999969482422,86.65608215332031,1733100
2022-05-05,88.2699966430664,91.98999786376953,88.16999816894531,89.81999969482422,87.87906646728516,2401800
2022-05-06,89.29000091552734,91.41000366210938,89.29000091552734,90.4000015258789,88.44654083251953,2038000
2022-05-09,90.30000305175781,91.4800033569336,89.55000305175781,90.54000091552734,88.5835189819336,1595200
2022-05-10,90.58000183105469,92.02999877929688,88.29000091552734,89.12999725341797,87.2039794921875,1562200
2022-05-11,89.13999938964844,91.04000091552734,89.0,89.29000091552734,87.36052703857422,1333100
2022-05-12,88.91999816894531,89.54000091552734,87.51000213623047,88.91999816894531,86.99851989746094,1844900
2022-05-13,89.44000244140625,89.66999816894531,87.91999816894531,89.33999633789062,87.4094467163086,1525200
2022-05-16,89.62999725341797,90.12000274658203,88.72000122070312,89.2699966430664,87.34095001220703,1598500
2022-05-17,89.30999755859375,90.12999725341797,88.0199966430664,90.05999755859375,88.11387634277344,952200
2022-05-18,89.80999755859375,90.05000305175781,88.83999633789062,89.18000030517578,87.87542724609375,1758100
2022-05-19,88.97000122070312,90.16000366210938,87.66999816894531,89.44000244140625,88.13162231445312,1936100
2022-05-20,89.6500015258789,90.44000244140625,88.86000061035156,90.37000274658203,89.04801940917969,1487000
2022-05-23,91.33999633789062,91.87999725341797,90.20999908447266,91.29000091552734,89.95455932617188,1670500
2022-05-24,91.62000274658203,92.68000030517578,90.04000091552734,92.63999938964844,91.2848129272461,2652600
2022-05-25,92.80999755859375,92.95999908447266,91.88999938964844,92.1500015258789,90.8019790649414,1455000
2022-05-26,92.70999908447266,92.7699966430664,92.04000091552734,92.19000244140625,90.84139251708984,1043700
2022-05-27,91.9000015258789,93.33000183105469,91.44000244140625,93.30000305175781,91.9351577758789,1232400
2022-05-31,92.69000244140625,93.02999877929688,91.44999694824219,92.31999969482422,90.96949768066406,2526700
2022-06-01,92.55000305175781,92.55000305175781,91.23999786376953,92.12000274658203,90.77242279052734,1602800
2022-06-02,92.58000183105469,92.7300033569336,90.41000366210938,92.41999816894531,91.06802368164062,1099400
2022-06-03,92.12999725341797,92.83000183105469,91.83000183105469,92.30000305175781,90.94979095458984,691500
2022-06-06,92.5199966430664,93.05000305175781,92.12000274658203,92.27999877929688,90.9300765991211,672200
2022-06-07,92.13999938964844,92.88999938964844,91.2699966430664,92.83999633789062,91.48188018798828,1032900
2022-06-08,92.4800033569336,92.4800033569336,90.5199966430664,90.62000274658203,89.29436492919922,1047700
2022-06-09,90.76000213623047,91.38999938964844,87.7699966430664,87.81999969482422,86.53532409667969,981400
2022-06-10,87.01000213623047,88.73999786376953,86.6500015258789,88.02999877929688,86.74225616455078,1439000
2022-06-13,87.12999725341797,87.44000244140625,83.51000213623047,83.9000015258789,82.67266082763672,1475400
2022-06-14,84.08000183105469,84.6500015258789,79.83999633789062,80.73999786376953,79.55889129638672,1592800
2022-06-15,81.41000366210938,81.97000122070312,79.75,80.58000183105469,79.40122985839844,2150500
2022-06-16,79.41999816894531,79.41999816894531,78.06999969482422,78.80999755859375,77.6571273803711,2214000
2022-06-17,79.19000244140625,79.56999969482422,77.06999969482422,77.9800033569336,76.83927154541016,3451500
2022-06-21,77.9800033569336,80.04000091552734,77.70999908447266,79.55999755859375,78.39614868164062,1563700
2022-06-22,79.19000244140625,81.08000183105469,79.19000244140625,80.58000183105469,79.40122985839844,1203100
2022-06-23,80.8499984741211,82.37999725341797,80.81999969482422,82.0999984741211,80.89899444580078,1263300
2022-06-24,82.36000061035156,83.62000274658203,81.86000061035156,83.3499984741211,82.13070678710938,1449500
2022-06-27,82.98999786376953,84.11000061035156,82.6500015258789,84.08999633789062,82.85987854003906,1279600
2022-06-28,84.45999908447266,85.4000015258789,83.3499984741211,83.41999816894531,82.1996841430664,2258600
2022-06-29,83.72000122070312,84.01000213623047,83.19000244140625,83.4800033569336,82.25881958007812,1576400
2022-06-30,83.01000213623047,84.95999908447266,82.83000183105469,84.47000122070312,83.23432922363281,2060800
2022-07-01,85.02999877929688,87.4800033569336,84.7300033569336,87.1500015258789,85.87512969970703,2426600
2022-07-05,86.88999938964844,86.97000122070312,81.88999938964844,83.37000274658203,82.15042114257812,1820600
2022-07-06,83.77999877929688,84.95999908447266,83.05000305175781,84.1500015258789,82.91901397705078,1448500
2022-07-07,84.2300033569336,84.76000213623047,83.56999969482422,83.58999633789062,82.36719512939453,1911300
2022-07-08,83.7699966430664,84.37000274658203,83.19000244140625,83.31999969482422,82.10115051269531,1796300
2022-07-11,83.1500015258789,84.2300033569336,82.55999755859375,83.72000122070312,82.49530029296875,1688600
2022-07-12,83.37000274658203,84.43000030517578,82.98999786376953,83.37999725341797,82.16027069091797,1184900
2022-07-13,82.68000030517578,83.76000213623047,82.58000183105469,82.80000305175781,81.58876037597656,891500
2022-07-14,81.56999969482422,83.70999908447266,80.66999816894531,83.4800033569336,82.25881958007812,1172500
2022-07-15,83.87999725341797,84.0199966430664,82.69999694824219,83.66000366210938,82.4361801147461,936700
2022-07-18,83.30999755859375,83.33999633789062,82.37999725341797,82.44999694824219,81.2438735961914,970700
2022-07-19,83.02999877929688,83.68000030517578,82.79000091552734,83.25,82.03218078613281,1297200
2022-07-20,83.41000366210938,83.80999755859375,82.33999633789062,82.4800033569336,81.27344512939453,1553100
2022-07-21,82.94000244140625,83.05999755859375,82.2699966430664,83.0199966430664,81.8055419921875,1263900
2022-07-22,83.41000366210938,84.08000183105469,83.22000122070312,84.05999755859375,82.83032989501953,1149700
2022-07-25,83.76000213623047,84.94000244140625,83.52999877929688,84.87999725341797,83.6383285522461,724700
2022-07-26,84.93000030517578,85.69000244140625,84.83000183105469,85.4000015258789,84.15071868896484,840200
2022-07-27,84.9800033569336,85.4000015258789,84.55999755859375,85.20999908447266,83.9635009765625,781200
2022-07-28,85.9800033569336,88.3499984741211,85.62999725341797,88.26000213623047,86.9688949584961,1401000
2022-07-29,87.02999877929688,89.0,87.02999877929688,88.22000122070312,86.92947387695312,2022700
2022-08-01,88.5999984741211,89.44999694824219,87.95999908447266,89.20999908447266,87.90498352050781,2062600
2022-08-02,89.41999816894531,91.05000305175781,89.27999877929688,90.23999786376953,88.919921875,1907000
2022-08-03,90.25,91.06999969482422,88.63999938964844,90.83000183105469,89.50128936767578,1433300
2022-08-04,90.94999694824219,91.69999694824219,90.4800033569336,91.0,89.66880798339844,1746900
2022-08-05,90.66999816894531,91.08999633789062,88.7300033569336,90.37999725341797,89.05787658691406,1555500
2022-08-08,91.04000091552734,91.80000305175781,90.51000213623047,90.93000030517578,89.5998306274414,1391200
2022-08-09,91.26000213623047,92.06999969482422,91.18000030517578,91.62999725341797,90.28958892822266,1467900
2022-08-10,92.12000274658203,92.33000183105469,91.26000213623047,91.6500015258789,90.30929565429688,1278200
2022-08-11,91.61000061035156,92.44999694824219,90.94999694824219,91.61000061035156,90.2698745727539,1418600
2022-08-12,92.19000244140625,93.12999725341797,91.93000030517578,93.11000061035156,91.74793243408203,1105200
2022-08-15,93.19999694824219,93.48999786376953,92.62999725341797,93.30999755859375,91.94501495361328,1500900
2022-08-16,92.94999694824219,94.12000274658203,92.94999694824219,93.58000183105469,92.2110595703125,959600
2022-08-17,93.43000030517578,94.02999877929688,93.2699966430664,93.80999755859375,92.43769073486328,994500
2022-08-18,94.0,94.41000366210938,93.58999633789062,93.95999908447266,92.58550262451172,737200
2022-08-19,94.1500015258789,94.38999938964844,93.25,93.62999725341797,92.26033020019531,1217800
2022-08-22,93.41000366210938,93.55000305175781,91.76000213623047,92.26000213623047,90.91036987304688,1054300
2022-08-23,92.19999694824219,92.41000366210938,91.19999694824219,91.76000213623047,90.41768646240234,901300
2022-08-24,91.94000244140625,92.20999908447266,91.3499984741211,92.02999877929688,90.68373107910156,772600
2022-08-25,92.20999908447266,92.91000366210938,91.76000213623047,92.83999633789062,91.48188018798828,739500
2022-08-26,92.86000061035156,92.97000122070312,91.5,91.5999984741211,90.26002502441406,1089500
2022-08-29,91.27999877929688,92.7300033569336,90.66999816894531,91.88999938964844,90.54578399658203,1099900
2022-08-30,91.61000061035156,92.06999969482422,90.4000015258789,90.7699966430664,89.44216918945312,1210000
2022-08-31,90.80999755859375,90.91000366210938,89.33999633789062,89.69000244140625,88.37797546386719,2520800
2022-09-01,89.83000183105469,91.33999633789062,89.4800033569336,90.87000274658203,89.54071044921875,1237900
2022-09-02,91.05000305175781,91.94000244140625,89.30999755859375,89.55000305175781,88.24002075195312,1156800
2022-09-06,89.66000366210938,90.86000061035156,88.88999938964844,89.1500015258789,87.84587097167969,1239000
2022-09-07,89.93000030517578,92.02999877929688,89.73999786376953,91.81999969482422,90.476806640625,1843300
2022-09-08,91.5,92.44000244140625,91.13999938964844,91.41999816894531,90.08265686035156,1239000
2022-09-09,91.73999786376953,92.19000244140625,90.94999694824219,91.62999725341797,90.28958892822266,1420200
2022-09-12,91.83000183105469,92.80000305175781,91.58999633789062,92.54000091552734,91.186279296875,964800
2022-09-13,91.75,92.0,89.25,89.63999938964844,88.32869720458984,1839800
2022-09-14,89.76000213623047,91.30000305175781,89.61000061035156,90.69000244140625,89.36334228515625,1290200
2022-09-15,89.91999816894531,89.93000030517578,88.08999633789062,88.19000244140625,86.89991760253906,1460800
2022-09-16,88.37000274658203,89.44000244140625,88.06999969482422,88.80000305175781,87.50099182128906,3063500
2022-09-19,88.51000213623047,89.58000183105469,88.06999969482422,89.52999877929688,88.22030639648438,1240300
2022-09-20,88.97000122070312,89.12999725341797,87.81999969482422,88.61000061035156,87.31376647949219,1248600
2022-09-21,89.19999694824219,89.83999633789062,87.81999969482422,87.83000183105469,86.54517364501953,1122500
2022-09-22,87.63999938964844,88.62999725341797,86.79000091552734,87.98999786376953,86.70283508300781,1449400
2022-09-23,86.77999877929688,87.06999969482422,85.86000061035156,86.8499984741211,86.2045669555664,2121500
2022-09-26,86.80999755859375,86.91000366210938,83.79000091552734,84.62999725341797,84.00106048583984,1482800
2022-09-27,84.86000061035156,85.16999816894531,82.3499984741211,82.48999786376953,81.87696838378906,2225900
2022-09-28,83.4800033569336,84.05999755859375,82.19999694824219,83.16000366210938,82.5419921875,1905800
2022-09-29,82.80000305175781,82.80000305175781,79.48999786376953,79.58000183105469,78.98859405517578,1349800
2022-09-30,80.22000122070312,80.25,77.61000061035156,77.95999908447266,77.38063049316406,3345500
2022-10-03,79.38999938964844,81.02999877929688,78.63999938964844,80.30000305175781,79.7032470703125,1598100
2022-10-04,80.2300033569336,81.80999755859375,80.04000091552734,81.0199966430664,80.41789245605469,1818000
2022-10-05,79.94999694824219,80.0,78.01000213623047,78.9000015258789,78.31365203857422,1395600
2022-10-06,78.19000244140625,78.48999786376953,75.38999938964844,75.48999786376953,74.92898559570312,1870400
2022-10-07,75.27999877929688,75.61000061035156,73.73999786376953,74.25,73.69820404052734,1714600
2022-10-10,74.33000183105469,75.4000015258789,74.30000305175781,74.97000122070312,74.41285705566406,1352100
2022-10-11,74.75,75.43000030517578,74.25,74.43000030517578,73.87686920166016,1827400
2022-10-12,74.23999786376953,74.30000305175781,71.72000122070312,71.7699966430664,71.23663330078125,1964300
2022-10-13,70.87999725341797,74.27999877929688,70.54000091552734,73.76000213623047,73.21185302734375,2311600
2022-10-14,74.55000305175781,74.62999725341797,72.0199966430664,72.55999755859375,72.02075958251953,2204600
2022-10-17,73.52999877929688,74.61000061035156,73.52999877929688,73.87000274658203,73.32102966308594,2453200
2022-10-18,75.29000091552734,76.0199966430664,74.91000366210938,75.86000061035156,75.2962417602539,1955800
2022-10-19,74.83000183105469,75.25,73.79000091552734,74.5,73.94635009765625,1626500
2022-10-20,74.20999908447266,74.30000305175781,71.26000213623047,71.68000030517578,71.14730834960938,1661400
2022-10-21,71.87999725341797,73.04000091552734,71.33000183105469,72.58999633789062,72.050537109375,1531100
2022-10-24,72.56999969482422,73.63999938964844,72.0199966430664,72.7699966430664,72.22920227050781,1845300
2022-10-25,72.93000030517578,74.20999908447266,72.87000274658203,74.1500015258789,73.59895324707031,1797400
2022-10-26,74.62999725341797,75.16000366210938,73.52999877929688,74.02999877929688,73.47984313964844,1714100
2022-10-27,74.77999877929688,75.94999694824219,74.56999969482422,74.66999816894531,74.11508178710938,1622300
2022-10-28,74.75,77.0,74.75,76.7699966430664,76.19947814941406,2071400
2022-10-31,76.45999908447266,76.91999816894531,75.81999969482422,76.27999877929688,75.71311950683594,2348000
2022-11-01,76.76000213623047,77.08000183105469,76.05999755859375,76.9800033569336,76.40792083740234,1536900
2022-11-02,77.04000091552734,78.25,76.19999694824219,76.23999786376953,75.67341613769531,1761100
2022-11-03,75.29000091552734,76.98999786376953,73.68000030517578,76.19999694824219,75.63371276855469,1677200
2022-11-04,76.2699966430664,77.27999877929688,75.58000183105469,77.18000030517578,76.60643005371094,1268200
2022-11-07,77.2699966430664,77.29000091552734,73.94000244140625,75.02999877929688,74.472412109375,1971300
2022-11-08,75.37000274658203,76.48999786376953,75.12999725341797,75.94999694824219,75.38556671142578,1489100
2022-11-09,75.80000305175781,76.33999633789062,74.79000091552734,74.91000366210938,74.35330200195312,1614100
2022-11-10,77.13999938964844,79.26000213623047,76.1500015258789,79.12000274658203,78.53202056884766,1819000
2022-11-11,78.97000122070312,79.0199966430664,77.31999969482422,78.08999633789062,77.5096664428711,1569900
2022-11-14,78.3499984741211,78.94999694824219,77.66999816894531,77.66999816894531,77.09278869628906,1255700
2022-11-15,78.62000274658203,79.33999633789062,77.62000274658203,78.6500015258789,78.06550598144531,1378600
2022-11-16,78.83000183105469,79.83999633789062,78.83000183105469,79.5,78.90918731689453,1742100
2022-11-17,78.73999786376953,79.06999969482422,77.68000030517578,78.0999984741211,77.51959228515625,2331700
2022-11-18,79.08000183105469,79.69999694824219,78.86000061035156,79.6500015258789,79.05807495117188,2031800
2022-11-21,79.86000061035156,80.68000030517578,79.86000061035156,80.4000015258789,79.80250549316406,1126200
2022-11-22,80.9000015258789,82.02999877929688,80.43000030517578,81.01000213623047,80.40797424316406,1269600
2022-11-23,80.86000061035156,82.37999725341797,80.6500015258789,82.18000030517578,81.56927490234375,1666500
2022-11-25,82.5199966430664,82.88999938964844,82.1500015258789,82.44000244140625,81.82734680175781,763200
2022-11-28,81.93000030517578,82.44000244140625,81.25,81.72000122070312,81.1126937866211,1263700
2022-11-29,80.91000366210938,81.69999694824219,80.12000274658203,80.6500015258789,80.05064392089844,1704500
2022-11-30,80.4800033569336,82.93000030517578,80.05000305175781,82.86000061035156,82.24422454833984,3388400
2022-12-01,83.80000305175781,85.68000030517578,83.2300033569336,83.91000366210938,83.28642272949219,2415000
2022-12-02,83.01000213623047,84.0,82.12000274658203,83.70999908447266,83.08790588378906,1549600
2022-12-05,82.87000274658203,83.91999816894531,82.75,83.6500015258789,83.02835083007812,1234100
2022-12-06,83.7300033569336,84.37000274658203,82.87999725341797,84.36000061035156,83.73307037353516,1884000
2022-12-07,84.27999877929688,84.54000091552734,83.2300033569336,83.76000213623047,83.13753509521484,1991400
2022-12-08,83.76000213623047,84.66999816894531,83.58999633789062,84.58999633789062,83.96135711669922,1342700
2022-12-09,84.36000061035156,84.83999633789062,83.79000091552734,84.05000305175781,83.42537689208984,1160300
2022-12-12,84.80000305175781,85.79000091552734,83.93000030517578,85.69999694824219,85.0631103515625,1480600
2022-12-13,86.79000091552734,87.58000183105469,85.08999633789062,85.94999694824219,85.3112564086914,2191700
2022-12-14,86.2699966430664,87.70999908447266,85.33999633789062,85.8499984741211,85.21199798583984,1339800
2022-12-15,84.79000091552734,85.06999969482422,83.66000366210938,84.12999725341797,84.12999725341797,1770700
2022-12-16,83.4000015258789,83.6500015258789,81.69999694824219,82.77999877929688,82.77999877929688,3362000
2022-12-19,82.5,83.54000091552734,82.0999984741211,82.83000183105469,82.83000183105469,1120600
2022-12-20,82.80999755859375,83.08000183105469,81.9800033569336,82.66000366210938,82.66000366210938,1379900
2022-12-21,83.05999755859375,83.98999786376953,82.72000122070312,83.9800033569336,83.9800033569336,1202500
2022-12-22,83.70999908447266,84.0,81.86000061035156,83.13999938964844,83.13999938964844,1164500
2022-12-23,82.94999694824219,84.33999633789062,82.61000061035156,84.2300033569336,84.2300033569336,892600
2022-12-27,84.55000305175781,85.2699966430664,84.0,84.97000122070312,84.97000122070312,715100
2022-12-28,85.16999816894531,85.58000183105469,84.08999633789062,84.27999877929688,84.27999877929688,962500
2022-12-29,84.70999908447266,85.47000122070312,84.38999938964844,85.08000183105469,85.08000183105469,605800
2022-12-30,85.0999984741211,85.31999969482422,83.11000061035156,83.83999633789062,83.83999633789062,1050900
2023-01-03,84.51000213623047,84.72000122070312,83.05000305175781,84.22000122070312,84.22000122070312,1266800
2023-01-04,84.87999725341797,85.83999633789062,84.58000183105469,85.33000183105469,85.33000183105469,1502200
2023-01-05,84.58000183105469,85.08999633789062,83.0199966430664,83.75,83.75,1210300
2023-01-06,84.93000030517578,86.26000213623047,84.38999938964844,85.80000305175781,85.80000305175781,912400
2023-01-09,85.29000091552734,86.83999633789062,85.18000030517578,85.70999908447266,85.70999908447266,1183600
2023-01-10,85.37999725341797,85.79000091552734,84.91000366210938,85.69000244140625,85.69000244140625,1072800
2023-01-11,86.05000305175781,86.44000244140625,84.98999786376953,85.80999755859375,85.80999755859375,1381200
2023-01-12,86.06999969482422,86.2300033569336,84.87000274658203,85.12999725341797,85.12999725341797,1327000
2023-01-13,84.69000244140625,84.79000091552734,83.05999755859375,84.0199966430664,84.0199966430664,1726100
