Date,Open,High,Low,Close,Adj Close,Volume
2022-01-18,344.5299987792969,344.5299987792969,336.69000244140625,342.7200012207031,331.2947082519531,353600
2022-01-19,344.260009765625,349.1300048828125,339.3399963378906,339.4599914550781,328.1434326171875,263600
2022-01-20,339.0400085449219,343.9800109863281,335.7799987792969,335.7799987792969,324.5860290527344,314600
2022-01-21,338.2900085449219,339.80999755859375,331.3699951171875,332.0799865722656,321.0094299316406,305900
2022-01-24,328.989990234375,334.29998779296875,321.7200012207031,332.8999938964844,321.8020935058594,473800
2022-01-25,329.04998779296875,333.80999755859375,323.29998779296875,330.5400085449219,319.5207824707031,374300
2022-01-26,331.5899963378906,337.5899963378906,325.67999267578125,327.94000244140625,317.0074157714844,281500
2022-01-27,329.989990234375,333.42999267578125,319.4800109863281,320.75,310.0570983886719,284300
2022-01-28,320.75,332.3500061035156,317.510009765625,332.1400146484375,321.0674133300781,341700
2022-01-31,329.5,332.739990234375,327.4599914550781,332.5,321.4154357910156,388100
2022-02-01,331.75,333.7099914550781,329.1099853515625,331.489990234375,320.4390869140625,303600
2022-02-02,332.5,339.42999267578125,332.30999755859375,338.3500061035156,327.0704345703125,493500
2022-02-03,331.0,335.5,324.3500061035156,329.7799987792969,318.7861022949219,696200
2022-02-04,328.1300048828125,329.9599914550781,322.2900085449219,326.9800109863281,316.0794372558594,322000
2022-02-07,326.54998779296875,329.1499938964844,321.8699951171875,323.20001220703125,312.42547607421875,380900
2022-02-08,324.1400146484375,324.8800048828125,314.67999267578125,315.9100036621094,305.37847900390625,316100
2022-02-09,319.20001220703125,329.30999755859375,319.0,328.5899963378906,317.6357727050781,365500
2022-02-10,322.0299987792969,328.7799987792969,317.7200012207031,319.6499938964844,308.9938049316406,339400
2022-02-11,322.1600036621094,324.1499938964844,315.92999267578125,318.69000244140625,308.0657958984375,326900
2022-02-14,319.4700012207031,321.79998779296875,314.489990234375,316.3500061035156,305.8038330078125,256100
2022-02-15,319.6499938964844,321.05999755859375,316.54998779296875,318.19000244140625,307.58245849609375,273300
2022-02-16,319.54998779296875,320.5199890136719,316.3999938964844,319.17999267578125,308.53948974609375,269600
2022-02-17,318.45001220703125,320.8299865722656,313.4700012207031,314.6000061035156,304.1121520996094,186400
2022-02-18,314.8800048828125,318.2799987792969,314.75,315.42999267578125,304.91448974609375,270800
2022-02-22,315.19000244140625,317.8900146484375,312.5199890136719,316.4800109863281,305.9294738769531,252600
2022-02-23,319.010009765625,321.2799987792969,313.5,313.7900085449219,303.32916259765625,351100
2022-02-24,309.92999267578125,317.3999938964844,306.9800109863281,316.510009765625,305.95849609375,278200
2022-02-25,318.7099914550781,324.67999267578125,315.8699951171875,324.6199951171875,313.7981262207031,280600
2022-02-28,319.6400146484375,322.0,313.3699951171875,317.1700134277344,306.59649658203125,305500
2022-03-01,317.7799987792969,320.2900085449219,313.82000732421875,315.82000732421875,305.2914733886719,349600
2022-03-02,319.3399963378906,328.80999755859375,319.3399963378906,326.8500061035156,315.95379638671875,535000
2022-03-03,329.239990234375,331.19000244140625,325.9200134277344,330.19000244140625,319.18243408203125,365400
2022-03-04,327.0,341.4599914550781,326.8500061035156,340.1499938964844,328.81036376953125,478100
2022-03-07,339.9700012207031,348.2799987792969,339.9700012207031,343.1499938964844,331.7103576660156,510000
2022-03-08,342.9200134277344,345.92999267578125,336.0400085449219,336.8399963378906,325.6107482910156,465300
2022-03-09,342.260009765625,345.70001220703125,340.42999267578125,342.3699951171875,330.9563903808594,375400
2022-03-10,339.0299987792969,345.32000732421875,337.44000244140625,342.7300109863281,331.3044128417969,414500
2022-03-11,343.7300109863281,346.19000244140625,335.25,336.0199890136719,324.81805419921875,210800
2022-03-14,337.95001220703125,341.989990234375,332.8599853515625,334.0,322.86541748046875,371100
2022-03-15,338.8599853515625,339.57000732421875,332.3699951171875,335.2699890136719,324.0931091308594,258100
2022-03-16,336.79998779296875,342.92999267578125,334.9100036621094,342.4100036621094,330.99505615234375,468900
2022-03-17,339.1199951171875,344.9100036621094,339.1199951171875,342.739990234375,331.31402587890625,385100
2022-03-18,342.2699890136719,344.489990234375,337.9100036621094,341.6000061035156,330.2120666503906,626900
2022-03-21,342.0199890136719,343.94000244140625,335.7799987792969,338.19000244140625,326.9157409667969,324400
2022-03-22,341.0,342.1300048828125,334.1499938964844,335.6499938964844,324.4604187011719,357600
2022-03-23,335.3599853515625,337.4100036621094,332.20001220703125,335.2300109863281,324.0544128417969,228700
2022-03-24,334.8500061035156,336.7300109863281,333.8999938964844,336.0799865722656,324.87603759765625,313400
2022-03-25,337.7099914550781,342.8399963378906,337.7099914550781,341.5,330.1153869628906,309800
2022-03-28,343.2099914550781,344.8900146484375,340.3399963378906,344.8900146484375,333.39239501953125,274700
2022-03-29,349.55999755859375,357.989990234375,348.6300048828125,356.739990234375,344.8472900390625,369000
2022-03-30,352.4200134277344,352.4200134277344,345.69000244140625,348.7200012207031,339.1864318847656,306800
2022-03-31,350.5400085449219,353.1400146484375,345.1099853515625,345.4800109863281,336.0350341796875,390900
2022-04-01,346.6400146484375,353.489990234375,346.3800048828125,353.489990234375,343.8260498046875,289600
2022-04-04,354.010009765625,356.4800109863281,346.6600036621094,349.8900146484375,340.3244934082031,217700
2022-04-05,349.4800109863281,355.489990234375,347.1700134277344,348.9599914550781,339.4198913574219,208500
2022-04-06,348.9599914550781,355.5400085449219,345.2300109863281,355.30999755859375,345.59625244140625,203600
2022-04-07,352.2300109863281,353.7200012207031,348.94000244140625,351.70001220703125,342.0849609375,209900
2022-04-08,353.0199890136719,353.0199890136719,349.6600036621094,351.44000244140625,341.8320617675781,206700
2022-04-11,351.55999755859375,352.0400085449219,343.7200012207031,344.54998779296875,335.13043212890625,164800
2022-04-12,345.3299865722656,348.5400085449219,342.6700134277344,346.7900085449219,337.3092041015625,189200
2022-04-13,346.8999938964844,349.44000244140625,345.54998779296875,347.30999755859375,337.81500244140625,117700
2022-04-14,348.6499938964844,350.260009765625,345.1199951171875,345.510009765625,336.064208984375,178300
2022-04-18,345.3399963378906,347.5400085449219,341.2099914550781,343.510009765625,334.1188659667969,194600
2022-04-19,346.1700134277344,349.3500061035156,344.8599853515625,347.67999267578125,338.17486572265625,203500
2022-04-20,348.3900146484375,357.0299987792969,348.3900146484375,355.9800109863281,346.24798583984375,237700
2022-04-21,358.1300048828125,363.3599853515625,356.6300048828125,359.30999755859375,349.4869384765625,293000
2022-04-22,359.57000732421875,359.57000732421875,351.239990234375,351.5299987792969,341.91961669921875,198200
2022-04-25,350.79998779296875,350.79998779296875,342.7799987792969,348.0899963378906,338.5736389160156,208600
2022-04-26,347.75,350.0799865722656,343.3500061035156,344.739990234375,335.31524658203125,272200
2022-04-27,340.67999267578125,355.19000244140625,340.6099853515625,341.9599914550781,332.61126708984375,415600
2022-04-28,343.5299987792969,346.3500061035156,338.2799987792969,345.1099853515625,335.6751403808594,299600
2022-04-29,344.2300109863281,344.54998779296875,328.32000732421875,329.2699890136719,320.2681579589844,745200
2022-05-02,331.9200134277344,333.3800048828125,311.4200134277344,319.3599853515625,310.62908935546875,465600
2022-05-03,320.3699951171875,324.2799987792969,318.4599914550781,322.1000061035156,313.2942199707031,321100
2022-05-04,321.739990234375,323.7799987792969,314.4800109863281,323.3699951171875,314.52947998046875,279200
2022-05-05,322.2699890136719,325.4100036621094,314.2699890136719,316.54998779296875,307.8959045410156,359700
2022-05-06,314.9700012207031,315.30999755859375,308.3399963378906,313.42999267578125,304.8612060546875,388200
2022-05-09,310.17999267578125,310.17999267578125,294.2900085449219,295.9700012207031,287.8785705566406,583400
2022-05-10,295.1199951171875,298.6000061035156,284.92999267578125,286.4800109863281,278.6480407714844,842600
2022-05-11,287.3999938964844,293.5799865722656,286.6700134277344,288.7300109863281,280.83648681640625,592200
2022-05-12,288.9200134277344,293.4599914550781,287.7799987792969,292.2200012207031,284.2310791015625,440800
2022-05-13,294.8299865722656,296.7900085449219,289.70001220703125,296.2799987792969,288.1800842285156,299600
2022-05-16,296.9800109863281,297.7300109863281,291.5400085449219,291.8900146484375,283.91009521484375,340900
2022-05-17,297.19000244140625,297.19000244140625,291.3399963378906,296.0,287.9077453613281,448100
2022-05-18,296.4800109863281,296.4800109863281,287.010009765625,288.0299987792969,280.1556091308594,295300
2022-05-19,285.1099853515625,288.760009765625,281.4700012207031,281.6000061035156,273.90142822265625,609400
2022-05-20,285.3999938964844,285.3999938964844,278.8500061035156,282.07000732421875,274.35858154296875,1091200
2022-05-23,284.6600036621094,288.05999755859375,279.1199951171875,287.2200012207031,279.3677673339844,439600
2022-05-24,287.2200012207031,287.2200012207031,277.7900085449219,282.8299865722656,275.0977783203125,669300
2022-05-25,275.3299865722656,282.92999267578125,275.3299865722656,282.55999755859375,274.8351745605469,790200
2022-05-26,285.8299865722656,286.6400146484375,281.82000732421875,283.1300048828125,275.38958740234375,461400
2022-05-27,283.29998779296875,289.1199951171875,283.29998779296875,288.69000244140625,280.797607421875,389500
2022-05-31,283.75,286.489990234375,280.5299987792969,283.8500061035156,276.08990478515625,845600
2022-06-01,284.9800109863281,284.9800109863281,277.260009765625,282.6000061035156,274.8740539550781,502700
2022-06-02,281.6400146484375,287.92999267578125,277.1400146484375,287.8299865722656,279.9610595703125,417700
2022-06-03,286.45001220703125,288.1300048828125,282.69000244140625,283.94000244140625,276.17742919921875,366700
2022-06-06,287.0,287.82000732421875,275.9700012207031,276.54998779296875,268.9894714355469,448200
2022-06-07,275.05999755859375,283.67999267578125,274.5,283.0899963378906,275.3506774902344,544100
2022-06-08,282.05999755859375,282.05999755859375,276.760009765625,277.3599853515625,269.77734375,258500
2022-06-09,276.30999755859375,278.0,270.8699951171875,270.8999938964844,263.49395751953125,316100
2022-06-10,267.8699951171875,273.2200012207031,265.3699951171875,270.9100036621094,263.5036926269531,443800
2022-06-13,264.7200012207031,265.95001220703125,256.94000244140625,258.07000732421875,251.01470947265625,373500
2022-06-14,258.5400085449219,260.8399963378906,255.6300048828125,256.2099914550781,249.2055206298828,440900
2022-06-15,258.42999267578125,261.8999938964844,253.89999389648438,257.2300109863281,250.19766235351562,615300
2022-06-16,250.6199951171875,255.02000427246094,250.6199951171875,253.94000244140625,246.9976043701172,506600
2022-06-17,255.57000732421875,258.3900146484375,253.25999450683594,256.0799865722656,249.07907104492188,951000
2022-06-21,256.9700012207031,260.3699951171875,255.10000610351562,255.47000122070312,248.4857635498047,727500
2022-06-22,252.61000061035156,258.8299865722656,252.32000732421875,255.92999267578125,248.9331817626953,627300
2022-06-23,257.0400085449219,260.739990234375,256.8500061035156,259.44000244140625,252.3472442626953,501800
2022-06-24,260.04998779296875,262.6199951171875,259.70001220703125,261.7099914550781,254.55517578125,641700
2022-06-27,261.70001220703125,269.5299987792969,260.3900146484375,266.25,258.9710388183594,534300
2022-06-28,266.8599853515625,270.54998779296875,263.9200134277344,264.0199890136719,256.802001953125,413400
2022-06-29,261.42999267578125,262.9200134277344,259.739990234375,262.3500061035156,257.3218688964844,309900
2022-06-30,260.1600036621094,265.8999938964844,257.75,261.510009765625,256.49798583984375,892800
2022-07-01,261.9200134277344,267.79998779296875,261.7099914550781,266.7300109863281,261.617919921875,515100
2022-07-05,264.94000244140625,266.07000732421875,257.8699951171875,264.5,259.4306640625,407900
2022-07-06,265.7200012207031,267.8500061035156,262.95001220703125,266.0199890136719,260.9215087890625,498800
2022-07-07,268.19000244140625,269.3800048828125,264.55999755859375,266.07000732421875,260.9706115722656,459200
2022-07-08,266.05999755859375,266.3999938964844,261.6600036621094,262.9200134277344,257.8809509277344,286200
2022-07-11,261.94000244140625,263.07000732421875,260.1300048828125,262.6099853515625,257.576904296875,312700
2022-07-12,260.739990234375,266.0899963378906,260.739990234375,264.07000732421875,259.0089111328125,300500
2022-07-13,261.5400085449219,263.75,257.7900085449219,261.6600036621094,256.6451110839844,300500
2022-07-14,257.5,261.7699890136719,257.5,261.2799987792969,256.2723693847656,450100
2022-07-15,265.8699951171875,266.8399963378906,261.7799987792969,265.45001220703125,260.3624572753906,341200
2022-07-18,266.0,267.2099914550781,261.42999267578125,262.5799865722656,257.5474548339844,313500
2022-07-19,264.9599914550781,267.30999755859375,262.25,266.5899963378906,261.4806213378906,515100
2022-07-20,266.1600036621094,270.8399963378906,265.7300109863281,268.1700134277344,263.03033447265625,362400
2022-07-21,267.6700134277344,269.7900085449219,265.739990234375,269.6099853515625,264.4427185058594,328100
2022-07-22,271.1199951171875,273.8900146484375,268.8800048828125,273.80999755859375,268.5622253417969,530000
2022-07-25,272.9800109863281,275.5799865722656,272.5,273.80999755859375,268.5622253417969,415600
2022-07-26,274.07000732421875,275.7799987792969,272.8399963378906,273.69000244140625,268.4445495605469,372000
2022-07-27,272.57000732421875,281.3699951171875,272.57000732421875,277.29998779296875,271.9853210449219,545100
2022-07-28,278.6499938964844,285.69000244140625,277.3399963378906,284.79998779296875,279.3415832519531,402900
2022-07-29,285.3699951171875,287.5,282.9100036621094,286.5299987792969,281.0384521484375,976600
2022-08-01,284.5799865722656,285.6000061035156,279.55999755859375,279.8900146484375,274.5257263183594,298200
2022-08-02,279.6600036621094,281.82000732421875,275.8299865722656,276.8699951171875,271.5635986328125,538500
2022-08-03,277.8699951171875,281.6499938964844,274.489990234375,275.4700012207031,270.1904296875,325700
2022-08-04,277.8299865722656,278.2099914550781,273.6000061035156,278.04998779296875,272.7209777832031,471600
2022-08-05,276.4700012207031,278.989990234375,275.0,278.75,273.40753173828125,235800
2022-08-08,281.6199951171875,283.6099853515625,280.510009765625,280.8299865722656,275.44769287109375,295200
2022-08-09,281.04998779296875,286.30999755859375,281.04998779296875,286.1400146484375,280.65594482421875,359600
2022-08-10,290.0,291.6199951171875,286.42999267578125,291.20001220703125,285.61895751953125,399700
2022-08-11,292.7300109863281,295.4100036621094,291.20001220703125,292.75,287.13922119140625,392400
2022-08-12,295.0,297.4700012207031,293.70001220703125,297.1300048828125,291.435302734375,232400
2022-08-15,297.1199951171875,298.9700012207031,295.0,296.989990234375,291.2979736328125,248300
2022-08-16,295.2799987792969,300.3299865722656,294.3299865722656,298.4700012207031,292.7496337890625,244300
2022-08-17,296.19000244140625,299.20001220703125,295.4800109863281,297.5299987792969,291.82763671875,243200
2022-08-18,297.8800048828125,298.0799865722656,291.8399963378906,293.2900085449219,287.6689147949219,365900
2022-08-19,292.1400146484375,292.3399963378906,288.8299865722656,290.010009765625,284.4517517089844,490900
2022-08-22,286.8399963378906,287.95001220703125,279.6499938964844,284.44000244140625,278.9884948730469,335500
2022-08-23,283.4100036621094,283.989990234375,276.5299987792969,277.69000244140625,272.3678894042969,327200
2022-08-24,278.3999938964844,280.6700134277344,276.9599914550781,280.2799987792969,274.9082336425781,396100
2022-08-25,280.2900085449219,283.5400085449219,279.2900085449219,283.5400085449219,278.10577392578125,318100
2022-08-26,283.6199951171875,284.20001220703125,274.7799987792969,274.79998779296875,269.5332336425781,384000
2022-08-29,273.1600036621094,273.9599914550781,270.3399963378906,270.4100036621094,265.2273864746094,276200
2022-08-30,270.44000244140625,271.3299865722656,265.760009765625,266.3299865722656,261.2255859375,336200
2022-08-31,268.5400085449219,269.3699951171875,264.4700012207031,265.05999755859375,259.97991943359375,408200
2022-09-01,263.7300109863281,268.20001220703125,261.2699890136719,268.0,262.86358642578125,356500
2022-09-02,269.3699951171875,270.8800048828125,265.6499938964844,265.9800109863281,260.88232421875,276700
2022-09-06,267.1400146484375,270.5400085449219,266.69000244140625,269.7799987792969,264.6094665527344,226200
2022-09-07,270.45001220703125,274.44000244140625,269.7900085449219,274.3999938964844,269.14093017578125,222500
2022-09-08,273.0299987792969,276.05999755859375,271.1000061035156,275.2799987792969,270.0040588378906,175900
2022-09-09,275.3900146484375,280.5199890136719,273.489990234375,278.260009765625,272.92694091796875,257500
2022-09-12,278.92999267578125,279.9599914550781,277.3299865722656,278.3800048828125,273.0446472167969,289400
2022-09-13,273.739990234375,274.6099853515625,266.9800109863281,268.1199951171875,262.9812927246094,465900
2022-09-14,266.8900146484375,267.0899963378906,261.7900085449219,264.5899963378906,259.5189208984375,444500
2022-09-15,263.6700134277344,265.42999267578125,260.7099914550781,260.92999267578125,255.92909240722656,367800
2022-09-16,261.1300048828125,261.32000732421875,256.42999267578125,261.05999755859375,256.05657958984375,705800
2022-09-19,257.3599853515625,258.489990234375,252.94000244140625,257.5199890136719,252.5844268798828,538900
2022-09-20,255.99000549316406,255.99000549316406,248.72000122070312,251.10000610351562,246.28749084472656,583700
2022-09-21,253.57000732421875,254.11000061035156,247.61000061035156,247.6300048828125,242.88400268554688,353600
2022-09-22,246.58999633789062,249.47000122070312,244.36000061035156,248.05999755859375,243.30575561523438,330000
2022-09-23,245.92999267578125,252.4199981689453,244.63999938964844,248.0800018310547,243.3253631591797,391700
2022-09-26,247.1300048828125,247.1300048828125,237.88999938964844,240.97999572753906,236.3614501953125,395700
2022-09-27,242.24000549316406,244.52000427246094,238.24000549316406,238.35000610351562,233.78184509277344,351400
2022-09-28,240.86000061035156,246.22000122070312,238.1699981689453,244.6999969482422,240.01014709472656,746200
2022-09-29,240.3000030517578,241.72000122070312,236.00999450683594,238.66000366210938,236.20957946777344,494500
2022-09-30,241.17999267578125,244.13999938964844,238.52999877929688,242.22999572753906,239.742919921875,770500
2022-10-03,245.97000122070312,248.1999969482422,242.25999450683594,246.8000030517578,244.26600646972656,422300
2022-10-04,248.1300048828125,249.6699981689453,242.6300048828125,245.52000427246094,242.9991455078125,715900
2022-10-05,242.66000366210938,242.66000366210938,234.55999755859375,236.35000610351562,233.9232940673828,453400
2022-10-06,236.0,237.27000427246094,228.63999938964844,228.69000244140625,226.34194946289062,506700
2022-10-07,226.8300018310547,228.22999572753906,220.25,221.2100067138672,218.93875122070312,537400
2022-10-10,222.0,223.52999877929688,219.16000366210938,221.44000244140625,219.1663818359375,689600
2022-10-11,222.1300048828125,228.0800018310547,220.47000122070312,226.85000610351562,224.52084350585938,555100
2022-10-12,226.50999450683594,226.58999633789062,223.05999755859375,224.02000427246094,221.7198944091797,551100
2022-10-13,219.85000610351562,230.64999389648438,218.8300018310547,229.1999969482422,226.84669494628906,550300
2022-10-14,232.57000732421875,232.7899932861328,221.92999267578125,222.6199951171875,220.33425903320312,505800
2022-10-17,227.33999633789062,232.2899932861328,225.0800018310547,231.27000427246094,228.89544677734375,321700
2022-10-18,234.27999877929688,237.30999755859375,231.16000366210938,233.27999877929688,230.8848114013672,318100
2022-10-19,230.39999389648438,232.0,226.3800048828125,227.1199951171875,224.78805541992188,274700
2022-10-20,227.91000366210938,231.0500030517578,225.66000366210938,226.72000122070312,224.3921661376953,498800
2022-10-21,227.47000122070312,230.77000427246094,223.89999389648438,227.77999877929688,225.4412841796875,515300
2022-10-24,230.49000549316406,230.85000610351562,225.86000061035156,227.63999938964844,225.30271911621094,376300
2022-10-25,228.6699981689453,236.61000061035156,228.6699981689453,236.4499969482422,234.0222625732422,380700
2022-10-26,235.27999877929688,237.7100067138672,227.5800018310547,228.25999450683594,225.91635131835938,721600
2022-10-27,224.49000549316406,228.94000244140625,219.5800018310547,221.57000732421875,219.2950439453125,1174400
2022-10-28,220.11000061035156,222.60000610351562,218.3800048828125,222.24000549316406,219.9581756591797,958400
2022-10-31,221.1199951171875,224.3000030517578,220.0,222.24000549316406,219.9581756591797,1070600
2022-11-01,224.42999267578125,224.42999267578125,220.85000610351562,221.38999938964844,219.1168975830078,563900
2022-11-02,219.75999450683594,224.99000549316406,216.19000244140625,216.32000732421875,214.0989532470703,467900
2022-11-03,213.02000427246094,216.38999938964844,210.66000366210938,213.99000549316406,211.79287719726562,792800
2022-11-04,214.85000610351562,217.7899932861328,208.7100067138672,214.24000549316406,212.04031372070312,559200
2022-11-07,214.24000549316406,215.5399932861328,208.6300048828125,209.47999572753906,207.3291778564453,711000
2022-11-08,209.7100067138672,210.9199981689453,206.63999938964844,207.9499969482422,205.81488037109375,686100
2022-11-09,208.10000610351562,209.27999877929688,205.8300018310547,207.33999633789062,205.21115112304688,657800
2022-11-10,215.0,219.0399932861328,213.75,218.55999755859375,216.31594848632812,1296700
2022-11-11,217.6699981689453,219.0399932861328,211.5800018310547,215.3000030517578,213.08941650390625,852900
2022-11-14,213.7899932861328,215.16000366210938,210.27999877929688,210.47000122070312,208.30902099609375,869900
2022-11-15,214.00999450683594,214.27000427246094,208.83999633789062,212.17999267578125,210.00144958496094,944500
2022-11-16,210.8699951171875,214.1699981689453,208.5800018310547,210.02000427246094,207.86363220214844,588300
2022-11-17,206.85000610351562,208.61000061035156,205.75999450683594,207.52000427246094,205.38931274414062,541400
2022-11-18,211.0500030517578,211.58999633789062,207.94000244140625,211.58999633789062,209.41751098632812,934200
2022-11-21,210.99000549316406,214.3000030517578,210.02000427246094,213.52000427246094,211.32769775390625,503100
2022-11-22,213.5399932861328,214.1699981689453,211.86000061035156,213.74000549316406,211.54544067382812,301300
2022-11-23,212.72000122070312,213.83999633789062,209.88999938964844,211.86000061035156,209.6847381591797,284000
2022-11-25,213.1199951171875,213.72000122070312,211.82000732421875,212.61000061035156,210.4270477294922,132900
2022-11-28,212.2899932861328,213.55999755859375,209.8000030517578,210.4600067138672,208.2991180419922,582700
2022-11-29,209.2899932861328,214.5,209.2899932861328,214.49000549316406,212.28775024414062,503100
2022-11-30,212.97000122070312,220.47999572753906,210.60000610351562,220.3800048828125,218.1172637939453,793600
2022-12-01,224.00999450683594,224.00999450683594,217.36000061035156,219.91000366210938,217.65208435058594,492400
2022-12-02,218.44000244140625,219.6699981689453,217.2899932861328,217.72000122070312,215.4845733642578,374200
2022-12-05,215.42999267578125,217.00999450683594,214.02000427246094,214.3800048828125,212.1788787841797,408900
2022-12-06,215.7899932861328,216.19000244140625,210.75999450683594,211.0800018310547,208.91275024414062,519900
2022-12-07,210.57000732421875,214.50999450683594,210.5,212.89999389648438,210.71405029296875,531600
2022-12-08,213.83999633789062,217.44000244140625,213.4199981689453,213.88999938964844,211.6938934326172,294000
2022-12-09,213.4499969482422,216.5500030517578,213.4499969482422,214.7899932861328,212.58465576171875,309400
2022-12-12,214.99000549316406,218.83999633789062,212.55999755859375,218.61000061035156,216.3654327392578,524400
2022-12-13,223.92999267578125,225.25,219.44000244140625,223.2100067138672,220.918212890625,877700
2022-12-14,222.91000366210938,226.8800048828125,219.86000061035156,220.94000244140625,218.6715087890625,720900
2022-12-15,219.10000610351562,220.67999267578125,217.07000732421875,218.25999450683594,216.01902770996094,573400
2022-12-16,213.27000427246094,214.66000366210938,210.42999267578125,212.1199951171875,209.9420623779297,998900
2022-12-19,211.25999450683594,211.86000061035156,206.74000549316406,208.57000732421875,206.42852783203125,372100
2022-12-20,206.77000427246094,208.25,205.24000549316406,207.5,205.3695068359375,351800
2022-12-21,209.0,210.89999389648438,207.14999389648438,208.85000610351562,206.70565795898438,470500
2022-12-22,206.91000366210938,209.9600067138672,206.1999969482422,208.92999267578125,206.78482055664062,689100
2022-12-23,208.24000549316406,211.64999389648438,207.58999633789062,211.64999389648438,209.47689819335938,291200
2022-12-27,211.24000549316406,211.75,209.41000366210938,210.94000244140625,208.77418518066406,294000
2022-12-28,211.61000061035156,213.4499969482422,209.22999572753906,209.22999572753906,207.0817413330078,508600
2022-12-29,210.8000030517578,214.94000244140625,210.0,214.27000427246094,212.07000732421875,407500
2022-12-30,211.10000610351562,212.50999450683594,209.3699951171875,211.9199981689453,211.9199981689453,410900
2023-01-03,211.77000427246094,213.9499969482422,209.00999450683594,211.30999755859375,211.30999755859375,500500
2023-01-04,213.49000549316406,216.61000061035156,212.25,215.25,215.25,513700
2023-01-05,212.2899932861328,212.2899932861328,205.6300048828125,205.8800048828125,205.8800048828125,543400
2023-01-06,207.58999633789062,215.66000366210938,207.02999877929688,214.6999969482422,214.6999969482422,611800
2023-01-09,214.1300048828125,218.22999572753906,212.35000610351562,212.57000732421875,212.57000732421875,677900
2023-01-10,211.13999938964844,214.44000244140625,211.13999938964844,214.05999755859375,214.05999755859375,340100
2023-01-11,215.13999938964844,222.7100067138672,215.13999938964844,222.47000122070312,222.47000122070312,376800
2023-01-12,223.7899932861328,223.7899932861328,217.3800048828125,220.5,220.5,399800
2023-01-13,218.24000549316406,221.32000732421875,217.5,218.5399932861328,218.5399932861328,293200
