Date,Open,High,Low,Close,Adj Close,Volume
2022-01-18,110.8499984741211,111.22000122070312,108.12000274658203,109.83999633789062,105.93025207519531,1478300
2022-01-19,110.0,111.16000366210938,109.36000061035156,110.3499984741211,106.4220962524414,955600
2022-01-20,110.62999725341797,111.51000213623047,109.9000015258789,109.98999786376953,106.07492065429688,1027800
2022-01-21,110.87999725341797,110.87999725341797,109.31999969482422,109.41999816894531,105.52520751953125,982700
2022-01-24,109.0,109.44999694824219,105.77999877929688,108.19000244140625,104.3389892578125,2138400
2022-01-25,106.63999938964844,108.80000305175781,106.33999633789062,107.66999816894531,103.83748626708984,1920200
2022-01-26,107.56999969482422,108.80999755859375,106.79000091552734,107.27999877929688,103.46138000488281,1388700
2022-01-27,108.66999816894531,110.58000183105469,107.66999816894531,109.58999633789062,105.68914794921875,1688900
2022-01-28,109.26000213623047,111.25,108.5999984741211,111.16000366210938,107.20327758789062,1429400
2022-01-31,110.44000244140625,112.2300033569336,109.86000061035156,111.7699966430664,107.79155731201172,1848700
2022-02-01,111.51000213623047,111.94999694824219,109.08999633789062,110.01000213623047,106.09420776367188,1446000
2022-02-02,110.02999877929688,112.23999786376953,109.55999755859375,112.01000213623047,108.02302551269531,1582800
2022-02-03,112.26000213623047,112.58999633789062,111.37000274658203,111.97000122070312,107.98444366455078,1034900
2022-02-04,110.98999786376953,111.95999908447266,109.7300033569336,110.9000015258789,106.95252227783203,1140100
2022-02-07,110.63999938964844,111.08000183105469,109.38999938964844,109.66000366210938,105.75666809082031,1377500
2022-02-08,110.5,110.63999938964844,109.54000091552734,109.9800033569336,106.06527709960938,1140800
2022-02-09,110.69000244140625,111.76000213623047,110.22000122070312,111.47000122070312,107.50223541259766,1157800
2022-02-10,109.55999755859375,110.13999938964844,106.3499984741211,106.44999694824219,103.59960174560547,1071000
2022-02-11,106.73999786376953,107.94000244140625,105.29000091552734,105.81999969482422,102.98648071289062,1792800
2022-02-14,106.33000183105469,106.75,103.29000091552734,104.5,101.70182800292969,1347400
2022-02-15,105.0999984741211,105.61000061035156,102.83999633789062,103.43000030517578,100.66047668457031,1182600
2022-02-16,103.6500015258789,104.55999755859375,102.91999816894531,103.95999908447266,101.17628479003906,1211700
2022-02-17,103.5199966430664,105.54000091552734,103.19999694824219,104.94999694824219,102.1397705078125,1691200
2022-02-18,104.51000213623047,105.56999969482422,104.1500015258789,104.62000274658203,101.81861877441406,894800
2022-02-22,105.05999755859375,105.30999755859375,103.48999786376953,104.51000213623047,101.71155548095703,1523700
2022-02-23,104.5,106.91999816894531,104.06999969482422,104.73999786376953,101.93539428710938,1638100
2022-02-24,103.81999969482422,104.2300033569336,100.18000030517578,102.31999969482422,99.58020782470703,1457400
2022-02-25,103.6500015258789,106.02999877929688,103.36000061035156,105.58000183105469,102.7529067993164,1419600
2022-02-28,104.63999938964844,105.72000122070312,104.1500015258789,105.20999908447266,102.39281463623047,1623300
2022-03-01,105.30999755859375,105.80000305175781,102.9000015258789,103.86000061035156,101.0789566040039,1113200
2022-03-02,103.70999908447266,107.12999725341797,103.70999908447266,106.62000274658203,103.76506042480469,1496300
2022-03-03,106.93000030517578,110.0,106.9000015258789,109.36000061035156,106.43168640136719,1254200
2022-03-04,108.63999938964844,112.31999969482422,108.30000305175781,112.23999786376953,109.23456573486328,1784900
2022-03-07,112.22000122070312,112.41999816894531,110.5199966430664,111.86000061035156,108.86474609375,1182500
2022-03-08,112.0,112.5,109.3499984741211,109.38999938964844,106.46089172363281,843300
2022-03-09,110.41999816894531,110.8499984741211,107.87999725341797,107.9800033569336,105.0886459350586,1833100
2022-03-10,107.19999694824219,109.23999786376953,107.19000244140625,109.01000213623047,106.091064453125,1166900
2022-03-11,108.5199966430664,109.41000366210938,108.26000213623047,108.75,105.83802032470703,885500
2022-03-14,109.94999694824219,110.69999694824219,109.01000213623047,110.2699966430664,107.31732177734375,811200
2022-03-15,111.75,112.06999969482422,110.73999786376953,111.25,108.27108001708984,1181400
2022-03-16,111.30999755859375,111.61000061035156,109.20999908447266,110.5199966430664,107.56063079833984,966700
2022-03-17,110.0,111.01000213623047,109.68000030517578,110.38999938964844,107.4341049194336,1403500
2022-03-18,110.62999725341797,110.81999969482422,108.55000305175781,109.44999694824219,106.519287109375,2216100
2022-03-21,110.20999908447266,111.02999877929688,109.62999725341797,110.7699966430664,107.8039321899414,1080600
2022-03-22,111.62999725341797,111.62999725341797,109.36000061035156,109.68000030517578,106.74311828613281,960000
2022-03-23,109.80999755859375,111.38999938964844,109.19999694824219,110.8499984741211,107.88179779052734,796700
2022-03-24,111.02999877929688,112.8499984741211,111.02999877929688,112.7300033569336,109.71145629882812,954100
2022-03-25,113.47000122070312,115.05000305175781,113.11000061035156,114.83000183105469,111.7552261352539,767900
2022-03-28,114.9000015258789,115.37000274658203,113.9000015258789,115.33999633789062,112.2515640258789,730300
2022-03-29,115.68000030517578,116.4000015258789,114.56999969482422,116.37000274658203,113.25399017333984,695000
2022-03-30,116.02999877929688,117.12000274658203,115.69999694824219,117.04000091552734,113.90604400634766,624700
2022-03-31,117.06999969482422,118.52999877929688,116.73999786376953,116.75,113.62380981445312,1020700
2022-04-01,116.66999816894531,120.25,116.33999633789062,120.08999633789062,116.87437438964844,2111000
2022-04-04,119.37000274658203,119.66000366210938,117.61000061035156,119.41000366210938,116.21258544921875,1231400
2022-04-05,119.81999969482422,122.0999984741211,119.44999694824219,121.30999755859375,118.06170654296875,1589900
2022-04-06,121.73999786376953,123.76000213623047,120.87000274658203,123.5999984741211,120.29039001464844,1468800
2022-04-07,123.2699966430664,123.7300033569336,121.30000305175781,122.98999786376953,119.69671630859375,1151000
2022-04-08,123.68000030517578,124.05000305175781,122.02999877929688,123.31999969482422,120.01788330078125,892200
2022-04-11,123.5999984741211,124.30999755859375,121.4000015258789,121.79000091552734,118.52885437011719,804900
2022-04-12,121.37999725341797,123.83000183105469,120.4800033569336,123.30999755859375,120.00814819335938,1527700
2022-04-13,123.05999755859375,123.62000274658203,122.30999755859375,123.37000274658203,120.0665512084961,987100
2022-04-14,123.5999984741211,124.76000213623047,123.25,124.19999694824219,120.87432098388672,925100
2022-04-18,124.55000305175781,124.86000061035156,124.0,124.44000244140625,121.10790252685547,1027200
2022-04-19,124.62000274658203,124.86000061035156,122.98999786376953,124.55000305175781,121.21495056152344,839700
2022-04-20,125.62000274658203,126.7300033569336,124.98999786376953,125.83999633789062,122.47040557861328,1382900
2022-04-21,125.55000305175781,126.81999969482422,124.76000213623047,125.33000183105469,121.97407531738281,1107200
2022-04-22,125.12999725341797,125.22000122070312,123.16999816894531,123.33999633789062,120.037353515625,786900
2022-04-25,123.86000061035156,123.86000061035156,120.13999938964844,122.23999786376953,118.966796875,881500
2022-04-26,122.05999755859375,123.47000122070312,120.63999938964844,120.66000366210938,117.42911529541016,1002400
2022-04-27,119.87999725341797,122.55999755859375,118.12000274658203,120.68000030517578,117.44857788085938,1263500
2022-04-28,121.37999725341797,122.91999816894531,120.05000305175781,122.31999969482422,119.04467010498047,798600
2022-04-29,121.91999816894531,122.0,118.66000366210938,118.8499984741211,115.66758728027344,1594500
2022-05-02,119.51000213623047,120.26000213623047,116.56999969482422,118.04000091552734,114.8792724609375,1156200
2022-05-03,118.5199966430664,120.05000305175781,117.30000305175781,117.52999877929688,114.38291931152344,907900
2022-05-04,117.20999908447266,119.05999755859375,116.58999633789062,118.66000366210938,116.48367309570312,1214600
2022-05-05,118.05000305175781,119.25,116.91000366210938,118.30000305175781,116.13028717041016,912600
2022-05-06,117.91999816894531,119.55000305175781,117.54000091552734,119.2699966430664,117.08248901367188,822100
2022-05-09,118.58000183105469,120.5,117.1500015258789,119.26000213623047,117.07267761230469,1012900
2022-05-10,119.31999969482422,120.79000091552734,115.13999938964844,116.30999755859375,114.17677307128906,1272300
2022-05-11,116.76000213623047,119.5199966430664,116.48999786376953,117.72000122070312,115.56092071533203,1602900
2022-05-12,117.61000061035156,117.9000015258789,114.47000122070312,116.16999816894531,114.03933715820312,1303800
2022-05-13,116.94000244140625,117.31999969482422,115.02999877929688,117.16999816894531,115.02100372314453,1256200
2022-05-16,117.63999938964844,118.48999786376953,117.0199966430664,117.79000091552734,115.62963104248047,1117000
2022-05-17,117.91999816894531,118.47000122070312,116.0,118.30999755859375,116.14009857177734,1364100
2022-05-18,118.77999877929688,118.91999816894531,116.2300033569336,116.47000122070312,114.33384704589844,1156200
2022-05-19,116.02999877929688,116.33999633789062,114.38999938964844,115.66999816894531,113.54851531982422,1053300
2022-05-20,115.70999908447266,117.05000305175781,114.16000366210938,116.9800033569336,114.8344955444336,1611600
2022-05-23,118.19999694824219,118.98999786376953,116.19999694824219,116.80000305175781,114.65779876708984,1455000
2022-05-24,117.27999877929688,119.23999786376953,115.7300033569336,119.16000366210938,116.9745101928711,816500
2022-05-25,118.91999816894531,119.19999694824219,118.04000091552734,118.83999633789062,116.66036987304688,803000
2022-05-26,119.75,120.5199966430664,118.94000244140625,119.87999725341797,117.6812973022461,992200
2022-05-27,119.55000305175781,121.33999633789062,119.27999877929688,121.08000183105469,118.85929107666016,901900
2022-05-31,120.0,121.18000030517578,118.66000366210938,120.31999969482422,118.11322784423828,1650700
2022-06-01,120.6500015258789,120.86000061035156,118.8499984741211,120.18000030517578,117.97579956054688,1090200
2022-06-02,120.55000305175781,121.11000061035156,117.44000244140625,120.41000366210938,118.20158386230469,800300
2022-06-03,120.18000030517578,120.63999938964844,119.51000213623047,120.0,117.79910278320312,699600
2022-06-06,120.41000366210938,121.4800033569336,119.86000061035156,121.33999633789062,119.1145248413086,798300
2022-06-07,121.18000030517578,121.66999816894531,120.04000091552734,121.30999755859375,119.08506774902344,948300
2022-06-08,120.7699966430664,120.7699966430664,118.18000030517578,118.30999755859375,116.14009857177734,796900
2022-06-09,118.37000274658203,118.9800033569336,116.05999755859375,116.19000244140625,114.05897521972656,675100
2022-06-10,115.01000213623047,117.16999816894531,114.30000305175781,115.93000030517578,113.80374908447266,832400
2022-06-13,114.81999969482422,115.0,109.18000030517578,109.69999694824219,107.68800354003906,1152700
2022-06-14,109.97000122070312,110.08000183105469,105.79000091552734,107.29000091552734,105.32221221923828,1482000
2022-06-15,108.05999755859375,109.4000015258789,105.86000061035156,107.7699966430664,105.79340362548828,1804300
2022-06-16,106.19000244140625,106.72000122070312,105.05000305175781,105.87000274658203,103.92826080322266,1562300
2022-06-17,105.93000030517578,106.69000244140625,101.8499984741211,102.45999908447266,100.58079528808594,2976000
2022-06-21,102.55000305175781,105.23999786376953,102.51000213623047,104.69999694824219,102.77971649169922,1408800
2022-06-22,104.26000213623047,105.58000183105469,104.19999694824219,104.62999725341797,102.71099090576172,996100
2022-06-23,104.69999694824219,106.48999786376953,104.54000091552734,105.91000366210938,103.96752166748047,969500
2022-06-24,106.36000061035156,111.11000061035156,106.30000305175781,110.55000305175781,108.52242279052734,1734100
2022-06-27,110.41000366210938,112.05999755859375,110.19999694824219,111.95999908447266,109.90655517578125,929500
2022-06-28,112.55000305175781,113.33000183105469,111.55999755859375,111.8499984741211,109.79857635498047,1569900
2022-06-29,112.12999725341797,112.98999786376953,111.18000030517578,111.69000244140625,109.64151763916016,1275700
2022-06-30,111.0,113.36000061035156,110.55999755859375,112.63999938964844,110.57408905029297,1701500
2022-07-01,112.9000015258789,115.55000305175781,112.11000061035156,115.30000305175781,113.185302734375,1308700
2022-07-05,114.72000122070312,114.98999786376953,108.31999969482422,109.76000213623047,107.74691009521484,1918200
2022-07-06,110.22000122070312,112.47000122070312,109.41999816894531,111.37000274658203,109.32738494873047,937500
2022-07-07,111.5999984741211,112.41999816894531,110.51000213623047,110.5999984741211,108.57150268554688,655400
2022-07-08,110.54000091552734,110.94000244140625,109.79000091552734,110.08999633789062,108.07085418701172,779300
2022-07-11,109.83000183105469,111.41000366210938,109.41999816894531,110.77999877929688,108.74819946289062,609300
2022-07-12,110.37000274658203,112.58999633789062,110.27999877929688,110.9800033569336,108.94453430175781,789000
2022-07-13,109.9000015258789,111.08000183105469,109.19000244140625,109.5199966430664,107.51130676269531,837200
2022-07-14,107.52999877929688,109.95999908447266,107.52999877929688,109.75,107.73709106445312,818300
2022-07-15,110.58999633789062,110.62999725341797,108.48999786376953,110.12000274658203,108.10030364990234,767100
2022-07-18,110.0,110.55000305175781,109.16999816894531,109.2699966430664,107.2658920288086,968400
2022-07-19,109.93000030517578,110.87999725341797,109.16999816894531,110.22000122070312,108.19847106933594,840300
2022-07-20,110.38999938964844,110.66999816894531,108.23999786376953,108.2699966430664,106.28424072265625,803300
2022-07-21,108.0,108.36000061035156,107.1500015258789,107.95999908447266,105.97991943359375,766700
2022-07-22,108.61000061035156,109.5,108.4000015258789,109.37000274658203,107.36405944824219,609000
2022-07-25,109.18000030517578,110.94000244140625,108.87999725341797,110.79000091552734,108.75801849365234,691300
2022-07-26,110.55999755859375,111.9000015258789,110.51000213623047,111.27999877929688,109.2390365600586,766400
2022-07-27,111.12000274658203,111.6500015258789,110.11000061035156,111.05999755859375,109.02306365966797,803600
2022-07-28,112.31999969482422,114.30000305175781,111.47000122070312,114.0,111.90914916992188,728700
2022-07-29,113.77999877929688,115.31999969482422,113.62000274658203,115.12999725341797,113.01841735839844,1377700
2022-08-01,114.80999755859375,115.55999755859375,114.12999725341797,115.41000366210938,113.29328155517578,1054300
2022-08-02,115.69000244140625,116.8499984741211,115.0199966430664,115.11000061035156,112.99878692626953,1470800
2022-08-03,115.0,117.54000091552734,113.68000030517578,117.37999725341797,115.2271499633789,1406500
2022-08-04,117.48999786376953,119.6500015258789,116.93000030517578,118.93000030517578,116.74872589111328,1495000
2022-08-05,118.66999816894531,118.7699966430664,116.76000213623047,117.73999786376953,115.58055114746094,846300
2022-08-08,118.56999969482422,119.44000244140625,117.80000305175781,118.22000122070312,116.05174255371094,787900
2022-08-09,118.87999725341797,120.23999786376953,118.37999725341797,119.72000122070312,117.52423858642578,914700
2022-08-10,119.38999938964844,119.38999938964844,117.0999984741211,118.22000122070312,117.03912353515625,1021100
2022-08-11,118.05999755859375,119.83999633789062,117.27999877929688,118.77999877929688,117.5935287475586,827100
2022-08-12,119.55000305175781,121.06999969482422,119.19000244140625,121.01000213623047,119.80126190185547,824100
2022-08-15,121.0,121.91000366210938,120.12999725341797,121.80999755859375,120.59326171875,697200
2022-08-16,121.4800033569336,122.45999908447266,121.33999633789062,122.22000122070312,120.9991683959961,582200
2022-08-17,121.69999694824219,121.88999938964844,120.87999725341797,121.2699966430664,120.05865478515625,850000
2022-08-18,121.52999877929688,121.8499984741211,119.83999633789062,120.4800033569336,119.27655792236328,1011200
2022-08-19,120.54000091552734,121.88999938964844,120.54000091552734,121.6500015258789,120.43486785888672,767100
2022-08-22,121.06999969482422,121.94000244140625,120.31999969482422,120.66999816894531,119.46465301513672,1016000
2022-08-23,120.76000213623047,120.76000213623047,119.08999633789062,119.5,118.30634307861328,688600
2022-08-24,119.54000091552734,119.69000244140625,118.11000061035156,119.2699966430664,118.0786361694336,934900
2022-08-25,119.45999908447266,119.4800033569336,118.37000274658203,119.37999725341797,118.18753814697266,1203200
2022-08-26,119.63999938964844,120.44000244140625,118.5999984741211,118.97000122070312,117.7816390991211,1609100
2022-08-29,118.5999984741211,120.55000305175781,117.79000091552734,119.43000030517578,118.2370376586914,575300
2022-08-30,119.80000305175781,119.80000305175781,116.56999969482422,116.8499984741211,115.68280792236328,1288300
2022-08-31,116.77999877929688,117.5999984741211,115.22000122070312,115.30000305175781,114.1482925415039,1278100
2022-09-01,115.37999725341797,117.29000091552734,114.93000030517578,117.0199966430664,115.85111236572266,1162600
2022-09-02,116.9800033569336,118.48999786376953,115.98999786376953,116.22000122070312,115.0591049194336,1200100
2022-09-06,115.70999908447266,117.44000244140625,115.19999694824219,115.62999725341797,114.47499084472656,1237900
2022-09-07,116.02999877929688,119.27999877929688,115.87999725341797,119.16999816894531,117.9796371459961,805600
2022-09-08,118.52999877929688,119.37999725341797,118.05000305175781,118.4800033569336,117.2965316772461,763600
2022-09-09,118.98999786376953,120.30000305175781,118.33000183105469,119.94000244140625,118.74195098876953,774000
2022-09-12,120.12000274658203,122.11000061035156,119.52999877929688,122.04000091552734,120.82096862792969,1322000
2022-09-13,120.87999725341797,121.27999877929688,117.27999877929688,117.70999908447266,116.53421783447266,805200
2022-09-14,117.91999816894531,119.83000183105469,117.87999725341797,118.70999908447266,117.52423095703125,862200
2022-09-15,117.97000122070312,118.11000061035156,115.26000213623047,115.30000305175781,114.1482925415039,841200
2022-09-16,115.13999938964844,116.4000015258789,115.0,115.41999816894531,114.26708984375,1706400
2022-09-19,115.16999816894531,115.91999816894531,114.0,115.87999725341797,114.72249603271484,1264200
2022-09-20,115.0,115.37000274658203,112.93000030517578,114.30000305175781,113.15828704833984,1231000
2022-09-21,115.29000091552734,116.02999877929688,113.16999816894531,113.19000244140625,112.05937194824219,1353100
2022-09-22,113.25,114.66999816894531,112.52999877929688,113.91999816894531,112.78207397460938,1437300
2022-09-23,112.5999984741211,113.0,110.05000305175781,111.58999633789062,110.47534942626953,894700
2022-09-26,111.4800033569336,111.56999969482422,107.41000366210938,108.80999755859375,107.7231216430664,1033300
2022-09-27,109.25,109.37999725341797,105.5199966430664,105.80000305175781,104.7431869506836,1276700
2022-09-28,107.12000274658203,108.5,105.69000244140625,107.83000183105469,106.75291442871094,1088300
2022-09-29,107.47000122070312,107.47000122070312,102.55999755859375,102.62999725341797,101.60485076904297,1006400
2022-09-30,103.6500015258789,103.79000091552734,100.4800033569336,100.62999725341797,99.62482452392578,1690800
2022-10-03,102.54000091552734,104.6500015258789,101.3499984741211,103.95999908447266,102.92156219482422,1829800
2022-10-04,104.36000061035156,106.6500015258789,104.0,106.1500015258789,105.08969116210938,1341900
2022-10-05,104.63999938964844,105.5999984741211,102.5999984741211,104.91000366210938,103.8620834350586,1343600
2022-10-06,104.47000122070312,104.47000122070312,102.22000122070312,102.70999908447266,101.68405151367188,1896700
2022-10-07,102.63999938964844,103.11000061035156,100.18000030517578,101.2300033569336,100.21884155273438,1511100
2022-10-10,101.66999816894531,103.27999877929688,101.48999786376953,102.2300033569336,101.20884704589844,1139300
2022-10-11,101.8499984741211,102.45999908447266,100.70999908447266,101.1500015258789,100.13963317871094,1598300
2022-10-12,100.3499984741211,100.72000122070312,96.5199966430664,96.58000183105469,95.61528778076172,1237000
2022-10-13,95.41000366210938,100.7699966430664,94.94000244140625,100.55999755859375,99.55552673339844,1278000
2022-10-14,101.31999969482422,101.95999908447266,98.86000061035156,100.01000213623047,99.01102447509766,1157700
2022-10-17,101.69000244140625,102.33999633789062,100.97000122070312,101.31999969482422,100.30793762207031,1037400
2022-10-18,103.22000122070312,104.22000122070312,102.55000305175781,103.44000244140625,102.4067611694336,1029000
2022-10-19,102.08000183105469,102.87999725341797,101.12000274658203,101.73999786376953,100.72373962402344,832600
2022-10-20,101.80000305175781,101.9800033569336,99.11000061035156,99.97000122070312,98.97142028808594,1109900
2022-10-21,100.30000305175781,102.93000030517578,99.37000274658203,102.29000091552734,101.26824951171875,903600
2022-10-24,103.27999877929688,104.0,101.61000061035156,102.33999633789062,101.31774139404297,1060500
2022-10-25,102.43000030517578,105.11000061035156,102.04000091552734,104.75,103.70367431640625,918800
2022-10-26,105.36000061035156,105.94000244140625,104.4000015258789,104.72000122070312,103.6739730834961,890700
2022-10-27,105.66000366210938,106.88999938964844,104.94999694824219,105.02999877929688,103.98087310791016,973500
2022-10-28,105.31999969482422,108.0,105.31999969482422,107.7300033569336,106.6539077758789,1145700
2022-10-31,107.76000213623047,108.02999877929688,106.4800033569336,107.13999938964844,106.0698013305664,1292300
2022-11-01,107.55000305175781,108.36000061035156,106.5199966430664,108.31999969482422,107.2380142211914,1154000
2022-11-02,108.16000366210938,111.16000366210938,105.58000183105469,108.76000213623047,107.67362213134766,1926100
2022-11-03,108.19000244140625,110.37000274658203,107.72000122070312,109.3499984741211,108.25772857666016,1149000
2022-11-04,110.02999877929688,110.8499984741211,108.91000366210938,110.72000122070312,109.61404418945312,1295100
2022-11-07,110.58999633789062,110.77999877929688,107.93000030517578,108.4800033569336,107.39642333984375,1616300
2022-11-08,109.11000061035156,109.86000061035156,107.37999725341797,108.05000305175781,106.97071838378906,1299700
2022-11-09,107.72000122070312,108.69999694824219,107.04000091552734,107.12000274658203,106.05000305175781,909800
2022-11-10,108.55000305175781,111.2699966430664,107.12999725341797,111.04000091552734,111.04000091552734,1030700
2022-11-11,111.1500015258789,111.33000183105469,109.11000061035156,110.62999725341797,110.62999725341797,1512900
2022-11-14,110.83999633789062,111.0199966430664,108.52999877929688,108.55999755859375,108.55999755859375,977200
2022-11-15,109.7300033569336,110.54000091552734,108.13999938964844,109.52999877929688,109.52999877929688,833700
2022-11-16,109.77999877929688,111.02999877929688,109.77999877929688,110.12999725341797,110.12999725341797,1267600
2022-11-17,108.93000030517578,109.44000244140625,107.9000015258789,108.83999633789062,108.83999633789062,1000300
2022-11-18,110.02999877929688,112.11000061035156,109.4800033569336,111.91999816894531,111.91999816894531,765300
2022-11-21,111.7300033569336,113.31999969482422,111.7300033569336,113.05000305175781,113.05000305175781,800700
2022-11-22,113.02999877929688,114.30999755859375,111.62000274658203,112.69000244140625,112.69000244140625,1484600
2022-11-23,112.5199966430664,113.01000213623047,111.77999877929688,112.95999908447266,112.95999908447266,1765000
2022-11-25,113.66000366210938,114.2699966430664,112.95999908447266,113.75,113.75,723600
2022-11-28,113.04000091552734,113.5199966430664,111.97000122070312,113.25,113.25,1713800
2022-11-29,112.7300033569336,112.94999694824219,111.80999755859375,112.80999755859375,112.80999755859375,1563800
2022-11-30,112.5999984741211,116.47000122070312,112.31999969482422,116.2699966430664,116.2699966430664,2489900
2022-12-01,118.0,118.33000183105469,116.2300033569336,116.30000305175781,116.30000305175781,1358300
2022-12-02,115.26000213623047,116.1500015258789,114.51000213623047,115.91000366210938,115.91000366210938,1448000
2022-12-05,114.88999938964844,116.19999694824219,114.44999694824219,115.4000015258789,115.4000015258789,740500
2022-12-06,115.38999938964844,117.1500015258789,115.25,117.08000183105469,117.08000183105469,841800
2022-12-07,116.86000061035156,117.30000305175781,115.72000122070312,116.0,116.0,779800
2022-12-08,116.19999694824219,117.66999816894531,115.72000122070312,117.0,117.0,933500
2022-12-09,116.55999755859375,117.55000305175781,116.55999755859375,116.87000274658203,116.87000274658203,786500
2022-12-12,117.76000213623047,118.55000305175781,115.7699966430664,118.4000015258789,118.4000015258789,1311400
2022-12-13,119.79000091552734,120.77999877929688,116.83999633789062,118.3499984741211,118.3499984741211,1578400
2022-12-14,118.6500015258789,120.2300033569336,118.11000061035156,118.44000244140625,118.44000244140625,1565400
2022-12-15,117.9000015258789,118.43000030517578,116.36000061035156,116.79000091552734,116.79000091552734,1412900
2022-12-16,115.27999877929688,115.62999725341797,113.08000183105469,114.44999694824219,114.44999694824219,3267200
2022-12-19,114.44000244140625,114.75,112.62000274658203,113.13999938964844,113.13999938964844,1487900
2022-12-20,113.11000061035156,113.5999984741211,112.16999816894531,112.79000091552734,112.79000091552734,1363900
2022-12-21,113.43000030517578,114.16000366210938,113.02999877929688,114.0999984741211,114.0999984741211,1346700
2022-12-22,113.55999755859375,113.55999755859375,110.81999969482422,112.69999694824219,112.69999694824219,1165200
2022-12-23,112.55000305175781,113.62999725341797,112.33999633789062,113.43000030517578,113.43000030517578,1166400
2022-12-27,113.63999938964844,115.05999755859375,113.19000244140625,114.70999908447266,114.70999908447266,968500
2022-12-28,115.16000366210938,115.19999694824219,112.93000030517578,112.97000122070312,112.97000122070312,1011700
2022-12-29,113.5999984741211,115.05999755859375,112.5,114.08999633789062,114.08999633789062,834100
2022-12-30,114.13999938964844,114.29000091552734,111.48999786376953,112.5,112.5,906400
2023-01-03,111.41000366210938,111.69999694824219,106.33000183105469,109.12999725341797,109.12999725341797,2840900
2023-01-04,109.37000274658203,110.9000015258789,108.56999969482422,109.20999908447266,109.20999908447266,1586500
2023-01-05,108.37000274658203,109.01000213623047,103.16999816894531,103.66000366210938,103.66000366210938,2129900
2023-01-06,104.86000061035156,108.98999786376953,104.86000061035156,107.68000030517578,107.68000030517578,1780800
2023-01-09,107.51000213623047,108.80000305175781,106.94000244140625,108.45999908447266,108.45999908447266,1861100
2023-01-10,108.30999755859375,108.45999908447266,106.55999755859375,107.7300033569336,107.7300033569336,1333000
2023-01-11,107.7300033569336,108.9000015258789,107.66000366210938,108.79000091552734,108.79000091552734,1821400
2023-01-12,108.86000061035156,109.19000244140625,106.69000244140625,106.83999633789062,106.83999633789062,1484100
2023-01-13,106.19999694824219,106.94000244140625,105.80999755859375,106.55999755859375,106.55999755859375,1637200
