Date,Open,High,Low,Close,Adj Close,Volume
2022-01-18,50.47999954223633,50.63999938964844,49.310001373291016,49.619998931884766,47.88933563232422,6226900
2022-01-19,49.810001373291016,49.83000183105469,47.79999923706055,47.970001220703125,46.29688262939453,8122200
2022-01-20,48.189998626708984,48.79999923706055,46.529998779296875,46.619998931884766,44.99396896362305,6461300
2022-01-21,46.20000076293945,46.5099983215332,44.880001068115234,45.040000915527344,43.469078063964844,8255900
2022-01-24,44.279998779296875,45.630001068115234,43.369998931884766,45.47999954223633,43.893733978271484,7575500
2022-01-25,45.099998474121094,45.470001220703125,43.849998474121094,44.91999816894531,43.3532600402832,7688500
2022-01-26,45.41999816894531,45.86000061035156,43.900001525878906,44.79999923706055,43.23744201660156,9085900
2022-01-27,45.43000030517578,45.86000061035156,43.810001373291016,44.22999954223633,42.687320709228516,6219300
2022-01-28,44.18000030517578,44.5,43.22999954223633,44.470001220703125,42.91896057128906,6438900
2022-01-31,44.22999954223633,44.83000183105469,43.38999938964844,44.630001068115234,43.07337951660156,8487000
2022-02-01,44.54999923706055,46.029998779296875,44.36000061035156,45.939998626708984,44.33768081665039,7512400
2022-02-02,45.79999923706055,46.810001373291016,45.63999938964844,46.66999816894531,45.04221725463867,5988500
2022-02-03,46.81999969482422,47.439998626708984,46.09000015258789,46.18000030517578,44.56931686401367,5592200
2022-02-04,46.439998626708984,47.58000183105469,46.38999938964844,47.34000015258789,45.68885803222656,6470300
2022-02-07,47.43000030517578,48.5099983215332,47.130001068115234,48.31999969482422,46.634674072265625,6679100
2022-02-08,48.81999969482422,49.619998931884766,48.70000076293945,49.5,47.77351379394531,6839200
2022-02-09,49.369998931884766,49.7400016784668,49.09000015258789,49.189998626708984,47.47433090209961,3807300
2022-02-10,49.31999969482422,50.130001068115234,48.90999984741211,49.119998931884766,47.40677261352539,5784200
2022-02-11,48.52000045776367,49.81999969482422,48.20000076293945,48.540000915527344,46.84700012207031,5815300
2022-02-14,48.810001373291016,49.09000015258789,47.7400016784668,48.22999954223633,46.547813415527344,6695700
2022-02-15,48.720001220703125,49.47999954223633,48.70000076293945,49.380001068115234,47.65769958496094,3765100
2022-02-16,48.970001220703125,49.970001220703125,48.72999954223633,49.5099983215332,47.78316879272461,3690300
2022-02-17,49.029998779296875,49.150001525878906,47.97999954223633,48.189998626708984,46.50920486450195,4378400
2022-02-18,48.099998474121094,48.68000030517578,47.88999938964844,48.22999954223633,46.547813415527344,6053200
2022-02-22,47.95000076293945,48.75,47.7400016784668,48.33000183105469,46.64433288574219,6662100
2022-02-23,48.61000061035156,48.81999969482422,46.95000076293945,47.16999816894531,45.5247802734375,8189700
2022-02-24,45.25,45.95000076293945,44.08000183105469,45.7599983215332,44.16395950317383,9082900
2022-02-25,46.27000045776367,48.18000030517578,46.040000915527344,48.09000015258789,46.412696838378906,7910900
2022-02-28,47.56999969482422,48.04999923706055,46.90999984741211,47.84000015258789,46.171417236328125,7889200
2022-03-01,47.29999923706055,47.529998779296875,44.15999984741211,44.459999084472656,42.9093017578125,7883800
2022-03-02,45.290000915527344,46.38999938964844,44.970001220703125,46.06999969482422,44.46315383911133,8510700
2022-03-03,46.18000030517578,46.560001373291016,45.65999984741211,46.29999923706055,44.68513107299805,4820400
2022-03-04,45.220001220703125,45.290000915527344,43.88999938964844,44.54999923706055,42.99616241455078,6965000
2022-03-07,44.25,44.4900016784668,41.959999084472656,41.97999954223633,40.515804290771484,8053700
2022-03-08,42.2599983215332,43.38999938964844,41.54999923706055,41.959999084472656,40.496498107910156,10090600
2022-03-09,43.459999084472656,45.40999984741211,43.27000045776367,44.7400016784668,43.17953872680664,8115800
2022-03-10,44.209999084472656,45.130001068115234,43.84000015258789,44.47999954223633,42.92860412597656,5723800
2022-03-11,44.869998931884766,45.66999816894531,43.959999084472656,44.0,42.46535110473633,6013300
2022-03-14,44.959999084472656,46.58000183105469,44.75,45.849998474121094,44.25082015991211,6822100
2022-03-15,46.02000045776367,46.439998626708984,45.060001373291016,45.790000915527344,44.19291687011719,7080400
2022-03-16,46.40999984741211,47.689998626708984,46.33000183105469,47.5,45.84327697753906,7007600
2022-03-17,46.720001220703125,46.869998931884766,45.75,46.75,45.11943817138672,8777800
2022-03-18,46.709999084472656,46.900001525878906,45.290000915527344,46.689998626708984,45.0615234375,12154000
2022-03-21,46.97999954223633,47.41999816894531,46.06999969482422,46.470001220703125,44.84919738769531,4767700
2022-03-22,47.0,48.029998779296875,46.880001068115234,47.40999984741211,45.75641632080078,5956700
2022-03-23,46.900001525878906,47.11000061035156,45.47999954223633,45.68000030517578,44.086753845214844,5929500
2022-03-24,46.060001373291016,46.220001220703125,45.45000076293945,45.849998474121094,44.25082015991211,5306100
2022-03-25,46.029998779296875,46.88999938964844,45.84000015258789,46.7599983215332,45.12907791137695,5510100
2022-03-28,46.29999923706055,46.349998474121094,44.86000061035156,45.79999923706055,44.202571868896484,6335600
2022-03-29,46.79999923706055,47.02000045776367,45.72999954223633,46.13999938964844,44.53071212768555,5829000
2022-03-30,45.90999984741211,45.959999084472656,44.0,44.279998779296875,43.01526641845703,5780300
2022-03-31,44.15999984741211,44.75,42.9900016784668,43.040000915527344,41.81068420410156,7651900
2022-04-01,43.689998626708984,43.81999969482422,41.56999969482422,41.79999923706055,40.60609817504883,8393700
2022-04-04,41.5099983215332,41.900001525878906,40.59000015258789,41.66999816894531,40.47981643676758,6372600
2022-04-05,41.38999938964844,41.93000030517578,41.130001068115234,41.22999954223633,40.05238342285156,4755000
2022-04-06,41.060001373291016,41.34000015258789,40.65999984741211,40.97999954223633,39.80952072143555,7166500
2022-04-07,40.83000183105469,41.04999923706055,39.65999984741211,40.439998626708984,39.28494644165039,6715800
2022-04-08,40.58000183105469,40.880001068115234,40.22999954223633,40.54999923706055,39.39180374145508,4278500
2022-04-11,40.59000015258789,41.47999954223633,40.189998626708984,40.4900016784668,39.333518981933594,3801800
2022-04-12,40.54999923706055,41.130001068115234,39.40999984741211,39.630001068115234,38.49808120727539,5726000
2022-04-13,39.31999969482422,39.7599983215332,39.04999923706055,39.5099983215332,38.381507873535156,5103800
2022-04-14,39.540000915527344,39.84000015258789,38.880001068115234,39.0099983215332,37.89578628540039,5266700
2022-04-18,38.970001220703125,39.38999938964844,38.709999084472656,39.06999969482422,37.95407485961914,8621700
2022-04-19,39.08000183105469,41.290000915527344,39.08000183105469,40.790000915527344,39.62494659423828,9287400
2022-04-20,40.90999984741211,41.869998931884766,40.599998474121094,40.66999816894531,39.50837707519531,8147400
2022-04-21,41.20000076293945,41.380001068115234,39.36000061035156,39.630001068115234,38.49808120727539,6927300
2022-04-22,39.65999984741211,39.65999984741211,38.369998931884766,38.43000030517578,37.33235549926758,8275900
2022-04-25,38.25,38.880001068115234,37.560001373291016,38.79999923706055,37.69179153442383,8095700
2022-04-26,38.2599983215332,38.86000061035156,37.7400016784668,37.75,36.67177963256836,5977500
2022-04-27,37.75,38.5,37.68000030517578,38.189998626708984,37.09920883178711,7068400
2022-04-28,38.86000061035156,39.02000045776367,38.099998474121094,38.959999084472656,37.84721755981445,6919500
2022-04-29,38.95000076293945,39.25,37.439998626708984,37.529998779296875,36.45806121826172,5642500
2022-05-02,37.81999969482422,38.029998779296875,36.970001220703125,37.7400016784668,36.66206359863281,7723300
2022-05-03,37.95000076293945,38.52000045776367,37.7400016784668,38.310001373291016,37.215782165527344,5813500
2022-05-04,38.25,39.56999969482422,37.93000030517578,39.4900016784668,38.36207962036133,7213500
2022-05-05,39.040000915527344,39.11000061035156,37.2400016784668,37.97999954223633,36.89521026611328,6292900
2022-05-06,37.90999984741211,38.0099983215332,36.779998779296875,37.5099983215332,36.438629150390625,6481300
2022-05-09,37.11000061035156,37.2400016784668,36.31999969482422,36.79999923706055,35.74890899658203,6376600
2022-05-10,37.130001068115234,37.400001525878906,35.61000061035156,36.58000183105469,35.53519821166992,6269500
2022-05-11,36.400001525878906,37.540000915527344,35.779998779296875,35.86000061035156,34.83576202392578,7171100
2022-05-12,35.61000061035156,35.970001220703125,34.959999084472656,35.779998779296875,34.75804138183594,6472600
2022-05-13,36.09000015258789,36.400001525878906,35.599998474121094,35.970001220703125,34.94261932373047,5414800
2022-05-16,35.93000030517578,36.18000030517578,35.34000015258789,35.689998626708984,34.67061233520508,5365900
2022-05-17,36.58000183105469,37.2599983215332,36.5099983215332,37.18000030517578,36.11806106567383,4715300
2022-05-18,36.84000015258789,36.97999954223633,35.77000045776367,36.04999923706055,35.02033233642578,5689600
2022-05-19,35.66999816894531,36.22999954223633,35.33000183105469,35.650001525878906,34.63175964355469,5594000
2022-05-20,35.970001220703125,36.220001220703125,34.75,35.63999938964844,34.62204360961914,4521300
2022-05-23,36.54999923706055,37.18000030517578,36.099998474121094,36.810001373291016,35.758628845214844,4424600
2022-05-24,36.790000915527344,36.869998931884766,35.81999969482422,36.61000061035156,35.5643424987793,4677200
2022-05-25,36.56999969482422,37.66999816894531,36.439998626708984,37.439998626708984,36.37063217163086,4552600
2022-05-26,37.77000045776367,38.810001373291016,37.65999984741211,38.61000061035156,37.50721740722656,5313300
2022-05-27,38.619998931884766,39.209999084472656,38.470001220703125,39.11000061035156,37.99293518066406,3118700
2022-05-31,38.59000015258789,39.68000030517578,38.439998626708984,39.43000030517578,38.303794860839844,5320700
2022-06-01,39.630001068115234,39.630001068115234,38.119998931884766,38.7400016784668,37.63349914550781,3594800
2022-06-02,38.959999084472656,39.34000015258789,38.41999816894531,39.31999969482422,38.19693374633789,2771500
2022-06-03,38.9900016784668,39.33000183105469,38.84000015258789,38.91999816894531,37.80835723876953,3746800
2022-06-06,39.38999938964844,40.06999969482422,39.029998779296875,39.45000076293945,38.32322311401367,3475300
2022-06-07,39.13999938964844,39.599998474121094,38.810001373291016,39.560001373291016,38.43008041381836,3927500
2022-06-08,39.18000030517578,39.2400016784668,38.650001525878906,38.880001068115234,37.76950454711914,2829500
2022-06-09,38.88999938964844,38.939998626708984,37.540000915527344,37.560001373291016,36.487205505371094,3314300
2022-06-10,36.34000015258789,36.880001068115234,35.58000183105469,35.68000030517578,34.66090393066406,4238400
2022-06-13,34.72999954223633,35.02000045776367,34.189998626708984,34.439998626708984,33.45631790161133,6436400
2022-06-14,34.7400016784668,35.29999923706055,34.13999938964844,34.58000183105469,33.592323303222656,5553700
2022-06-15,34.90999984741211,35.400001525878906,34.11000061035156,34.72999954223633,33.738033294677734,6986700
2022-06-16,33.959999084472656,34.060001373291016,33.0,33.25,32.3003044128418,6182600
2022-06-17,33.630001068115234,34.40999984741211,33.45000076293945,34.0,33.02888488769531,9221700
2022-06-21,34.880001068115234,35.040000915527344,34.15999984741211,34.369998931884766,33.3883171081543,4126900
2022-06-22,34.119998931884766,34.66999816894531,33.779998779296875,34.459999084472656,33.475746154785156,4922400
2022-06-23,34.29999923706055,34.43000030517578,33.02000045776367,33.5099983215332,32.552879333496094,4241300
2022-06-24,33.619998931884766,35.29999923706055,33.61000061035156,35.220001220703125,34.21404266357422,5409300
2022-06-27,35.45000076293945,35.47999954223633,34.65999984741211,34.869998931884766,33.8740348815918,5084800
2022-06-28,35.5,35.9900016784668,34.810001373291016,34.84000015258789,33.84489440917969,3515700
2022-06-29,34.68000030517578,34.7599983215332,34.040000915527344,34.209999084472656,33.52153396606445,3219200
2022-06-30,33.52000045776367,34.0099983215332,32.54999923706055,33.599998474121094,32.92380905151367,5312900
2022-07-01,33.5,34.02000045776367,32.81999969482422,33.84000015258789,33.15898132324219,4771300
2022-07-05,33.16999816894531,33.720001220703125,32.4900016784668,33.70000076293945,33.02179718017578,5053600
2022-07-06,33.40999984741211,33.869998931884766,32.91999816894531,33.279998779296875,32.61024856567383,3821800
2022-07-07,33.68000030517578,34.130001068115234,33.540000915527344,33.91999816894531,33.237369537353516,3189100
2022-07-08,34.25,34.279998779296875,33.619998931884766,33.86000061035156,33.1785774230957,3606000
2022-07-11,33.560001373291016,33.84000015258789,33.13999938964844,33.540000915527344,32.86501693725586,3249500
2022-07-12,33.33000183105469,34.310001373291016,33.18000030517578,33.529998779296875,32.855220794677734,3232500
2022-07-13,33.209999084472656,33.31999969482422,32.47999954223633,33.040000915527344,32.37508010864258,5211900
2022-07-14,32.310001373291016,32.369998931884766,31.799999237060547,32.209999084472656,31.561784744262695,5845000
2022-07-15,32.779998779296875,33.90999984741211,32.529998779296875,33.7400016784668,33.060997009277344,5960900
2022-07-18,34.15999984741211,34.75,33.59000015258789,33.77000045776367,33.090389251708984,4925700
2022-07-19,34.33000183105469,34.959999084472656,34.29999923706055,34.66999816894531,33.97227478027344,9633500
2022-07-20,34.5,34.970001220703125,34.150001525878906,34.689998626708984,33.99187469482422,9594700
2022-07-21,34.119998931884766,34.79999923706055,33.68000030517578,34.25,33.56072998046875,6766200
2022-07-22,34.34000015258789,34.54999923706055,33.34000015258789,33.630001068115234,32.95320510864258,5103500
2022-07-25,33.77000045776367,34.43000030517578,33.7599983215332,34.209999084472656,33.52153396606445,5155100
2022-07-26,33.79999923706055,34.119998931884766,33.099998474121094,33.150001525878906,32.482872009277344,3934400
2022-07-27,33.349998474121094,33.95000076293945,33.11000061035156,33.7400016784668,33.060997009277344,4459400
2022-07-28,33.709999084472656,33.88999938964844,32.93000030517578,33.43000030517578,32.757232666015625,4132800
2022-07-29,33.4900016784668,34.2400016784668,33.4900016784668,34.119998931884766,33.433345794677734,3934100
2022-08-01,33.86000061035156,34.2400016784668,33.40999984741211,34.130001068115234,33.443145751953125,3348100
2022-08-02,33.91999816894531,34.15999984741211,33.47999954223633,33.689998626708984,33.01199722290039,3603000
2022-08-03,34.029998779296875,34.529998779296875,33.81999969482422,34.310001373291016,33.61952590942383,3323900
2022-08-04,34.27000045776367,34.380001068115234,33.77000045776367,33.790000915527344,33.1099853515625,2591100
2022-08-05,33.790000915527344,34.849998474121094,33.68000030517578,34.66999816894531,33.97227478027344,3256000
2022-08-08,34.79999923706055,35.0,34.13999938964844,34.4900016784668,33.795902252197266,3738800
2022-08-09,34.599998474121094,34.7400016784668,34.2599983215332,34.720001220703125,34.02127456665039,3078900
2022-08-10,35.279998779296875,36.43000030517578,35.22999954223633,36.15999984741211,35.432289123535156,7120500
2022-08-11,36.459999084472656,37.189998626708984,36.459999084472656,37.08000183105469,36.333778381347656,4745200
2022-08-12,37.5,37.5,36.939998626708984,37.4900016784668,36.73552703857422,3421100
2022-08-15,37.060001373291016,37.41999816894531,36.849998474121094,37.22999954223633,36.48075866699219,3066900
2022-08-16,37.18000030517578,37.86000061035156,37.060001373291016,37.619998931884766,36.86290740966797,3431100
2022-08-17,37.38999938964844,37.459999084472656,36.810001373291016,37.22999954223633,36.48075866699219,2439300
2022-08-18,37.27000045776367,37.369998931884766,37.0099983215332,37.310001373291016,36.55915069580078,2342800
2022-08-19,36.779998779296875,36.97999954223633,36.16999816894531,36.540000915527344,35.80464553833008,3580300
2022-08-22,35.83000183105469,35.869998931884766,35.25,35.5,34.78557205200195,2880800
2022-08-23,35.72999954223633,35.97999954223633,35.560001373291016,35.619998931884766,34.90315628051758,2663800
2022-08-24,35.529998779296875,35.75,35.20000076293945,35.619998931884766,34.90315628051758,2138000
2022-08-25,35.65999984741211,36.279998779296875,35.540000915527344,36.2400016784668,35.510684967041016,2081300
2022-08-26,36.439998626708984,36.5099983215332,34.95000076293945,34.95000076293945,34.246646881103516,2578900
2022-08-29,34.709999084472656,35.02000045776367,34.2400016784668,34.43000030517578,33.73710632324219,3234600
2022-08-30,34.56999969482422,34.7400016784668,33.9900016784668,34.369998931884766,33.678314208984375,3297300
2022-08-31,34.43000030517578,34.59000015258789,34.02000045776367,34.150001525878906,33.462745666503906,4954600
2022-09-01,34.099998474121094,34.13999938964844,33.31999969482422,33.84000015258789,33.15898132324219,3911200
2022-09-02,34.27000045776367,34.650001525878906,33.4900016784668,33.66999816894531,32.992401123046875,4021200
2022-09-06,33.880001068115234,33.939998626708984,32.849998474121094,33.27000045776367,32.6004524230957,3162700
2022-09-07,33.16999816894531,34.20000076293945,32.959999084472656,34.040000915527344,33.35495376586914,2663500
2022-09-08,33.77000045776367,35.33000183105469,33.59000015258789,35.31999969482422,34.609195709228516,3540800
2022-09-09,35.599998474121094,35.95000076293945,35.470001220703125,35.7400016784668,35.02074432373047,4265100
2022-09-12,36.0,36.599998474121094,35.84000015258789,36.52000045776367,35.78504943847656,3725400
2022-09-13,35.61000061035156,36.060001373291016,34.810001373291016,34.97999954223633,34.276039123535156,4095500
2022-09-14,34.97999954223633,35.380001068115234,34.34000015258789,34.97999954223633,34.276039123535156,5347900
2022-09-15,35.040000915527344,36.34000015258789,35.029998779296875,35.779998779296875,35.0599365234375,3548700
2022-09-16,35.5099983215332,35.5099983215332,34.65999984741211,35.029998779296875,34.32503128051758,8215000
2022-09-19,34.5099983215332,35.56999969482422,34.5099983215332,35.439998626708984,34.72677993774414,3564400
2022-09-20,35.119998931884766,35.310001373291016,34.7599983215332,35.13999938964844,34.43281936645508,3833600
2022-09-21,35.310001373291016,35.720001220703125,34.25,34.2599983215332,33.570526123046875,4903800
2022-09-22,34.349998474121094,34.4900016784668,33.0099983215332,33.209999084472656,32.54166030883789,4041800
2022-09-23,32.790000915527344,32.939998626708984,32.15999984741211,32.79999923706055,32.13991165161133,4188500
2022-09-26,32.369998931884766,32.95000076293945,31.959999084472656,32.09000015258789,31.444198608398438,5717300
2022-09-27,32.29999923706055,32.59000015258789,31.260000228881836,31.56999969482422,30.934663772583008,5274000
2022-09-28,31.75,32.720001220703125,31.549999237060547,32.540000915527344,31.885143280029297,4095600
2022-09-29,31.739999771118164,32.290000915527344,31.18000030517578,32.04999923706055,31.726757049560547,5304400
2022-09-30,32.0,32.81999969482422,31.84000015258789,31.959999084472656,31.637664794921875,6166600
2022-10-03,32.5,33.130001068115234,31.790000915527344,32.83000183105469,32.49889373779297,4744900
2022-10-04,33.29999923706055,34.310001373291016,33.279998779296875,34.29999923706055,33.954063415527344,4368300
2022-10-05,33.599998474121094,34.2400016784668,33.47999954223633,34.099998474121094,33.756080627441406,2853500
2022-10-06,33.79999923706055,34.15999984741211,33.33000183105469,33.529998779296875,33.191829681396484,6097900
2022-10-07,33.209999084472656,33.27000045776367,32.349998474121094,33.099998474121094,32.76616668701172,3891100
2022-10-10,33.369998931884766,33.720001220703125,32.75,32.97999954223633,32.647377014160156,3537900
2022-10-11,32.790000915527344,32.880001068115234,32.18000030517578,32.41999816894531,32.09302520751953,3732300
2022-10-12,32.33000183105469,32.720001220703125,32.040000915527344,32.220001220703125,31.895044326782227,3804800
2022-10-13,31.790000915527344,34.650001525878906,31.3799991607666,34.349998474121094,34.00355911254883,7989000
2022-10-14,34.709999084472656,35.439998626708984,33.84000015258789,33.959999084472656,33.61749267578125,5503700
2022-10-17,34.779998779296875,35.2400016784668,34.439998626708984,34.72999954223633,34.37972640991211,5595300
2022-10-18,35.5099983215332,36.029998779296875,34.4900016784668,34.86000061035156,34.508419036865234,5393000
2022-10-19,34.59000015258789,34.900001525878906,32.91999816894531,33.2599983215332,32.92455291748047,10514800
2022-10-20,32.880001068115234,33.0099983215332,30.979999542236328,31.149999618530273,30.835834503173828,9696700
2022-10-21,31.1299991607666,33.029998779296875,30.920000076293945,33.02000045776367,32.686973571777344,8258000
2022-10-24,33.22999954223633,34.529998779296875,33.040000915527344,34.369998931884766,34.02335739135742,4774700
2022-10-25,34.22999954223633,35.41999816894531,34.06999969482422,35.349998474121094,34.993473052978516,4477500
2022-10-26,35.36000061035156,35.7599983215332,35.099998474121094,35.5099983215332,35.151859283447266,3485800
2022-10-27,35.97999954223633,36.16999816894531,35.27000045776367,35.349998474121094,34.993473052978516,3984900
2022-10-28,35.689998626708984,36.0099983215332,35.349998474121094,35.97999954223633,35.61711883544922,2990900
2022-10-31,35.810001373291016,36.0099983215332,35.599998474121094,35.689998626708984,35.33004379272461,3583500
2022-11-01,35.93000030517578,36.119998931884766,35.650001525878906,35.79999923706055,35.438934326171875,2581300
2022-11-02,35.7400016784668,36.099998474121094,34.65999984741211,34.709999084472656,34.359928131103516,4689600
2022-11-03,34.29999923706055,34.34000015258789,33.45000076293945,33.939998626708984,33.597694396972656,4584500
2022-11-04,34.40999984741211,35.220001220703125,34.27000045776367,35.130001068115234,34.77569580078125,5836700
2022-11-07,35.29999923706055,35.5099983215332,34.72999954223633,35.040000915527344,34.68660354614258,3281700
2022-11-08,34.9900016784668,35.34000015258789,34.72999954223633,35.11000061035156,34.755897521972656,4372000
2022-11-09,34.599998474121094,34.900001525878906,34.25,34.47999954223633,34.13224792480469,3824000
2022-11-10,35.63999938964844,36.43000030517578,35.63999938964844,36.290000915527344,35.92399597167969,7301800
2022-11-11,36.380001068115234,37.20000076293945,36.380001068115234,36.849998474121094,36.47834396362305,7378200
2022-11-14,36.7599983215332,36.97999954223633,36.040000915527344,36.04999923706055,35.6864128112793,5523300
2022-11-15,36.810001373291016,37.13999938964844,35.95000076293945,36.45000076293945,36.08238220214844,5360700
2022-11-16,36.45000076293945,36.56999969482422,35.61000061035156,35.790000915527344,35.429039001464844,3825700
2022-11-17,35.220001220703125,35.36000061035156,34.84000015258789,35.33000183105469,34.97367858886719,3456200
2022-11-18,35.9900016784668,36.08000183105469,35.119998931884766,35.630001068115234,35.270652770996094,3217900
2022-11-21,35.540000915527344,35.91999816894531,35.5099983215332,35.810001373291016,35.44883728027344,2095700
2022-11-22,36.06999969482422,36.36000061035156,35.97999954223633,36.33000183105469,35.963592529296875,3016900
2022-11-23,36.099998474121094,36.40999984741211,35.9900016784668,36.33000183105469,35.963592529296875,2837600
2022-11-25,36.540000915527344,36.66999816894531,36.380001068115234,36.47999954223633,36.11207580566406,1016400
2022-11-28,36.150001525878906,36.22999954223633,35.5099983215332,35.59000015258789,35.23105239868164,3193300
2022-11-29,35.68000030517578,36.130001068115234,35.470001220703125,36.0,35.63691711425781,2764700
2022-11-30,35.77000045776367,36.45000076293945,34.880001068115234,36.36000061035156,35.993289947509766,5602200
2022-12-01,36.36000061035156,36.52000045776367,35.22999954223633,35.77000045776367,35.40924072265625,4550900
2022-12-02,35.209999084472656,35.560001373291016,35.08000183105469,35.25,34.89448165893555,4718600
2022-12-05,35.029998779296875,35.029998779296875,32.7400016784668,32.95000076293945,32.617679595947266,5829500
2022-12-06,32.88999938964844,33.119998931884766,32.13999938964844,32.2400016784668,31.91484260559082,6216400
2022-12-07,32.380001068115234,33.36000061035156,32.150001525878906,32.970001220703125,32.63747787475586,6659000
2022-12-08,33.119998931884766,33.22999954223633,32.560001373291016,32.81999969482422,32.488990783691406,4510800
2022-12-09,33.029998779296875,33.13999938964844,32.619998931884766,32.88999938964844,32.558284759521484,4616800
2022-12-12,32.880001068115234,33.38999938964844,32.439998626708984,33.27000045776367,32.934452056884766,6366900
2022-12-13,33.959999084472656,34.16999816894531,32.790000915527344,32.939998626708984,32.60778045654297,8321500
2022-12-14,33.029998779296875,33.15999984741211,32.0099983215332,32.290000915527344,31.964338302612305,5738600
2022-12-15,31.790000915527344,32.16999816894531,31.420000076293945,31.93000030517578,31.607967376708984,6405200
2022-12-16,31.559999465942383,32.0,31.270000457763672,31.600000381469727,31.281295776367188,7307700
2022-12-19,31.600000381469727,32.08000183105469,31.280000686645508,31.649999618530273,31.330791473388672,4009900
2022-12-20,31.709999084472656,31.969999313354492,31.59000015258789,31.690000534057617,31.37038803100586,3743700
2022-12-21,32.04999923706055,32.29999923706055,31.940000534057617,31.989999771118164,31.667362213134766,3454100
2022-12-22,31.65999984741211,32.13999938964844,31.350000381469727,32.130001068115234,31.805952072143555,3871500
2022-12-23,32.33000183105469,32.5099983215332,32.099998474121094,32.40999984741211,32.083126068115234,3294400
2022-12-27,32.459999084472656,32.81999969482422,32.2400016784668,32.79999923706055,32.46919250488281,3656800
2022-12-28,32.939998626708984,33.02000045776367,32.529998779296875,32.720001220703125,32.38999938964844,4185600
2022-12-29,32.66999816894531,32.91999816894531,32.400001525878906,32.810001373291016,32.810001373291016,3012300
2022-12-30,32.65999984741211,32.9900016784668,32.529998779296875,32.810001373291016,32.810001373291016,4620700
2023-01-03,33.189998626708984,33.40999984741211,32.5,32.63999938964844,32.63999938964844,5347800
2023-01-04,33.040000915527344,33.599998474121094,32.91999816894531,33.459999084472656,33.459999084472656,5727800
2023-01-05,33.34000015258789,33.43000030517578,32.83000183105469,33.130001068115234,33.130001068115234,5021300
2023-01-06,33.439998626708984,34.59000015258789,33.22999954223633,34.470001220703125,34.470001220703125,7190500
2023-01-09,34.630001068115234,34.720001220703125,34.150001525878906,34.220001220703125,34.220001220703125,3607400
2023-01-10,34.279998779296875,34.459999084472656,33.88999938964844,34.459999084472656,34.459999084472656,2802900
2023-01-11,34.7400016784668,34.7400016784668,34.29999923706055,34.31999969482422,34.31999969482422,5001400
2023-01-12,34.459999084472656,35.09000015258789,34.33000183105469,34.900001525878906,34.900001525878906,4210200
2023-01-13,34.33000183105469,34.720001220703125,33.599998474121094,34.63999938964844,34.63999938964844,4618800
