Date,Open,High,Low,Close,Adj Close,Volume
2022-01-18,212.1300048828125,212.5,208.97000122070312,211.16000366210938,207.68704223632812,1104800
2022-01-19,211.1300048828125,213.44000244140625,210.36000061035156,210.36000061035156,206.9001922607422,826800
2022-01-20,210.47000122070312,212.9600067138672,208.47999572753906,208.97999572753906,205.54290771484375,933100
2022-01-21,209.25999450683594,210.89999389648438,206.32000732421875,206.5399932861328,203.14300537109375,1237200
2022-01-24,204.44000244140625,207.55999755859375,200.64999389648438,207.0800018310547,203.6741485595703,1464200
2022-01-25,205.0,206.83999633789062,200.94000244140625,205.9600067138672,202.5725860595703,1765900
2022-01-26,204.1699981689453,210.14999389648438,200.7899932861328,204.9199981689453,201.54966735839844,1988400
2022-01-27,205.0800018310547,211.6300048828125,205.0800018310547,208.8000030517578,205.36587524414062,2402800
2022-01-28,209.83999633789062,213.0,206.24000549316406,212.82000732421875,209.3197479248047,1500400
2022-01-31,210.4600067138672,212.6199951171875,208.3800048828125,212.10000610351562,208.61158752441406,1566400
2022-02-01,212.19000244140625,213.61000061035156,209.75,212.8699951171875,209.368896484375,1371700
2022-02-02,212.3000030517578,214.4499969482422,210.60000610351562,214.0800018310547,210.5590362548828,1888600
2022-02-03,207.83999633789062,213.25,207.83999633789062,212.1699981689453,208.680419921875,1380700
2022-02-04,213.50999450683594,216.2100067138672,210.77999877929688,212.2899932861328,208.79844665527344,1462300
2022-02-07,213.27999877929688,213.92999267578125,211.58999633789062,212.1199951171875,208.63125610351562,1045400
2022-02-08,213.36000061035156,215.07000732421875,211.8800048828125,214.4600067138672,210.93276977539062,1064500
2022-02-09,215.72000122070312,216.1699981689453,214.5,215.44000244140625,211.8966522216797,1037700
2022-02-10,213.75,215.7899932861328,210.30999755859375,211.52000427246094,208.04112243652344,1102200
2022-02-11,211.63999938964844,214.94000244140625,210.86000061035156,213.75999450683594,210.24427795410156,1206200
2022-02-14,213.75,214.63999938964844,210.02999877929688,211.1699981689453,207.69688415527344,1227500
2022-02-15,211.97999572753906,214.1699981689453,211.0,212.77000427246094,209.2705841064453,690100
2022-02-16,212.67999267578125,215.32000732421875,212.52000427246094,214.41000366210938,210.8835906982422,814100
2022-02-17,213.72999572753906,215.5500030517578,212.24000549316406,214.39999389648438,210.87374877929688,1014300
2022-02-18,213.8300018310547,218.60000610351562,213.8300018310547,215.82000732421875,212.27040100097656,1609000
2022-02-22,220.0,220.10000610351562,215.1300048828125,216.82000732421875,213.25396728515625,2170000
2022-02-23,218.05999755859375,218.8800048828125,215.80999755859375,216.27000427246094,212.7130126953125,1744300
2022-02-24,216.7899932861328,218.94000244140625,211.41000366210938,218.52999877929688,214.9358367919922,2062700
2022-02-25,218.55999755859375,228.1999969482422,218.55999755859375,227.97999572753906,224.23040771484375,1979400
2022-02-28,229.58999633789062,234.99000549316406,229.13999938964844,234.4499969482422,230.59397888183594,3284600
2022-03-01,235.0,237.02999877929688,232.10000610351562,233.32000732421875,229.4825897216797,2082500
2022-03-02,235.0,236.63999938964844,229.16000366210938,235.75,231.87261962890625,2780300
2022-03-03,236.77999877929688,239.75999450683594,236.1699981689453,238.1300048828125,234.21348571777344,1875300
2022-03-04,236.10000610351562,245.55999755859375,235.05999755859375,245.2899932861328,241.2556915283203,3300500
2022-03-07,245.50999450683594,254.99000549316406,245.47999572753906,247.2899932861328,243.22280883789062,4791800
2022-03-08,247.3800048828125,247.86000061035156,235.25,235.30999755859375,231.43984985351562,2769800
2022-03-09,234.97999572753906,238.4199981689453,231.6199951171875,236.80999755859375,232.91517639160156,2425400
2022-03-10,235.99000549316406,238.80999755859375,234.33999633789062,235.52000427246094,231.64639282226562,1576800
2022-03-11,235.8000030517578,238.9499969482422,232.3800048828125,232.47999572753906,228.65638732910156,1804900
2022-03-14,234.35000610351562,235.60000610351562,230.47000122070312,233.8300018310547,229.98419189453125,1379600
2022-03-15,235.4499969482422,238.41000366210938,233.4199981689453,237.6199951171875,233.71185302734375,1145800
2022-03-16,234.44000244140625,236.3699951171875,224.3800048828125,227.69000244140625,223.9451904296875,2457600
2022-03-17,230.44000244140625,232.4199981689453,227.75,230.50999450683594,226.7187957763672,1712500
2022-03-18,230.6300048828125,231.1199951171875,228.58999633789062,230.22999572753906,226.44338989257812,2605200
2022-03-21,231.0,238.49000549316406,230.99000549316406,236.07000732421875,232.18736267089844,1566400
2022-03-22,236.14999389648438,237.8800048828125,234.10000610351562,237.8300018310547,233.91839599609375,1157800
2022-03-23,238.6999969482422,241.66000366210938,238.22999572753906,239.69000244140625,235.747802734375,1370400
2022-03-24,240.0,243.36000061035156,239.13999938964844,241.0,237.0362548828125,1179400
2022-03-25,240.8300018310547,244.44000244140625,240.36000061035156,244.36000061035156,240.34100341796875,1127200
2022-03-28,242.52000427246094,243.05999755859375,239.47999572753906,240.88999938964844,236.92807006835938,1247100
2022-03-29,237.3300018310547,241.19000244140625,234.1300048828125,241.08999633789062,237.12477111816406,1643500
2022-03-30,242.0,245.6300048828125,242.0,244.32000732421875,240.3016815185547,1377800
2022-03-31,242.13999938964844,245.57000732421875,241.14999389648438,241.17999267578125,237.2133026123047,1316100
2022-04-01,241.1699981689453,243.24000549316406,239.2100067138672,242.50999450683594,238.52142333984375,1004800
2022-04-04,242.49000549316406,242.50999450683594,236.9600067138672,239.22999572753906,235.29537963867188,1158500
2022-04-05,238.61000061035156,242.67999267578125,238.61000061035156,239.14999389648438,235.21669006347656,1207300
2022-04-06,239.02999877929688,242.0500030517578,238.75,240.75999450683594,236.8002166748047,1399800
2022-04-07,239.39999389648438,244.72999572753906,237.83999633789062,243.61000061035156,240.86387634277344,1266200
2022-04-08,244.9199981689453,246.1300048828125,241.60000610351562,242.0399932861328,239.3115692138672,1081400
2022-04-11,244.30999755859375,246.91000366210938,241.75,243.5500030517578,240.80455017089844,1390400
2022-04-12,243.30999755859375,246.02000427246094,242.10000610351562,243.82000732421875,241.07151794433594,754600
2022-04-13,244.9600067138672,246.64999389648438,242.5399932861328,243.7100067138672,240.96275329589844,751500
2022-04-14,244.8000030517578,245.97000122070312,243.0,243.74000549316406,240.99241638183594,957500
2022-04-18,243.4199981689453,248.72999572753906,243.3000030517578,243.86000061035156,241.11105346679688,1022400
2022-04-19,244.08999633789062,247.13999938964844,243.0800018310547,246.58999633789062,243.81028747558594,1182700
2022-04-20,247.3000030517578,249.69000244140625,246.0800018310547,247.69000244140625,244.89788818359375,862400
2022-04-21,248.0,248.25,241.77000427246094,242.05999755859375,239.3313446044922,1265000
2022-04-22,241.16000366210938,242.42999267578125,238.5500030517578,238.7899932861328,236.09820556640625,1076400
2022-04-25,239.02000427246094,239.77000427246094,234.85000610351562,239.17999267578125,236.4838104248047,1525100
2022-04-26,238.6300048828125,241.6199951171875,236.92999267578125,236.92999267578125,234.25917053222656,1297000
2022-04-27,237.66000366210938,247.0,237.11000061035156,239.97999572753906,237.27479553222656,2282000
2022-04-28,242.42999267578125,243.27999877929688,239.35000610351562,241.1999969482422,238.4810333251953,1443600
2022-04-29,241.0,242.0,235.99000549316406,236.52999877929688,233.8636932373047,1839600
2022-05-02,236.52999877929688,238.55999755859375,230.42999267578125,233.25,230.6206512451172,1776700
2022-05-03,234.58999633789062,236.6999969482422,232.38999938964844,233.3800048828125,230.74920654296875,1829800
2022-05-04,233.99000549316406,243.36000061035156,232.11000061035156,242.9199981689453,240.18165588378906,1914600
2022-05-05,242.4600067138672,244.14999389648438,238.0,239.24000549316406,236.5431365966797,2174300
2022-05-06,238.39999389648438,240.9199981689453,236.0,239.60000610351562,236.89907836914062,1329700
2022-05-09,237.97999572753906,238.2899932861328,228.47000122070312,229.3699951171875,226.78439331054688,1915600
2022-05-10,230.0,233.83999633789062,226.77000427246094,229.3000030517578,226.71517944335938,1748800
2022-05-11,229.33999633789062,232.47999572753906,226.08999633789062,226.94000244140625,224.3817901611328,1830800
2022-05-12,226.02000427246094,227.99000549316406,219.42999267578125,223.49000549316406,220.97068786621094,2121700
2022-05-13,225.0399932861328,227.3000030517578,222.86000061035156,226.30999755859375,223.75889587402344,1557800
2022-05-16,226.7100067138672,228.35000610351562,225.25999450683594,227.8000030517578,225.2321014404297,1237300
2022-05-17,229.25,232.41000366210938,226.8300018310547,231.6199951171875,229.009033203125,1084700
2022-05-18,230.52000427246094,232.25,225.4499969482422,225.97999572753906,223.4326171875,1929200
2022-05-19,223.89999389648438,224.38999938964844,216.66000366210938,217.77999877929688,215.32505798339844,2108500
2022-05-20,218.3800048828125,218.5800018310547,210.19000244140625,213.5,211.09329223632812,1985800
2022-05-23,215.19000244140625,217.77999877929688,214.8000030517578,216.6999969482422,214.25721740722656,1812500
2022-05-24,216.19000244140625,220.99000549316406,215.75999450683594,219.82000732421875,217.34207153320312,1480500
2022-05-25,219.77999877929688,221.11000061035156,217.60000610351562,220.0500030517578,217.5694580078125,1498700
2022-05-26,221.72999572753906,224.0500030517578,220.72000122070312,221.25999450683594,218.76580810546875,1477300
2022-05-27,222.64999389648438,226.63999938964844,222.1300048828125,226.50999450683594,223.95663452148438,1403900
2022-05-31,224.24000549316406,226.25999450683594,223.39999389648438,224.91000366210938,222.3746795654297,1637300
2022-06-01,227.08999633789062,228.0,224.22000122070312,226.22000122070312,223.66990661621094,1204000
2022-06-02,228.6699981689453,230.74000549316406,223.83999633789062,229.44000244140625,226.85360717773438,1101700
2022-06-03,228.38999938964844,231.83999633789062,228.38999938964844,230.1300048828125,227.5358428955078,1410400
2022-06-06,231.3300018310547,232.41000366210938,229.47999572753906,229.89999389648438,227.3084259033203,956900
2022-06-07,228.8699951171875,235.82000732421875,228.14999389648438,235.5800018310547,232.92440795898438,1341400
2022-06-08,233.5,234.3300018310547,230.77000427246094,231.36000061035156,228.75196838378906,1024600
2022-06-09,230.72999572753906,231.60000610351562,226.77000427246094,226.88999938964844,224.3323516845703,823200
2022-06-10,224.4499969482422,227.11000061035156,222.89999389648438,224.6300048828125,222.09783935546875,1351900
2022-06-13,220.91000366210938,221.64999389648438,216.66000366210938,217.52999877929688,215.07786560058594,1288500
2022-06-14,218.36000061035156,218.8699951171875,214.36000061035156,215.89999389648438,213.46624755859375,1182400
2022-06-15,217.1999969482422,220.7100067138672,215.32000732421875,217.9199981689453,215.46347045898438,1276500
2022-06-16,214.7100067138672,215.67999267578125,211.3000030517578,211.88999938964844,209.50143432617188,1338600
2022-06-17,212.2100067138672,213.38999938964844,208.1199951171875,209.77999877929688,207.41522216796875,3063800
2022-06-21,211.55999755859375,218.47000122070312,211.55999755859375,216.5500030517578,214.10891723632812,1233400
2022-06-22,213.36000061035156,218.91000366210938,212.8699951171875,216.00999450683594,213.5749969482422,1129400
2022-06-23,216.25,217.85000610351562,213.9499969482422,216.60000610351562,214.15835571289062,1181200
2022-06-24,217.42999267578125,222.72999572753906,216.91000366210938,222.3300018310547,219.82376098632812,1675600
2022-06-27,223.07000732421875,226.25,222.0800018310547,223.5,220.98056030273438,1277100
2022-06-28,224.77999877929688,228.0,220.0500030517578,220.49000549316406,218.0045166015625,1616900
2022-06-29,221.6699981689453,221.99000549316406,218.9600067138672,219.27999877929688,216.80813598632812,1235600
2022-06-30,216.83999633789062,222.38999938964844,215.64999389648438,221.25,220.0201873779297,1343300
2022-07-01,221.24000549316406,224.47999572753906,219.74000549316406,223.86000061035156,222.6156768798828,705800
2022-07-05,220.2100067138672,221.0399932861328,209.83999633789062,214.52999877929688,213.33753967285156,1613100
2022-07-06,214.07000732421875,220.7100067138672,214.07000732421875,219.55999755859375,218.33956909179688,1095400
2022-07-07,220.55999755859375,221.94000244140625,219.3000030517578,220.5800018310547,219.35391235351562,951100
2022-07-08,221.27999877929688,222.14999389648438,218.61000061035156,221.11000061035156,219.88096618652344,1118600
2022-07-11,219.67999267578125,221.86000061035156,218.8000030517578,219.75,218.5285186767578,652200
2022-07-12,219.9199981689453,221.0,216.13999938964844,216.6300048828125,215.42587280273438,744600
2022-07-13,213.6300048828125,216.32000732421875,213.24000549316406,213.38999938964844,212.20387268066406,850100
2022-07-14,209.94000244140625,210.91000366210938,207.4199981689453,210.4499969482422,209.28021240234375,1044400
2022-07-15,213.11000061035156,213.11000061035156,210.00999450683594,212.77000427246094,211.5873260498047,857600
2022-07-18,213.97000122070312,215.0,208.77999877929688,209.7899932861328,208.62387084960938,1040100
2022-07-19,209.6999969482422,215.3000030517578,209.0,214.67999267578125,213.4866943359375,906000
2022-07-20,214.47999572753906,217.74000549316406,212.67999267578125,216.72000122070312,215.51536560058594,1030300
2022-07-21,215.8800048828125,217.00999450683594,214.57000732421875,216.88999938964844,215.68441772460938,611400
2022-07-22,217.75999450683594,220.1699981689453,216.0800018310547,216.75999450683594,215.5551300048828,834200
2022-07-25,216.9499969482422,220.2899932861328,216.9499969482422,218.8000030517578,217.58380126953125,745100
2022-07-26,219.36000061035156,219.63999938964844,217.1199951171875,217.6300048828125,216.42030334472656,1038100
2022-07-27,219.4499969482422,222.25,214.8000030517578,219.85000610351562,218.6279754638672,1156000
2022-07-28,219.02000427246094,223.86000061035156,217.39999389648438,223.8000030517578,222.55601501464844,1032300
2022-07-29,223.52000427246094,227.4499969482422,223.38999938964844,226.6699981689453,225.41004943847656,1230100
2022-08-01,226.5500030517578,228.1199951171875,224.58999633789062,226.17999267578125,224.9227752685547,1086300
2022-08-02,227.27999877929688,229.67999267578125,224.02000427246094,227.0399932861328,225.7779998779297,1007300
2022-08-03,227.1699981689453,231.75,223.8800048828125,230.6699981689453,229.3878173828125,1226500
2022-08-04,231.32000732421875,232.83999633789062,228.85000610351562,229.16000366210938,227.88621520996094,895100
2022-08-05,228.99000549316406,229.4499969482422,225.8699951171875,228.75999450683594,227.48843383789062,699600
2022-08-08,230.36000061035156,230.42999267578125,224.72000122070312,225.7899932861328,224.53494262695312,961600
2022-08-09,226.97000122070312,228.19000244140625,226.1199951171875,227.6199951171875,226.35476684570312,878400
2022-08-10,229.00999450683594,230.88999938964844,228.5500030517578,230.4600067138672,229.1790008544922,877000
2022-08-11,230.80999755859375,231.99000549316406,229.8000030517578,231.82000732421875,230.53143310546875,1447800
2022-08-12,232.0,238.10000610351562,232.0,237.9499969482422,236.62734985351562,1409200
2022-08-15,236.6999969482422,242.19000244140625,235.67999267578125,241.25,239.9090118408203,1469400
2022-08-16,241.25,242.49000549316406,240.7100067138672,241.47999572753906,240.13772583007812,807700
2022-08-17,239.63999938964844,243.4499969482422,239.14999389648438,242.69000244140625,241.3410186767578,860900
2022-08-18,243.66000366210938,244.0800018310547,242.24000549316406,243.69000244140625,242.33544921875,1026100
2022-08-19,243.05999755859375,243.24000549316406,241.1300048828125,241.6699981689453,240.32667541503906,724800
2022-08-22,239.30999755859375,239.91000366210938,234.2899932861328,234.49000549316406,233.1865997314453,841500
2022-08-23,234.2899932861328,235.5,233.05999755859375,234.0,232.69931030273438,864700
2022-08-24,234.86000061035156,235.27000427246094,232.85000610351562,234.49000549316406,233.1865997314453,783800
2022-08-25,235.0,238.14999389648438,234.39999389648438,238.00999450683594,236.68701171875,551000
2022-08-26,239.10000610351562,239.10000610351562,232.36000061035156,232.58999633789062,231.29714965820312,665400
2022-08-29,230.97999572753906,234.9600067138672,230.02000427246094,233.6999969482422,232.40097045898438,680300
2022-08-30,233.9600067138672,234.47000122070312,230.4600067138672,231.1199951171875,229.83531188964844,659100
2022-08-31,231.22999572753906,232.67999267578125,228.72000122070312,228.92999267578125,227.65748596191406,1037800
2022-09-01,228.8000030517578,228.88999938964844,223.50999450683594,225.3699951171875,224.11727905273438,1782300
2022-09-02,227.3000030517578,229.6199951171875,224.30999755859375,224.8800048828125,223.6300048828125,930900
2022-09-06,225.13999938964844,227.5,223.66000366210938,224.5500030517578,223.30184936523438,926400
2022-09-07,223.5399932861328,227.8699951171875,222.49000549316406,227.74000549316406,226.47412109375,660800
2022-09-08,226.6699981689453,228.10000610351562,225.55999755859375,227.69000244140625,226.4243927001953,720800
2022-09-09,228.66000366210938,232.36000061035156,227.6699981689453,231.61000061035156,230.32260131835938,994600
2022-09-12,232.16000366210938,237.41000366210938,230.92999267578125,235.44000244140625,234.13131713867188,1559700
2022-09-13,232.0800018310547,233.63999938964844,227.05999755859375,227.97999572753906,226.7127685546875,1367700
2022-09-14,228.58999633789062,232.41000366210938,227.52999877929688,230.72999572753906,229.44747924804688,1057500
2022-09-15,230.3699951171875,230.6300048828125,227.3699951171875,228.4600067138672,227.1901092529297,983800
2022-09-16,226.50999450683594,229.3000030517578,225.35000610351562,227.4499969482422,226.1857147216797,3317900
2022-09-19,225.8000030517578,229.25,225.8000030517578,229.02999877929688,227.75694274902344,830800
2022-09-20,228.14999389648438,229.92999267578125,225.22000122070312,229.11000061035156,227.8365020751953,934100
2022-09-21,232.9199981689453,236.05999755859375,228.1999969482422,228.1999969482422,226.93154907226562,983100
2022-09-22,228.7899932861328,230.52999877929688,226.38999938964844,228.08999633789062,226.82215881347656,844600
2022-09-23,225.82000732421875,226.0399932861328,219.02000427246094,221.89999389648438,220.66656494140625,920300
2022-09-26,221.32000732421875,224.0500030517578,219.22999572753906,220.42999267578125,219.20472717285156,797400
2022-09-27,222.42999267578125,222.97999572753906,217.55999755859375,218.6699981689453,217.45452880859375,741700
2022-09-28,218.25999450683594,221.91000366210938,215.82000732421875,220.4499969482422,219.22462463378906,952800
2022-09-29,219.89999389648438,220.19000244140625,212.61000061035156,214.42999267578125,213.2380828857422,987300
2022-09-30,213.22999572753906,215.50999450683594,212.02999877929688,212.1699981689453,210.9906463623047,1208800
2022-10-03,214.88999938964844,221.3300018310547,214.3000030517578,220.52999877929688,219.30418395996094,1139900
2022-10-04,222.0500030517578,226.92999267578125,222.0500030517578,226.63999938964844,225.38021850585938,801300
2022-10-05,225.49000549316406,228.86000061035156,224.4199981689453,226.67999267578125,225.4199981689453,984900
2022-10-06,224.97999572753906,226.10000610351562,223.19000244140625,223.41000366210938,223.41000366210938,929800
2022-10-07,222.63999938964844,224.11000061035156,220.83999633789062,223.67999267578125,223.67999267578125,1226900
2022-10-10,226.1999969482422,228.72000122070312,223.02000427246094,225.41000366210938,225.41000366210938,759800
2022-10-11,226.5800018310547,230.5399932861328,226.0399932861328,227.74000549316406,227.74000549316406,1138300
2022-10-12,226.22999572753906,227.0,223.3000030517578,223.32000732421875,223.32000732421875,833300
2022-10-13,220.44000244140625,229.9499969482422,219.75,229.1300048828125,229.1300048828125,792300
2022-10-14,230.0,230.0,220.94000244140625,221.1699981689453,221.1699981689453,1039600
2022-10-17,224.33999633789062,229.83999633789062,224.33999633789062,228.83999633789062,228.83999633789062,1082900
2022-10-18,232.5,238.52999877929688,231.82000732421875,237.47999572753906,237.47999572753906,1204500
2022-10-19,237.82000732421875,241.50999450683594,236.25999450683594,239.3699951171875,239.3699951171875,1158900
2022-10-20,240.0,241.02000427246094,235.8699951171875,237.44000244140625,237.44000244140625,1184100
2022-10-21,236.85000610351562,243.6300048828125,236.3300018310547,242.60000610351562,242.60000610351562,1365900
2022-10-24,244.67999267578125,246.41000366210938,243.25999450683594,243.80999755859375,243.80999755859375,955200
2022-10-25,243.1199951171875,246.49000549316406,242.0500030517578,245.75,245.75,1283000
2022-10-26,247.5,248.8000030517578,242.80999755859375,245.6999969482422,245.6999969482422,1389200
2022-10-27,247.3300018310547,249.25999450683594,246.05999755859375,248.0,248.0,1140300
2022-10-28,247.3000030517578,252.2100067138672,245.39999389648438,250.72000122070312,250.72000122070312,1526900
2022-10-31,248.8300018310547,250.86000061035156,247.39999389648438,249.8000030517578,249.8000030517578,1480900
2022-11-01,250.5500030517578,251.47000122070312,249.1999969482422,249.91000366210938,249.91000366210938,1005300
2022-11-02,249.0,251.14999389648438,245.9600067138672,246.3699951171875,246.3699951171875,1419800
2022-11-03,243.35000610351562,251.86000061035156,243.00999450683594,248.94000244140625,248.94000244140625,1307900
2022-11-04,250.19000244140625,252.67999267578125,245.0,249.36000061035156,249.36000061035156,1385000
2022-11-07,249.8699951171875,251.8300018310547,248.17999267578125,251.5800018310547,251.5800018310547,846900
2022-11-08,251.83999633789062,253.61000061035156,250.41000366210938,252.5399932861328,252.5399932861328,883400
2022-11-09,252.33999633789062,252.92999267578125,249.4499969482422,249.52000427246094,249.52000427246094,599000
2022-11-10,253.97999572753906,254.39999389648438,249.6199951171875,253.47999572753906,253.47999572753906,1150600
2022-11-11,251.67999267578125,251.75999450683594,242.75,243.1300048828125,243.1300048828125,1395200
2022-11-14,243.85000610351562,246.97000122070312,242.7899932861328,242.82000732421875,242.82000732421875,1461200
2022-11-15,244.36000061035156,247.3000030517578,242.30999755859375,246.13999938964844,246.13999938964844,1223200
2022-11-16,246.13999938964844,247.24000549316406,244.2100067138672,244.8699951171875,244.8699951171875,709000
2022-11-17,243.0,246.80999755859375,242.52000427246094,246.52000427246094,246.52000427246094,668200
2022-11-18,247.8800048828125,250.35000610351562,247.3699951171875,248.22000122070312,248.22000122070312,1020100
2022-11-21,247.44000244140625,252.08999633789062,247.44000244140625,250.5800018310547,250.5800018310547,802400
2022-11-22,252.57000732421875,253.1999969482422,251.00999450683594,251.52000427246094,251.52000427246094,730000
2022-11-23,251.19000244140625,253.22000122070312,251.08999633789062,252.2899932861328,252.2899932861328,941200
2022-11-25,253.47999572753906,253.97999572753906,252.4499969482422,253.77000427246094,253.77000427246094,368400
2022-11-28,252.2899932861328,253.5399932861328,249.85000610351562,250.49000549316406,250.49000549316406,656400
2022-11-29,250.72000122070312,251.75,249.9199981689453,251.22000122070312,251.22000122070312,598300
2022-11-30,250.19000244140625,252.55999755859375,247.42999267578125,252.38999938964844,252.38999938964844,1907200
2022-12-01,253.19000244140625,253.55999755859375,250.3699951171875,252.27000427246094,252.27000427246094,833900
2022-12-02,250.63999938964844,256.8599853515625,250.5800018310547,255.74000549316406,255.74000549316406,1059000
2022-12-05,252.6199951171875,254.11000061035156,250.5399932861328,250.91000366210938,250.91000366210938,966900
2022-12-06,251.27000427246094,251.47000122070312,246.50999450683594,248.27999877929688,248.27999877929688,847600
2022-12-07,247.99000549316406,249.02999877929688,245.13999938964844,246.2100067138672,246.2100067138672,898600
2022-12-08,248.41000366210938,249.10000610351562,246.5500030517578,247.67999267578125,247.67999267578125,768900
2022-12-09,247.27000427246094,249.38999938964844,246.5,247.0399932861328,247.0399932861328,748200
2022-12-12,247.86000061035156,249.66000366210938,246.3699951171875,249.6199951171875,249.6199951171875,765300
2022-12-13,253.0,253.94000244140625,247.5,248.72999572753906,248.72999572753906,993400
2022-12-14,249.0,251.8300018310547,247.75,249.02000427246094,249.02000427246094,768900
2022-12-15,247.8800048828125,248.86000061035156,241.9199981689453,245.13999938964844,245.13999938964844,914800
2022-12-16,244.3800048828125,247.27999877929688,242.67999267578125,246.13999938964844,246.13999938964844,2123200
2022-12-19,246.0,249.8800048828125,243.63999938964844,244.3000030517578,244.3000030517578,1134900
2022-12-20,244.36000061035156,249.33999633789062,244.0,246.6199951171875,246.6199951171875,848500
2022-12-21,248.13999938964844,250.47999572753906,246.92999267578125,249.97000122070312,249.97000122070312,701000
2022-12-22,248.5,250.0,242.5399932861328,246.58999633789062,246.58999633789062,612600
2022-12-23,246.58999633789062,248.58999633789062,246.07000732421875,247.89999389648438,247.89999389648438,581600
2022-12-27,249.24000549316406,249.7899932861328,247.83999633789062,248.74000549316406,248.74000549316406,590800
2022-12-28,249.24000549316406,250.0,246.9199981689453,246.97000122070312,246.97000122070312,384600
2022-12-29,247.52999877929688,250.3000030517578,246.77999877929688,249.22999572753906,249.22999572753906,458000
2022-12-30,248.66000366210938,249.67999267578125,244.69000244140625,248.11000061035156,248.11000061035156,725300
2023-01-03,247.85000610351562,249.41000366210938,246.32000732421875,248.60000610351562,248.60000610351562,777900
2023-01-04,247.49000549316406,248.75999450683594,242.9600067138672,245.22000122070312,245.22000122070312,1076700
2023-01-05,244.5500030517578,246.47000122070312,243.7899932861328,244.6199951171875,244.6199951171875,945800
2023-01-06,247.32000732421875,251.94000244140625,245.0,248.25,248.25,1074800
2023-01-09,248.5500030517578,249.6199951171875,244.5500030517578,245.2100067138672,245.2100067138672,1571500
2023-01-10,246.24000549316406,248.9199981689453,245.72000122070312,247.5399932861328,247.5399932861328,1274200
2023-01-11,248.6300048828125,249.0,244.75,248.69000244140625,248.69000244140625,856300
2023-01-12,248.83999633789062,250.25999450683594,247.19000244140625,247.6999969482422,247.6999969482422,685500
2023-01-13,243.97999572753906,245.3300018310547,238.88999938964844,240.2899932861328,240.2899932861328,1459200
