Date,Open,High,Low,Close,Adj Close,Volume
2022-01-18,37.16999816894531,37.16999816894531,36.4900016784668,36.650001525878906,35.5536994934082,5984200
2022-01-19,36.77000045776367,36.86000061035156,35.95000076293945,35.959999084472656,34.884342193603516,3779100
2022-01-20,36.02000045776367,36.38999938964844,35.04999923706055,35.130001068115234,34.079166412353516,5343300
2022-01-21,35.130001068115234,35.709999084472656,34.88999938964844,35.060001373291016,34.011260986328125,4961200
2022-01-24,34.5099983215332,35.43000030517578,33.93000030517578,35.33000183105469,34.2731819152832,6119100
2022-01-25,34.70000076293945,35.56999969482422,34.25,35.29999923706055,34.24407958984375,7054100
2022-01-26,40.599998474121094,41.119998931884766,38.90999984741211,39.2400016784668,38.06622314453125,14576100
2022-01-27,40.220001220703125,41.68000030517578,40.0099983215332,40.560001373291016,39.346736907958984,11405500
2022-01-28,40.66999816894531,42.13999938964844,40.66999816894531,42.119998931884766,40.86007308959961,8744800
2022-01-31,41.63999938964844,42.400001525878906,41.369998931884766,42.040000915527344,40.782470703125,8506000
2022-02-01,42.16999816894531,42.279998779296875,41.77000045776367,42.16999816894531,40.90857696533203,5396900
2022-02-02,42.529998779296875,42.84000015258789,42.16999816894531,42.7400016784668,41.4615364074707,4487000
2022-02-03,42.939998626708984,43.18000030517578,42.5,42.61000061035156,41.33542251586914,4817200
2022-02-04,42.45000076293945,42.84000015258789,41.79999923706055,42.189998626708984,40.927982330322266,3877400
2022-02-07,42.66999816894531,42.77000045776367,42.11000061035156,42.20000076293945,40.937686920166016,3539700
2022-02-08,42.56999969482422,42.84000015258789,42.310001373291016,42.7400016784668,41.4615364074707,3571700
2022-02-09,43.15999984741211,43.18000030517578,42.7599983215332,42.95000076293945,41.665252685546875,3302200
2022-02-10,42.4900016784668,43.470001220703125,42.279998779296875,42.4900016784668,41.21900939941406,4791800
2022-02-11,42.59000015258789,42.900001525878906,41.630001068115234,41.869998931884766,40.617557525634766,4232400
2022-02-14,42.15999984741211,42.25,41.029998779296875,41.290000915527344,40.05490493774414,5875100
2022-02-15,41.81999969482422,42.220001220703125,41.630001068115234,42.09000015258789,40.83097457885742,3271600
2022-02-16,41.959999084472656,42.439998626708984,41.77000045776367,42.38999938964844,41.12200164794922,3177400
2022-02-17,41.689998626708984,42.0099983215332,41.29999923706055,41.36000061035156,40.12281036376953,3292100
2022-02-18,41.290000915527344,42.09000015258789,41.2599983215332,41.70000076293945,40.452640533447266,3436300
2022-02-22,41.349998474121094,41.880001068115234,40.7400016784668,41.119998931884766,39.88998794555664,4620600
2022-02-23,41.13999938964844,41.369998931884766,40.13999938964844,40.22999954223633,39.026615142822266,4448900
2022-02-24,39.2599983215332,40.630001068115234,38.79999923706055,40.5099983215332,39.29823684692383,7095400
2022-02-25,40.34000015258789,41.20000076293945,40.040000915527344,41.099998474121094,40.13810729980469,4237800
2022-02-28,40.38999938964844,40.86000061035156,39.9900016784668,40.400001525878906,39.45449447631836,6192500
2022-03-01,40.130001068115234,40.349998474121094,38.20000076293945,38.56999969482422,37.66732406616211,4837100
2022-03-02,38.93000030517578,40.060001373291016,38.689998626708984,39.83000183105469,38.89783477783203,4509000
2022-03-03,39.75,40.04999923706055,39.33000183105469,39.63999938964844,38.712276458740234,3436600
2022-03-04,39.029998779296875,39.349998474121094,38.599998474121094,38.849998474121094,37.94076919555664,4394600
2022-03-07,38.81999969482422,38.81999969482422,37.27000045776367,37.290000915527344,36.41728210449219,5324200
2022-03-08,37.290000915527344,38.0099983215332,36.290000915527344,36.970001220703125,36.10477066040039,5288500
2022-03-09,38.09000015258789,38.15999984741211,37.59000015258789,37.630001068115234,36.74932098388672,5224900
2022-03-10,36.9900016784668,37.16999816894531,36.529998779296875,37.0099983215332,36.14382553100586,4537700
2022-03-11,37.369998931884766,37.5099983215332,36.380001068115234,36.439998626708984,35.5871696472168,4923800
2022-03-14,36.95000076293945,37.13999938964844,35.779998779296875,36.209999084472656,35.362552642822266,5109900
2022-03-15,36.5099983215332,36.86000061035156,36.20000076293945,36.59000015258789,35.73366165161133,4190400
2022-03-16,36.86000061035156,37.93000030517578,36.52000045776367,37.310001373291016,36.43680953979492,6257300
2022-03-17,37.09000015258789,37.709999084472656,36.72999954223633,37.70000076293945,36.81768035888672,5001400
2022-03-18,37.77000045776367,38.060001373291016,37.2599983215332,38.02000045776367,37.130191802978516,10071600
2022-03-21,38.029998779296875,38.38999938964844,37.560001373291016,37.79999923706055,36.915340423583984,4707300
2022-03-22,38.099998474121094,38.439998626708984,37.869998931884766,38.34000015258789,37.44270324707031,6076700
2022-03-23,38.20000076293945,38.45000076293945,37.459999084472656,37.54999923706055,36.67119598388672,3128800
2022-03-24,37.7599983215332,38.52000045776367,37.58000183105469,38.349998474121094,37.45246505737305,5614000
2022-03-25,38.5,38.709999084472656,38.16999816894531,38.369998931884766,37.47200393676758,2937800
2022-03-28,38.25,38.2599983215332,37.45000076293945,37.95000076293945,37.061832427978516,2995000
2022-03-29,38.349998474121094,38.52000045776367,38.11000061035156,38.31999969482422,37.42317199707031,3802600
2022-03-30,38.15999984741211,38.279998779296875,37.2599983215332,37.58000183105469,36.70049285888672,6188700
2022-03-31,37.31999969482422,37.459999084472656,36.900001525878906,36.90999984741211,36.046173095703125,5091300
2022-04-01,37.27000045776367,37.27000045776367,35.91999816894531,36.36000061035156,35.50904083251953,3552400
2022-04-04,36.34000015258789,36.66999816894531,36.02000045776367,36.59000015258789,35.73366165161133,3459800
2022-04-05,36.33000183105469,36.45000076293945,35.529998779296875,35.66999816894531,34.83518981933594,3987700
2022-04-06,35.220001220703125,35.290000915527344,34.68000030517578,34.91999816894531,34.102745056152344,4926100
2022-04-07,34.560001373291016,34.689998626708984,33.75,34.40999984741211,33.604679107666016,5690100
2022-04-08,34.41999816894531,34.52000045776367,33.95000076293945,34.09000015258789,33.29216766357422,5120400
2022-04-11,33.970001220703125,34.31999969482422,33.58000183105469,33.66999816894531,32.881996154785156,3757300
2022-04-12,33.849998474121094,34.189998626708984,33.52000045776367,33.54999923706055,32.764808654785156,4106900
2022-04-13,33.52000045776367,33.900001525878906,33.52000045776367,33.869998931884766,33.07731628417969,3283800
2022-04-14,33.939998626708984,34.060001373291016,33.61000061035156,33.689998626708984,32.90153121948242,4153300
2022-04-18,33.72999954223633,34.119998931884766,33.560001373291016,33.869998931884766,33.07731628417969,3727700
2022-04-19,33.9900016784668,34.77000045776367,33.95000076293945,34.709999084472656,33.89765930175781,5414000
2022-04-20,35.0,35.29999923706055,34.599998474121094,34.66999816894531,33.85859680175781,4961000
2022-04-21,35.20000076293945,35.38999938964844,34.5,34.63999938964844,33.82929611206055,4529600
2022-04-22,34.47999954223633,34.599998474121094,33.689998626708984,33.79999923706055,33.00895690917969,6401900
2022-04-25,33.58000183105469,34.45000076293945,33.209999084472656,34.41999816894531,33.61444091796875,8555700
2022-04-26,36.20000076293945,36.75,35.22999954223633,35.5,34.66917037963867,11680800
2022-04-27,35.58000183105469,36.27000045776367,34.849998474121094,36.06999969482422,35.225830078125,9747100
2022-04-28,36.5,36.70000076293945,35.720001220703125,36.400001525878906,35.5481071472168,5692600
2022-04-29,36.130001068115234,36.66999816894531,35.11000061035156,35.189998626708984,34.366424560546875,5097000
2022-05-02,35.189998626708984,35.9900016784668,35.0,35.959999084472656,35.118404388427734,6268100
2022-05-03,36.040000915527344,36.43000030517578,35.81999969482422,36.130001068115234,35.284427642822266,3985900
2022-05-04,36.2599983215332,37.310001373291016,35.970001220703125,37.27000045776367,36.39774703979492,4594300
2022-05-05,36.779998779296875,36.91999816894531,35.959999084472656,36.529998779296875,35.67506408691406,4575300
2022-05-06,36.38999938964844,37.02000045776367,35.84000015258789,36.86000061035156,35.99734115600586,4858800
2022-05-09,36.2599983215332,36.720001220703125,35.61000061035156,35.7599983215332,34.9230842590332,5157200
2022-05-10,36.22999954223633,36.40999984741211,35.310001373291016,36.0,35.157470703125,4904100
2022-05-11,35.54999923706055,36.06999969482422,34.83000183105469,34.880001068115234,34.063682556152344,5455000
2022-05-12,34.709999084472656,35.2400016784668,34.4900016784668,35.209999084472656,34.385955810546875,5022500
2022-05-13,35.5,35.72999954223633,35.040000915527344,35.540000915527344,34.70823287963867,4047400
2022-05-16,35.33000183105469,35.529998779296875,34.59000015258789,35.20000076293945,34.37619400024414,4072300
2022-05-17,35.75,36.33000183105469,35.66999816894531,36.290000915527344,35.44068145751953,4123900
2022-05-18,35.83000183105469,35.83000183105469,33.81999969482422,34.060001373291016,33.262874603271484,7807200
2022-05-19,33.72999954223633,34.150001525878906,33.20000076293945,33.52000045776367,32.73550796508789,5558600
2022-05-20,34.02000045776367,34.04999923706055,32.2400016784668,33.130001068115234,32.354637145996094,6053300
2022-05-23,32.88999938964844,34.0099983215332,32.880001068115234,33.7599983215332,32.96989059448242,5442000
2022-05-24,33.599998474121094,33.720001220703125,32.47999954223633,33.27000045776367,32.49135971069336,6117800
2022-05-25,33.0099983215332,33.84000015258789,32.939998626708984,33.70000076293945,32.91130065917969,5132900
2022-05-26,34.08000183105469,35.310001373291016,34.040000915527344,35.220001220703125,34.39572525024414,7748900
2022-05-27,35.290000915527344,35.689998626708984,35.0099983215332,35.650001525878906,35.084625244140625,4260400
2022-05-31,35.45000076293945,36.2400016784668,35.0099983215332,35.81999969482422,35.25192642211914,6618900
2022-06-01,35.9900016784668,36.15999984741211,35.22999954223633,35.439998626708984,34.87794876098633,3257500
2022-06-02,35.5,36.529998779296875,35.25,36.5099983215332,35.93098068237305,3842200
2022-06-03,36.13999938964844,36.369998931884766,35.650001525878906,35.84000015258789,35.2716064453125,3501300
2022-06-06,36.209999084472656,36.529998779296875,35.72999954223633,35.88999938964844,35.32081604003906,2537100
2022-06-07,35.41999816894531,35.880001068115234,35.02000045776367,35.84000015258789,35.2716064453125,3016600
2022-06-08,35.689998626708984,35.849998474121094,35.43000030517578,35.81999969482422,35.25192642211914,3812400
2022-06-09,35.40999984741211,35.40999984741211,34.22999954223633,34.2599983215332,33.7166633605957,5370100
2022-06-10,33.790000915527344,33.81999969482422,33.08000183105469,33.279998779296875,32.7522087097168,3986200
2022-06-13,32.40999984741211,32.61000061035156,31.579999923706055,31.940000534057617,31.433460235595703,5153100
2022-06-14,32.08000183105469,32.650001525878906,31.8700008392334,32.099998474121094,31.59092140197754,6157300
2022-06-15,32.400001525878906,33.09000015258789,32.060001373291016,32.7400016784668,32.22077178955078,6837100
2022-06-16,31.760000228881836,31.920000076293945,30.959999084472656,31.3700008392334,30.872499465942383,7330900
2022-06-17,31.469999313354492,32.369998931884766,31.020000457763672,31.8799991607666,31.37441062927246,11791400
2022-06-21,32.4900016784668,32.65999984741211,31.940000534057617,32.119998931884766,31.610605239868164,4131600
2022-06-22,31.75,32.18000030517578,31.540000915527344,31.549999237060547,31.049644470214844,3764200
2022-06-23,31.639999389648438,31.719999313354492,31.239999771118164,31.610000610351562,31.108694076538086,4409200
2022-06-24,31.969999313354492,32.79999923706055,31.899999618530273,32.7599983215332,32.240455627441406,8747400
2022-06-27,33.0099983215332,33.7599983215332,32.529998779296875,33.290000915527344,32.76205062866211,5223900
2022-06-28,33.470001220703125,33.779998779296875,32.470001220703125,32.5,31.984580993652344,3740900
2022-06-29,32.58000183105469,32.75,31.969999313354492,32.380001068115234,31.866483688354492,3994700
2022-06-30,31.81999969482422,32.0,31.270000457763672,31.510000228881836,31.01028060913086,7291100
2022-07-01,31.3700008392334,31.940000534057617,30.700000762939453,31.90999984741211,31.4039363861084,4709500
2022-07-05,30.950000762939453,31.68000030517578,30.6299991607666,31.649999618530273,31.14805793762207,3819200
2022-07-06,31.690000534057617,32.189998626708984,31.510000228881836,31.90999984741211,31.4039363861084,3303900
2022-07-07,32.15999984741211,32.84000015258789,32.13999938964844,32.65999984741211,32.14204025268555,4165900
2022-07-08,32.619998931884766,32.81999969482422,32.220001220703125,32.61000061035156,32.09283447265625,2634200
2022-07-11,32.33000183105469,32.63999938964844,32.15999984741211,32.45000076293945,31.935373306274414,3187300
2022-07-12,32.41999816894531,33.099998474121094,32.20000076293945,32.36000061035156,31.846799850463867,2858400
2022-07-13,31.760000228881836,32.41999816894531,31.700000762939453,32.2400016784668,31.728702545166016,2819100
2022-07-14,31.770000457763672,32.04999923706055,31.34000015258789,31.989999771118164,31.482666015625,5245700
2022-07-15,32.47999954223633,33.290000915527344,32.2400016784668,33.20000076293945,32.67348098754883,4126800
2022-07-18,33.40999984741211,33.7599983215332,32.63999938964844,32.77000045776367,32.25029754638672,4795900
2022-07-19,33.22999954223633,34.2400016784668,33.18000030517578,34.189998626708984,33.64777374267578,4681200
2022-07-20,34.060001373291016,34.470001220703125,33.970001220703125,34.41999816894531,33.87412643432617,3144500
2022-07-21,34.33000183105469,34.849998474121094,34.25,34.849998474121094,34.29730987548828,3876200
2022-07-22,34.84000015258789,34.91999816894531,34.040000915527344,34.369998931884766,33.824920654296875,4481300
2022-07-25,34.5,34.900001525878906,34.060001373291016,34.4900016784668,33.94301986694336,9166000
2022-07-26,33.61000061035156,35.02000045776367,33.279998779296875,34.939998626708984,34.38587951660156,7669800
2022-07-27,35.0099983215332,36.5099983215332,34.79999923706055,35.95000076293945,35.37986755371094,6201300
2022-07-28,36.040000915527344,36.689998626708984,35.959999084472656,36.290000915527344,35.714473724365234,4242300
2022-07-29,36.349998474121094,36.93000030517578,36.150001525878906,36.7599983215332,36.17701721191406,5555100
2022-08-01,36.33000183105469,36.880001068115234,36.22999954223633,36.38999938964844,35.81288528442383,3560000
2022-08-02,36.25,36.529998779296875,36.0099983215332,36.11000061035156,35.53732681274414,3617000
2022-08-03,36.29999923706055,36.63999938964844,36.099998474121094,36.5,35.921142578125,2746600
2022-08-04,36.540000915527344,36.59000015258789,36.22999954223633,36.4900016784668,35.91130065917969,3161200
2022-08-05,36.09000015258789,36.279998779296875,35.689998626708984,35.79999923706055,35.232242584228516,4652500
2022-08-08,36.040000915527344,36.279998779296875,35.81999969482422,35.900001525878906,35.33066177368164,2271300
2022-08-09,35.75,35.90999984741211,35.290000915527344,35.380001068115234,34.818904876708984,3925800
2022-08-10,36.099998474121094,36.849998474121094,36.099998474121094,36.79999923706055,36.21638488769531,4035300
2022-08-11,37.0,37.709999084472656,37.0,37.13999938964844,36.550994873046875,3938800
2022-08-12,37.349998474121094,37.560001373291016,37.2400016784668,37.540000915527344,36.94465255737305,2146600
2022-08-15,37.29999923706055,37.72999954223633,37.119998931884766,37.18000030517578,36.59035873413086,2740500
2022-08-16,36.9900016784668,37.66999816894531,36.90999984741211,37.380001068115234,36.78718566894531,2329900
2022-08-17,36.93000030517578,36.959999084472656,35.7400016784668,36.380001068115234,35.80304718017578,6209600
2022-08-18,36.4900016784668,36.9900016784668,36.349998474121094,36.86000061035156,36.27543258666992,2397500
2022-08-19,36.560001373291016,36.59000015258789,36.0,36.189998626708984,35.61605453491211,3676600
2022-08-22,35.630001068115234,35.72999954223633,35.04999923706055,35.13999938964844,34.58271026611328,3813700
2022-08-23,35.029998779296875,35.439998626708984,34.959999084472656,35.040000915527344,34.48429489135742,2902500
2022-08-24,34.95000076293945,35.189998626708984,34.619998931884766,34.97999954223633,34.42524719238281,6094300
2022-08-25,35.25,35.869998931884766,35.18000030517578,35.849998474121094,35.28144836425781,2808800
2022-08-26,35.81999969482422,35.900001525878906,34.56999969482422,34.63999938964844,34.09063720703125,4841600
2022-08-29,34.290000915527344,34.7400016784668,34.16999816894531,34.36000061035156,33.81508255004883,3685100
2022-08-30,34.369998931884766,34.72999954223633,34.22999954223633,34.52000045776367,34.241615295410156,4941500
2022-08-31,34.66999816894531,34.88999938964844,34.31999969482422,34.31999969482422,34.0432243347168,7606900
2022-09-01,34.150001525878906,34.209999084472656,33.349998474121094,33.869998931884766,33.59685516357422,4162700
2022-09-02,34.310001373291016,34.5,32.90999984741211,33.150001525878906,32.88266372680664,6728900
2022-09-06,33.2599983215332,33.310001373291016,32.689998626708984,32.790000915527344,32.52556610107422,3840400
2022-09-07,32.95000076293945,33.47999954223633,32.83000183105469,32.9900016784668,32.72395324707031,6926700
2022-09-08,32.7599983215332,33.380001068115234,32.25,33.11000061035156,32.84298324584961,9251200
2022-09-09,33.5,33.75,33.13999938964844,33.63999938964844,33.368709564208984,3781500
2022-09-12,33.939998626708984,34.34000015258789,33.86000061035156,34.31999969482422,34.0432243347168,5960400
2022-09-13,33.4900016784668,33.619998931884766,32.779998779296875,32.91999816894531,32.65451431274414,4591300
2022-09-14,32.86000061035156,33.029998779296875,32.43000030517578,32.91999816894531,32.65451431274414,5312600
2022-09-15,32.790000915527344,33.060001373291016,32.36000061035156,32.61000061035156,32.347015380859375,5695900
2022-09-16,32.2400016784668,32.33000183105469,31.850000381469727,32.060001373291016,31.80145263671875,9532200
2022-09-19,31.75,32.40999984741211,31.700000762939453,32.369998931884766,32.108951568603516,3779700
2022-09-20,32.08000183105469,32.099998474121094,31.549999237060547,31.700000762939453,31.444355010986328,3433200
2022-09-21,31.850000381469727,32.060001373291016,31.059999465942383,31.059999465942383,30.80951499938965,3838000
2022-09-22,31.049999237060547,31.280000686645508,30.610000610351562,30.719999313354492,30.472257614135742,4238900
2022-09-23,30.420000076293945,30.600000381469727,29.889999389648438,30.309999465942383,30.06556510925293,3842700
2022-09-26,30.049999237060547,30.530000686645508,29.8700008392334,29.889999389648438,29.648950576782227,3586000
2022-09-27,30.139999389648438,30.309999465942383,29.18000030517578,29.5,29.262096405029297,4705700
2022-09-28,29.56999969482422,30.0,29.3700008392334,29.93000030517578,29.688629150390625,6081100
2022-09-29,29.549999237060547,29.780000686645508,29.219999313354492,29.6200008392334,29.38113021850586,4571000
2022-09-30,29.5,29.920000076293945,28.979999542236328,29.020000457763672,28.785968780517578,4342400
2022-10-03,29.3799991607666,30.0,29.1299991607666,29.8700008392334,29.629114151000977,4152000
2022-10-04,30.579999923706055,31.579999923706055,30.459999084472656,31.530000686645508,31.275726318359375,6731500
2022-10-05,31.100000381469727,31.489999771118164,30.81999969482422,31.31999969482422,31.067419052124023,3968200
2022-10-06,31.329999923706055,31.600000381469727,31.170000076293945,31.489999771118164,31.236047744750977,4709000
2022-10-07,31.0,31.079999923706055,30.209999084472656,30.459999084472656,30.214353561401367,4182000
2022-10-10,30.65999984741211,30.760000228881836,30.030000686645508,30.1299991607666,29.88701629638672,3438100
2022-10-11,29.84000015258789,30.3700008392334,29.530000686645508,29.899999618530273,29.658870697021484,3860600
2022-10-12,29.93000030517578,30.360000610351562,29.770000457763672,30.079999923706055,29.837419509887695,3604600
2022-10-13,29.309999465942383,30.860000610351562,29.15999984741211,30.579999923706055,30.33338737487793,5873900
2022-10-14,31.0,31.170000076293945,30.040000915527344,30.200000762939453,29.956453323364258,4636800
2022-10-17,30.850000381469727,31.520000457763672,30.81999969482422,31.260000228881836,31.007904052734375,5790200
2022-10-18,32.0,32.099998474121094,31.1200008392334,31.5,31.245967864990234,5379200
2022-10-19,31.049999237060547,31.579999923706055,31.030000686645508,31.420000076293945,31.16661262512207,3717800
2022-10-20,31.510000228881836,32.099998474121094,30.700000762939453,30.899999618530273,30.650806427001953,5433700
2022-10-21,30.969999313354492,32.29999923706055,30.81999969482422,32.189998626708984,31.930402755737305,14456900
2022-10-24,32.209999084472656,32.45000076293945,31.790000915527344,32.33000183105469,32.06927490234375,7771900
2022-10-25,29.829999923706055,31.780000686645508,29.6299991607666,31.729999542236328,31.47411346435547,15604600
2022-10-26,31.43000030517578,32.61000061035156,31.329999923706055,32.38999938964844,32.12879180908203,7357600
2022-10-27,32.63999938964844,32.93000030517578,31.969999313354492,32.11000061035156,31.851049423217773,4848100
2022-10-28,32.2599983215332,32.619998931884766,32.130001068115234,32.4900016784668,32.22798538208008,3517400
2022-10-31,32.2599983215332,32.310001373291016,31.940000534057617,32.16999816894531,31.91056251525879,4122500
2022-11-01,32.560001373291016,32.66999816894531,31.969999313354492,32.560001373291016,32.297420501708984,4012800
2022-11-02,32.459999084472656,32.93000030517578,31.739999771118164,31.75,31.49395179748535,3869300
2022-11-03,31.280000686645508,32.15999984741211,31.06999969482422,31.8799991607666,31.622901916503906,3546400
2022-11-04,32.560001373291016,33.0099983215332,32.369998931884766,32.88999938964844,32.624755859375,3736600
2022-11-07,33.16999816894531,33.220001220703125,32.650001525878906,33.08000183105469,32.813228607177734,3255700
2022-11-08,33.349998474121094,33.529998779296875,32.59000015258789,32.97999954223633,32.71403121948242,4569700
2022-11-09,32.790000915527344,32.91999816894531,31.969999313354492,32.060001373291016,31.80145263671875,4365800
2022-11-10,33.900001525878906,33.959999084472656,33.16999816894531,33.900001525878906,33.62661361694336,5408100
2022-11-11,34.16999816894531,34.880001068115234,34.0,34.459999084472656,34.18209457397461,3783000
2022-11-14,34.31999969482422,34.79999923706055,33.95000076293945,33.9900016784668,33.71588897705078,4856000
2022-11-15,34.47999954223633,34.810001373291016,33.720001220703125,34.36000061035156,34.08290481567383,4641000
2022-11-16,34.20000076293945,34.20000076293945,33.16999816894531,33.47999954223633,33.209999084472656,4376700
2022-11-17,32.65999984741211,33.310001373291016,32.650001525878906,33.290000915527344,33.290000915527344,2862100
2022-11-18,33.70000076293945,34.029998779296875,33.650001525878906,33.88999938964844,33.88999938964844,3315000
2022-11-21,33.7400016784668,33.849998474121094,33.47999954223633,33.65999984741211,33.65999984741211,3035300
2022-11-22,33.81999969482422,34.25,33.79999923706055,33.97999954223633,33.97999954223633,3400300
2022-11-23,33.9900016784668,34.22999954223633,33.5099983215332,33.91999816894531,33.91999816894531,3657500
2022-11-25,34.0099983215332,34.369998931884766,34.0,34.119998931884766,34.119998931884766,1414700
2022-11-28,33.790000915527344,33.79999923706055,32.88999938964844,33.11000061035156,33.11000061035156,5444100
2022-11-29,33.209999084472656,33.52000045776367,32.880001068115234,33.40999984741211,33.40999984741211,3194900
2022-11-30,33.439998626708984,34.20000076293945,32.9900016784668,34.130001068115234,34.130001068115234,7799900
2022-12-01,34.34000015258789,34.7400016784668,34.119998931884766,34.2400016784668,34.2400016784668,4394300
2022-12-02,33.79999923706055,34.0099983215332,33.599998474121094,34.0,34.0,3118000
2022-12-05,33.72999954223633,33.779998779296875,33.38999938964844,33.5,33.5,3193300
2022-12-06,33.4900016784668,33.5099983215332,32.95000076293945,33.279998779296875,33.279998779296875,2982800
2022-12-07,33.119998931884766,33.41999816894531,32.9900016784668,33.119998931884766,33.119998931884766,2179800
2022-12-08,33.29999923706055,33.47999954223633,33.11000061035156,33.31999969482422,33.31999969482422,2327100
2022-12-09,33.290000915527344,33.52000045776367,32.91999816894531,33.02000045776367,33.02000045776367,4742900
2022-12-12,32.880001068115234,33.560001373291016,32.81999969482422,33.4900016784668,33.4900016784668,4068500
2022-12-13,34.220001220703125,34.439998626708984,33.720001220703125,33.9900016784668,33.9900016784668,3034800
2022-12-14,33.900001525878906,34.36000061035156,33.36000061035156,33.72999954223633,33.72999954223633,4078700
2022-12-15,33.22999954223633,33.29999923706055,32.689998626708984,32.790000915527344,32.790000915527344,3739700
2022-12-16,32.45000076293945,32.56999969482422,31.809999465942383,32.29999923706055,32.29999923706055,9870500
2022-12-19,32.369998931884766,32.5,31.59000015258789,31.75,31.75,5007800
2022-12-20,31.6200008392334,31.8799991607666,31.389999389648438,31.549999237060547,31.549999237060547,3933100
2022-12-21,31.75,32.15999984741211,31.65999984741211,32.029998779296875,32.029998779296875,2783600
2022-12-22,31.709999084472656,31.780000686645508,30.93000030517578,31.56999969482422,31.56999969482422,3020900
2022-12-23,31.459999084472656,31.829999923706055,31.309999465942383,31.75,31.75,1988600
2022-12-27,31.799999237060547,31.979999542236328,31.649999618530273,31.899999618530273,31.899999618530273,2320000
2022-12-28,31.81999969482422,32.029998779296875,31.3700008392334,31.420000076293945,31.420000076293945,1923500
2022-12-29,31.700000762939453,32.16999816894531,31.639999389648438,31.979999542236328,31.979999542236328,2136200
2022-12-30,31.780000686645508,31.979999542236328,31.579999923706055,31.940000534057617,31.940000534057617,2592500
2023-01-03,32.13999938964844,32.54999923706055,31.940000534057617,32.540000915527344,32.540000915527344,3548700
2023-01-04,33.52000045776367,34.189998626708984,33.189998626708984,34.11000061035156,34.11000061035156,5799200
2023-01-05,33.880001068115234,34.5099983215332,33.650001525878906,34.38999938964844,34.38999938964844,5257100
2023-01-06,34.849998474121094,35.630001068115234,34.79999923706055,35.380001068115234,35.380001068115234,5306100
2023-01-09,35.56999969482422,35.7599983215332,35.279998779296875,35.41999816894531,35.41999816894531,6845500
2023-01-10,35.41999816894531,35.97999954223633,35.380001068115234,35.84000015258789,35.84000015258789,3129900
2023-01-11,36.0,36.41999816894531,35.75,36.40999984741211,36.40999984741211,3592900
2023-01-12,36.540000915527344,36.939998626708984,36.310001373291016,36.540000915527344,36.540000915527344,4315500
2023-01-13,36.34000015258789,36.369998931884766,36.040000915527344,36.06999969482422,36.06999969482422,3643300
