Date,Open,High,Low,Close,Adj Close,Volume
2022-01-18,17.100000381469727,17.229999542236328,16.850000381469727,17.040000915527344,16.057300567626953,11260200
2022-01-19,17.100000381469727,17.350000381469727,16.649999618530273,16.649999618530273,15.689790725708008,8335600
2022-01-20,16.65999984741211,16.860000610351562,15.989999771118164,16.059999465942383,15.13381576538086,8608100
2022-01-21,15.869999885559082,16.31999969482422,15.649999618530273,15.859999656677246,14.94534969329834,7971200
2022-01-24,15.5600004196167,17.1299991607666,15.449999809265137,17.1200008392334,16.1326847076416,11855500
2022-01-25,16.829999923706055,17.860000610351562,16.780000686645508,17.709999084472656,16.688657760620117,9692000
2022-01-26,17.8799991607666,18.110000610351562,17.290000915527344,17.559999465942383,16.54730987548828,9469200
2022-01-27,17.860000610351562,18.209999084472656,17.299999237060547,17.469999313354492,16.462499618530273,11282300
2022-01-28,17.489999771118164,17.790000915527344,16.950000762939453,17.770000457763672,16.745201110839844,8795300
2022-01-31,17.600000381469727,18.1200008392334,17.510000228881836,18.06999969482422,17.02789878845215,7490600
2022-02-01,17.940000534057617,18.440000534057617,17.899999618530273,18.280000686645508,17.225788116455078,9614900
2022-02-02,18.459999084472656,18.459999084472656,17.610000610351562,17.68000030517578,16.660390853881836,61993900
2022-02-03,17.110000610351562,17.899999618530273,17.020000457763672,17.110000610351562,16.123262405395508,12809700
2022-02-04,17.100000381469727,17.299999237060547,16.579999923706055,17.010000228881836,16.029029846191406,7819000
2022-02-07,17.139999389648438,17.5,16.81999969482422,16.920000076293945,15.944220542907715,6817900
2022-02-08,17.0,17.579999923706055,16.8700008392334,17.3799991607666,16.3776912689209,6194500
2022-02-09,17.479999542236328,17.540000915527344,17.190000534057617,17.34000015258789,16.339998245239258,8041200
2022-02-10,17.190000534057617,17.8799991607666,17.139999389648438,17.270000457763672,16.27403450012207,7120600
2022-02-11,17.270000457763672,17.270000457763672,15.800000190734863,15.9399995803833,15.020735740661621,15844300
2022-02-14,16.040000915527344,16.18000030517578,15.359999656677246,15.369999885559082,14.483607292175293,11528600
2022-02-15,15.050000190734863,15.5600004196167,14.880000114440918,15.489999771118164,14.596688270568848,14243400
2022-02-16,15.380000114440918,16.170000076293945,15.260000228881836,15.34000015258789,14.455338478088379,8799800
2022-02-17,15.180000305175781,15.489999771118164,14.479999542236328,14.529999732971191,13.69205093383789,8366600
2022-02-18,14.470000267028809,14.819999694824219,14.350000381469727,14.539999961853027,13.701473236083984,6436700
2022-02-22,14.539999961853027,14.850000381469727,14.050000190734863,14.100000381469727,13.286850929260254,8076500
2022-02-23,14.130000114440918,14.270000457763672,13.510000228881836,13.569999694824219,12.78741455078125,10871500
2022-02-24,13.119999885559082,14.399999618530273,13.119999885559082,14.34000015258789,13.513009071350098,8961000
2022-02-25,14.239999771118164,14.789999961853027,14.140000343322754,14.75,13.89936351776123,7003400
2022-02-28,14.529999732971191,14.680000305175781,14.3100004196167,14.550000190734863,13.710898399353027,7784100
2022-03-01,14.40999984741211,14.550000190734863,13.710000038146973,13.819999694824219,13.022995948791504,8986900
2022-03-02,13.850000381469727,14.630000114440918,13.779999732971191,14.569999694824219,13.729744911193848,8535400
2022-03-03,14.479999542236328,14.569999694824219,13.949999809265137,14.25,13.42819881439209,22366100
2022-03-04,15.539999961853027,16.139999389648438,13.739999771118164,14.25,13.42819881439209,38502600
2022-03-07,14.25,15.109999656677246,14.010000228881836,14.100000381469727,13.286850929260254,20082100
2022-03-08,14.289999961853027,15.109999656677246,14.220000267028809,14.460000038146973,13.626089096069336,13817300
2022-03-09,14.579999923706055,14.9399995803833,14.220000267028809,14.380000114440918,13.550701141357422,11858000
2022-03-10,14.149999618530273,14.34000015258789,13.819999694824219,14.279999732971191,13.456467628479004,10255400
2022-03-11,14.40999984741211,14.430000305175781,13.970000267028809,14.109999656677246,13.296273231506348,8621700
2022-03-14,14.220000267028809,14.5,13.829999923706055,13.930000305175781,13.126653671264648,7388500
2022-03-15,13.850000381469727,14.600000381469727,13.850000381469727,14.59000015258789,13.748591423034668,7697300
2022-03-16,14.739999771118164,15.529999732971191,14.680000305175781,15.520000457763672,14.624958992004395,9313100
2022-03-17,15.420000076293945,15.420000076293945,15.029999732971191,15.390000343322754,14.502455711364746,6950000
2022-03-18,15.289999961853027,15.479999542236328,15.050000190734863,15.470000267028809,14.577840805053711,8351900
2022-03-21,15.460000038146973,15.489999771118164,14.65999984741211,14.699999809265137,13.85224723815918,7440500
2022-03-22,14.800000190734863,15.119999885559082,14.649999618530273,14.789999961853027,13.937056541442871,6761900
2022-03-23,14.65999984741211,14.760000228881836,13.989999771118164,14.069999694824219,13.25857925415039,9038100
2022-03-24,14.109999656677246,14.260000228881836,13.970000267028809,14.050000190734863,13.23973274230957,5049200
2022-03-25,14.09000015258789,14.359999656677246,13.880000114440918,14.210000038146973,13.390506744384766,7533800
2022-03-28,14.149999618530273,14.720000267028809,13.84000015258789,14.710000038146973,13.86167049407959,6761800
2022-03-29,14.920000076293945,15.170000076293945,14.699999809265137,15.109999656677246,14.238601684570312,7464800
2022-03-30,14.960000038146973,15.050000190734863,14.59000015258789,14.649999618530273,13.805130958557129,5700600
2022-03-31,14.390000343322754,14.529999732971191,14.010000228881836,14.079999923706055,13.268003463745117,8017000
2022-04-01,13.90999984741211,14.180000305175781,13.4399995803833,13.520000457763672,12.7402982711792,11214800
2022-04-04,13.529999732971191,14.289999961853027,13.510000228881836,14.210000038146973,13.390506744384766,8936700
2022-04-05,14.079999923706055,14.270000457763672,13.680000305175781,13.699999809265137,13.047647476196289,8040600
2022-04-06,13.520000457763672,13.59000015258789,12.9399995803833,13.260000228881836,12.628599166870117,9409000
2022-04-07,13.149999618530273,13.289999961853027,12.779999732971191,13.199999809265137,12.571455955505371,6925800
2022-04-08,13.170000076293945,13.449999809265137,12.970000267028809,13.3100004196167,12.67621898651123,6529100
2022-04-11,13.239999771118164,14.170000076293945,13.239999771118164,13.569999694824219,12.923837661743164,7196200
2022-04-12,13.770000457763672,14.149999618530273,13.34000015258789,13.359999656677246,12.723836898803711,7163700
2022-04-13,13.279999732971191,15.359999656677246,13.270000457763672,14.460000038146973,13.771458625793457,34007400
2022-04-14,14.34000015258789,14.529999732971191,14.100000381469727,14.109999656677246,13.43812370300293,5514900
2022-04-18,14.470000267028809,14.899999618530273,14.15999984741211,14.279999732971191,13.600028991699219,8325600
2022-04-19,14.390000343322754,14.869999885559082,14.329999923706055,14.550000190734863,13.857173919677734,6058200
2022-04-20,14.720000267028809,14.739999771118164,14.34000015258789,14.369999885559082,13.685744285583496,4541500
2022-04-21,14.739999771118164,14.829999923706055,14.170000076293945,14.289999961853027,13.609553337097168,6209800
2022-04-22,11.550000190734863,11.880000114440918,11.069999694824219,11.720000267028809,11.161930084228516,39124400
2022-04-25,12.0,12.4399995803833,11.699999809265137,12.4399995803833,11.847644805908203,18223600
2022-04-26,12.300000190734863,12.569999694824219,12.010000228881836,12.510000228881836,11.914312362670898,10201500
2022-04-27,12.5600004196167,12.829999923706055,12.40999984741211,12.510000228881836,11.914312362670898,10634000
2022-04-28,12.6899995803833,12.989999771118164,12.399999618530273,12.859999656677246,12.24764633178711,8726500
2022-04-29,12.789999961853027,12.979999542236328,12.390000343322754,12.420000076293945,11.828597068786621,5845500
2022-05-02,12.460000038146973,13.020000457763672,12.289999961853027,13.0,12.380979537963867,7359900
2022-05-03,13.0,13.329999923706055,12.930000305175781,13.069999694824219,12.44764518737793,7474600
2022-05-04,13.0,13.529999732971191,12.8100004196167,13.520000457763672,12.876218795776367,6802200
2022-05-05,13.239999771118164,13.3100004196167,12.710000038146973,12.859999656677246,12.24764633178711,6083300
2022-05-06,12.850000381469727,12.9399995803833,12.119999885559082,12.6899995803833,12.085740089416504,7791000
2022-05-09,12.430000305175781,12.979999542236328,12.390000343322754,12.510000228881836,11.914312362670898,11325800
2022-05-10,12.569999694824219,12.729999542236328,11.680000305175781,11.9399995803833,11.371453285217285,7081900
2022-05-11,12.09000015258789,12.199999809265137,11.399999618530273,11.399999618530273,10.857166290283203,6409000
2022-05-12,11.380000114440918,12.260000228881836,11.289999961853027,11.989999771118164,11.419073104858398,6935900
2022-05-13,12.170000076293945,12.550000190734863,12.029999732971191,12.149999618530273,11.571453094482422,6931300
2022-05-16,12.029999732971191,12.539999961853027,11.8100004196167,12.520000457763672,11.923836708068848,6433500
2022-05-17,12.59000015258789,12.920000076293945,12.3100004196167,12.8100004196167,12.200027465820312,6165100
2022-05-18,12.149999618530273,12.1899995803833,11.4399995803833,11.550000190734863,11.00002384185791,8871200
2022-05-19,11.3100004196167,11.510000228881836,11.069999694824219,11.1899995803833,10.657164573669434,9349100
2022-05-20,11.180000305175781,11.289999961853027,10.520000457763672,10.930000305175781,10.409546852111816,9939200
2022-05-23,10.449999809265137,10.649999618530273,10.050000190734863,10.329999923706055,9.838116645812988,12472600
2022-05-24,9.850000381469727,10.039999961853027,9.239999771118164,9.470000267028809,9.019067764282227,16299400
2022-05-25,9.40999984741211,10.699999809265137,9.369999885559082,10.649999618530273,10.142878532409668,15423400
2022-05-26,10.84000015258789,11.529999732971191,10.84000015258789,11.119999885559082,10.590498924255371,26948600
2022-05-27,9.819999694824219,12.029999732971191,9.510000228881836,11.600000381469727,11.04764461517334,51431700
2022-05-31,11.279999732971191,11.319999694824219,10.779999732971191,11.029999732971191,10.50478458404541,18162400
2022-06-01,11.050000190734863,11.220000267028809,10.489999771118164,10.850000381469727,10.333356857299805,11170600
2022-06-02,10.930000305175781,11.130000114440918,10.649999618530273,10.899999618530273,10.380974769592285,9929500
2022-06-03,10.859999656677246,11.100000381469727,10.800000190734863,10.84000015258789,10.323832511901855,12917000
2022-06-06,10.949999809265137,10.960000038146973,10.489999771118164,10.6899995803833,10.180974006652832,10275400
2022-06-07,10.529999732971191,10.899999618530273,10.260000228881836,10.569999694824219,10.066688537597656,11629300
2022-06-08,10.609999656677246,10.880000114440918,10.4399995803833,10.609999656677246,10.104783058166504,10124400
2022-06-09,10.640000343322754,10.75,10.109999656677246,10.119999885559082,9.638115882873535,9240600
2022-06-10,10.0,10.0,9.390000343322754,9.470000267028809,9.019067764282227,9704500
2022-06-13,9.140000343322754,9.369999885559082,8.75,9.029999732971191,8.600018501281738,13325400
2022-06-14,9.010000228881836,9.25,8.970000267028809,9.119999885559082,8.6857328414917,9238100
2022-06-15,9.270000457763672,9.4399995803833,9.109999656677246,9.170000076293945,8.733351707458496,11325900
2022-06-16,8.899999618530273,9.069999694824219,8.739999771118164,8.890000343322754,8.46668529510498,11817100
2022-06-17,8.930000305175781,9.270000457763672,8.8100004196167,9.130000114440918,8.695257186889648,9197500
2022-06-21,9.239999771118164,9.350000381469727,8.8100004196167,8.819999694824219,8.400017738342285,9444200
2022-06-22,8.699999809265137,8.90999984741211,8.5600004196167,8.710000038146973,8.295255661010742,9511000
2022-06-23,8.710000038146973,8.859999656677246,8.40999984741211,8.6899995803833,8.276208877563477,8231700
2022-06-24,8.770000457763672,9.520000457763672,8.729999542236328,9.460000038146973,9.009543418884277,10126300
2022-06-27,9.550000190734863,9.649999618530273,9.140000343322754,9.279999732971191,8.838114738464355,7517400
2022-06-28,9.420000076293945,9.609999656677246,8.960000038146973,8.970000267028809,8.542876243591309,7416600
2022-06-29,8.9399995803833,8.949999809265137,8.569999694824219,8.770000457763672,8.352398872375488,8084900
2022-06-30,8.550000190734863,8.550000190734863,8.180000305175781,8.239999771118164,7.847635746002197,10534800
2022-07-01,8.199999809265137,8.529999732971191,8.170000076293945,8.489999771118164,8.085732460021973,9630400
2022-07-05,8.199999809265137,8.760000228881836,8.15999984741211,8.720000267028809,8.454146385192871,8635600
2022-07-06,8.65999984741211,8.800000190734863,8.4399995803833,8.569999694824219,8.308719635009766,6504000
2022-07-07,8.670000076293945,8.930000305175781,8.59000015258789,8.869999885559082,8.599573135375977,7024600
2022-07-08,8.880000114440918,9.039999961853027,8.720000267028809,8.899999618530273,8.628658294677734,4495200
2022-07-11,8.8100004196167,8.920000076293945,8.520000457763672,8.760000228881836,8.492926597595215,7108300
2022-07-12,8.1899995803833,8.550000190734863,8.0,8.319999694824219,8.066340446472168,20108100
2022-07-13,8.100000381469727,8.319999694824219,7.789999961853027,8.300000190734863,8.046951293945312,14896800
2022-07-14,8.199999809265137,8.420000076293945,8.149999618530273,8.229999542236328,7.979084491729736,7889700
2022-07-15,8.300000190734863,8.420000076293945,8.220000267028809,8.329999923706055,8.07603645324707,6315400
2022-07-18,8.460000038146973,9.109999656677246,8.449999809265137,8.859999656677246,8.58987808227539,10872300
2022-07-19,9.140000343322754,9.5,9.130000114440918,9.350000381469727,9.064939498901367,7977900
2022-07-20,9.40999984741211,9.550000190734863,9.15999984741211,9.489999771118164,9.20067024230957,7224400
2022-07-21,9.40999984741211,9.479999542236328,9.149999618530273,9.369999885559082,9.084328651428223,5868100
2022-07-22,9.430000305175781,9.670000076293945,9.1899995803833,9.420000076293945,9.132804870605469,5121600
2022-07-25,9.460000038146973,9.460000038146973,9.050000190734863,9.210000038146973,8.929206848144531,6318000
2022-07-26,8.59000015258789,8.899999618530273,8.539999961853027,8.710000038146973,8.444451332092285,8053500
2022-07-27,8.84000015258789,8.960000038146973,8.539999961853027,8.880000114440918,8.609268188476562,5661800
2022-07-28,8.960000038146973,9.5600004196167,8.880000114440918,9.5600004196167,9.268536567687988,9781200
2022-07-29,9.5600004196167,9.680000305175781,9.3100004196167,9.619999885559082,9.32670783996582,9927500
2022-08-01,9.529999732971191,9.869999885559082,9.359999656677246,9.699999809265137,9.404268264770508,7099900
2022-08-02,9.579999923706055,9.770000457763672,9.470000267028809,9.510000228881836,9.220061302185059,5027600
2022-08-03,9.710000038146973,9.859999656677246,9.59000015258789,9.779999732971191,9.481829643249512,4113200
2022-08-04,9.789999961853027,9.9399995803833,9.710000038146973,9.75,9.452744483947754,4170400
2022-08-05,9.609999656677246,9.850000381469727,9.579999923706055,9.739999771118164,9.443048477172852,3978900
2022-08-08,9.869999885559082,10.600000381469727,9.869999885559082,10.270000457763672,9.956891059875488,6576600
2022-08-09,10.119999885559082,10.119999885559082,9.529999732971191,9.649999618530273,9.355792045593262,5263900
2022-08-10,9.989999771118164,10.199999809265137,9.779999732971191,9.84000015258789,9.539999961853027,5973200
2022-08-11,10.029999732971191,10.520000457763672,10.029999732971191,10.380000114440918,10.063536643981934,11325300
2022-08-12,10.5600004196167,10.6899995803833,10.289999961853027,10.640000343322754,10.315610885620117,5345700
2022-08-15,10.579999923706055,11.069999694824219,10.539999961853027,10.699999809265137,10.373780250549316,10779500
2022-08-16,10.720000267028809,11.890000343322754,10.699999809265137,11.479999542236328,11.130000114440918,9278200
2022-08-17,11.3100004196167,11.489999771118164,10.90999984741211,11.0600004196167,10.72280502319336,9636200
2022-08-18,10.979999542236328,11.0,10.5600004196167,10.869999885559082,10.53859806060791,7638700
2022-08-19,10.8100004196167,10.850000381469727,10.010000228881836,10.100000381469727,9.792073249816895,8052000
2022-08-22,9.779999732971191,10.0600004196167,9.65999984741211,10.050000190734863,9.743597984313965,9805100
2022-08-23,10.220000267028809,10.5,10.050000190734863,10.100000381469727,9.792073249816895,7213800
2022-08-24,9.989999771118164,10.029999732971191,9.720000267028809,9.90999984741211,9.607866287231445,6859600
2022-08-25,9.619999885559082,10.390000343322754,9.579999923706055,10.010000228881836,9.704816818237305,13897000
2022-08-26,10.479999542236328,10.5,9.819999694824219,9.819999694824219,9.520609855651855,13407900
2022-08-29,9.729999542236328,9.800000190734863,9.40999984741211,9.479999542236328,9.190975189208984,8565700
2022-08-30,9.8100004196167,10.039999961853027,9.5600004196167,9.670000076293945,9.37518310546875,8633400
2022-08-31,9.619999885559082,9.619999885559082,9.100000381469727,9.140000343322754,8.861342430114746,8060400
2022-09-01,8.989999771118164,9.279999732971191,8.789999961853027,9.239999771118164,8.958292007446289,9446100
2022-09-02,9.34000015258789,9.430000305175781,9.109999656677246,9.270000457763672,8.98737907409668,6777300
2022-09-06,9.430000305175781,9.520000457763672,9.109999656677246,9.130000114440918,8.851646423339844,6328100
2022-09-07,9.09000015258789,9.729999542236328,9.069999694824219,9.609999656677246,9.317011833190918,6254400
2022-09-08,9.279999732971191,9.65999984741211,8.920000076293945,9.640000343322754,9.346097946166992,6354700
2022-09-09,9.710000038146973,10.09000015258789,9.710000038146973,9.930000305175781,9.627256393432617,6799100
2022-09-12,10.079999923706055,10.319999694824219,9.869999885559082,9.960000038146973,9.656341552734375,8803500
2022-09-13,9.550000190734863,9.859999656677246,9.319999694824219,9.34000015258789,9.055244445800781,6087700
2022-09-14,9.399999618530273,9.449999809265137,9.149999618530273,9.34000015258789,9.055244445800781,5119300
2022-09-15,8.989999771118164,9.520000457763672,8.920000076293945,9.0,8.72560977935791,12912700
2022-09-16,8.859999656677246,9.260000228881836,8.800000190734863,9.119999885559082,8.841950416564941,7910700
2022-09-19,9.0600004196167,9.550000190734863,9.0600004196167,9.520000457763672,9.229756355285645,6021400
2022-09-20,9.399999618530273,9.520000457763672,9.069999694824219,9.210000038146973,8.929206848144531,8513900
2022-09-21,9.300000190734863,9.550000190734863,9.119999885559082,9.119999885559082,8.841950416564941,4953500
2022-09-22,9.180000305175781,9.210000038146973,8.850000381469727,8.859999656677246,8.58987808227539,5442100
2022-09-23,8.670000076293945,8.869999885559082,8.229999542236328,8.470000267028809,8.211769104003906,7395700
2022-09-26,8.460000038146973,8.680000305175781,8.380000114440918,8.390000343322754,8.134207725524902,6085200
2022-09-27,8.529999732971191,8.649999618530273,8.300000190734863,8.4399995803833,8.182682037353516,5328200
2022-09-28,8.470000267028809,8.789999961853027,8.4399995803833,8.739999771118164,8.473536491394043,5495000
2022-09-29,8.579999923706055,8.600000381469727,8.25,8.390000343322754,8.134207725524902,5637100
2022-09-30,8.220000267028809,8.479999542236328,7.849999904632568,8.210000038146973,7.959694862365723,6536000
2022-10-03,8.380000114440918,8.710000038146973,8.210000038146973,8.609999656677246,8.34749984741211,7805400
2022-10-04,8.75,9.260000228881836,8.670000076293945,9.239999771118164,9.117127418518066,8371300
2022-10-05,9.020000457763672,9.779999732971191,8.90999984741211,9.720000267028809,9.590744972229004,10767700
2022-10-06,9.600000381469727,9.880000114440918,9.539999961853027,9.800000190734863,9.669681549072266,7461100
2022-10-07,9.609999656677246,9.899999618530273,9.600000381469727,9.720000267028809,9.590744972229004,7881400
2022-10-10,9.779999732971191,9.90999984741211,9.34000015258789,9.640000343322754,9.511809349060059,6650200
2022-10-11,9.6899995803833,10.100000381469727,9.390000343322754,9.800000190734863,9.669681549072266,7172900
2022-10-12,9.859999656677246,9.890000343322754,9.359999656677246,9.529999732971191,9.403270721435547,7728000
2022-10-13,9.319999694824219,9.979999542236328,9.15999984741211,9.84000015258789,9.709149360656738,7709500
2022-10-14,10.010000228881836,10.170000076293945,9.729999542236328,9.880000114440918,9.748617172241211,6781700
2022-10-17,10.140000343322754,10.270000457763672,9.84000015258789,10.020000457763672,9.88675594329834,6825800
2022-10-18,10.270000457763672,10.489999771118164,9.960000038146973,10.170000076293945,10.034760475158691,11246200
2022-10-19,10.100000381469727,10.239999771118164,9.609999656677246,9.920000076293945,9.788084983825684,7769000
2022-10-20,9.949999809265137,10.260000228881836,9.670000076293945,9.720000267028809,9.590744972229004,6866100
2022-10-21,9.720000267028809,10.289999961853027,9.649999618530273,10.270000457763672,10.133431434631348,7326900
2022-10-24,10.270000457763672,10.579999923706055,10.069999694824219,10.5600004196167,10.419574737548828,5892800
2022-10-25,10.539999961853027,10.850000381469727,10.4399995803833,10.710000038146973,10.567580223083496,8701300
2022-10-26,10.619999885559082,11.050000190734863,10.569999694824219,10.829999923706055,10.68598461151123,9710000
2022-10-27,10.949999809265137,11.25,10.8100004196167,11.010000228881836,10.863591194152832,11378300
2022-10-28,10.989999771118164,11.279999732971191,10.75,11.25,11.100399017333984,7043600
2022-10-31,11.210000038146973,11.470000267028809,11.180000305175781,11.270000457763672,11.120133399963379,9095000
2022-11-01,11.479999542236328,11.640000343322754,11.319999694824219,11.470000267028809,11.317473411560059,7915000
2022-11-02,11.40999984741211,11.420000076293945,10.8100004196167,10.819999694824219,10.676116943359375,8226500
2022-11-03,10.699999809265137,10.920000076293945,10.470000267028809,10.800000190734863,10.656383514404297,8469500
2022-11-04,11.039999961853027,11.300000190734863,10.760000228881836,10.979999542236328,10.833989143371582,7381900
2022-11-07,11.020000457763672,11.170000076293945,10.75,11.15999984741211,11.011595726013184,6866300
2022-11-08,11.329999923706055,11.600000381469727,11.09000015258789,11.460000038146973,11.30760669708252,6649900
2022-11-09,11.34000015258789,11.350000381469727,10.569999694824219,10.619999885559082,10.478776931762695,7868700
2022-11-10,11.15999984741211,11.8100004196167,11.140000343322754,11.529999732971191,11.376675605773926,14632100
2022-11-11,11.5600004196167,12.5,11.529999732971191,12.279999732971191,12.11670207977295,12337300
2022-11-14,12.09000015258789,12.479999542236328,11.789999961853027,12.329999923706055,12.166037559509277,13318200
2022-11-15,12.680000305175781,13.0600004196167,12.579999923706055,12.84000015258789,12.669255256652832,14642400
2022-11-16,12.239999771118164,12.270000457763672,11.550000190734863,12.039999961853027,11.87989330291748,8649600
2022-11-17,11.859999656677246,12.739999771118164,11.819999694824219,12.710000038146973,12.540984153747559,15521500
2022-11-18,13.829999923706055,14.050000190734863,12.850000381469727,13.670000076293945,13.488218307495117,24625700
2022-11-21,13.630000114440918,14.279999732971191,13.479999542236328,14.25,14.060505867004395,15546000
2022-11-22,14.550000190734863,15.109999656677246,14.359999656677246,14.670000076293945,14.474920272827148,13292100
2022-11-23,14.619999885559082,14.850000381469727,14.489999771118164,14.739999771118164,14.543989181518555,8514200
2022-11-25,14.770000457763672,15.039999961853027,14.729999542236328,14.84000015258789,14.642660140991211,4451700
2022-11-28,14.65999984741211,14.829999923706055,14.279999732971191,14.350000381469727,14.159175872802734,9547800
2022-11-29,14.430000305175781,14.75,14.329999923706055,14.600000381469727,14.405851364135742,5673600
2022-11-30,14.609999656677246,14.630000114440918,14.079999923706055,14.539999961853027,14.346649169921875,8970900
2022-12-01,14.380000114440918,14.65999984741211,14.079999923706055,14.40999984741211,14.218378067016602,6287200
2022-12-02,14.260000228881836,14.90999984741211,14.15999984741211,14.850000381469727,14.65252685546875,6025000
2022-12-05,14.699999809265137,15.180000305175781,14.529999732971191,15.149999618530273,14.94853687286377,9723500
2022-12-06,15.170000076293945,15.210000038146973,14.329999923706055,14.59000015258789,14.395984649658203,7470800
2022-12-07,14.550000190734863,14.8100004196167,14.369999885559082,14.40999984741211,14.218378067016602,5867100
2022-12-08,14.510000228881836,14.819999694824219,14.34000015258789,14.579999923706055,14.386116981506348,5141300
2022-12-09,14.369999885559082,14.449999809265137,13.84000015258789,13.899999618530273,13.71515941619873,6698200
2022-12-12,14.220000267028809,14.319999694824219,13.75,13.970000267028809,13.784229278564453,9883400
2022-12-13,14.5,14.640000343322754,13.779999732971191,13.90999984741211,13.725027084350586,7207600
2022-12-14,13.850000381469727,14.100000381469727,13.59000015258789,13.890000343322754,13.705292701721191,6117400
2022-12-15,13.579999923706055,13.579999923706055,13.020000457763672,13.100000381469727,12.925798416137695,8345600
2022-12-16,12.930000305175781,13.1899995803833,12.819999694824219,12.949999809265137,12.777792930603027,7674400
2022-12-19,12.989999771118164,13.050000190734863,12.40999984741211,12.510000228881836,12.343644142150879,6174800
2022-12-20,12.510000228881836,12.520000457763672,12.119999885559082,12.170000076293945,12.00816535949707,8251000
2022-12-21,12.399999618530273,12.550000190734863,11.899999618530273,11.9399995803833,11.78122329711914,7834600
2022-12-22,11.710000038146973,11.800000190734863,11.539999961853027,11.770000457763672,11.613484382629395,6444600
2022-12-23,11.670000076293945,12.079999923706055,11.569999694824219,12.0600004196167,11.899628639221191,7083600
2022-12-27,12.0600004196167,12.119999885559082,11.479999542236328,11.489999771118164,11.337207794189453,7421700
2022-12-28,11.460000038146973,11.579999923706055,11.1899995803833,11.289999961853027,11.139866828918457,6783300
2022-12-29,11.329999923706055,11.529999732971191,11.329999923706055,11.399999618530273,11.248404502868652,6877000
2022-12-30,11.260000228881836,11.399999618530273,11.149999618530273,11.279999732971191,11.130000114440918,5364100
2023-01-03,11.260000228881836,11.380000114440918,10.819999694824219,11.329999923706055,11.329999923706055,8168100
2023-01-04,11.470000267028809,11.869999885559082,11.3100004196167,11.779999732971191,11.779999732971191,9550300
2023-01-05,11.100000381469727,11.65999984741211,11.010000228881836,11.40999984741211,11.40999984741211,8410700
2023-01-06,11.479999542236328,11.829999923706055,11.40999984741211,11.779999732971191,11.779999732971191,5595500
2023-01-09,11.699999809265137,12.1899995803833,11.609999656677246,12.029999732971191,12.029999732971191,9078300
2023-01-10,12.0600004196167,12.199999809265137,11.789999961853027,12.1899995803833,12.1899995803833,5624800
2023-01-11,12.260000228881836,12.569999694824219,12.149999618530273,12.5,12.5,4913000
2023-01-12,12.569999694824219,12.880000114440918,12.4399995803833,12.789999961853027,12.789999961853027,7554300
2023-01-13,12.649999618530273,13.039999961853027,12.569999694824219,12.90999984741211,12.90999984741211,6007700
