Date,Open,High,Low,Close,Adj Close,Volume
2022-01-18,99.58000183105469,100.61000061035156,98.62999725341797,100.12999725341797,96.69678497314453,827400
2022-01-19,100.2300033569336,100.69999694824219,98.77999877929688,99.12999725341797,95.7310791015625,663400
2022-01-20,99.20999908447266,100.48999786376953,97.79000091552734,98.1500015258789,94.78468322753906,771300
2022-01-21,98.30999755859375,98.30999755859375,95.7300033569336,95.91999816894531,92.63114166259766,1268000
2022-01-24,94.66000366210938,97.5199966430664,93.61000061035156,97.41000366210938,94.07005310058594,1278300
2022-01-25,96.93000030517578,97.05000305175781,93.55999755859375,95.58000183105469,92.30280303955078,1037100
2022-01-26,94.0,96.23999786376953,88.55999755859375,89.79000091552734,86.71133422851562,2393000
2022-01-27,90.27999877929688,91.29000091552734,88.23999786376953,88.47000122070312,85.43658447265625,1320100
2022-01-28,87.87000274658203,90.02999877929688,85.97000122070312,89.97000122070312,86.88514709472656,1346100
2022-01-31,88.77999877929688,92.80000305175781,88.5,92.4800033569336,89.9892349243164,2808300
2022-02-01,92.75,94.72000122070312,92.37999725341797,94.52999877929688,91.98401641845703,1150600
2022-02-02,94.75,95.68000030517578,93.94000244140625,95.52999877929688,92.95709228515625,1183800
2022-02-03,94.80000305175781,96.4000015258789,93.43000030517578,93.77999877929688,91.25421905517578,939000
2022-02-04,93.58999633789062,94.61000061035156,92.55999755859375,93.91999816894531,91.39044189453125,1409700
2022-02-07,93.83999633789062,94.33999633789062,90.01000213623047,93.0,90.49522399902344,1707500
2022-02-08,92.16999816894531,92.5999984741211,89.95999908447266,92.29000091552734,89.80435180664062,2250300
2022-02-09,93.26000213623047,96.5,93.0,96.2300033569336,93.63823699951172,945100
2022-02-10,95.19999694824219,97.79000091552734,94.43000030517578,94.93000030517578,92.37324523925781,1134100
2022-02-11,94.55000305175781,95.47000122070312,93.94999694824219,94.38999938964844,91.84779357910156,1478300
2022-02-14,94.73999786376953,95.55999755859375,94.3499984741211,94.55999755859375,92.0132064819336,1209300
2022-02-15,95.79000091552734,96.95999908447266,95.30000305175781,96.44999694824219,93.85230255126953,1345700
2022-02-16,96.66999816894531,97.30000305175781,95.7699966430664,97.04000091552734,94.42642211914062,1125900
2022-02-17,102.6500015258789,105.12999725341797,98.2699966430664,99.08000183105469,96.41148376464844,3621500
2022-02-18,99.08000183105469,99.38999938964844,97.05000305175781,97.9800033569336,95.34111022949219,1194900
2022-02-22,97.3499984741211,97.87999725341797,94.0,94.20999908447266,91.67263793945312,1548600
2022-02-23,94.0,95.5999984741211,91.87000274658203,92.13999938964844,89.65839385986328,914600
2022-02-24,89.75,93.4000015258789,89.66000366210938,93.18000030517578,90.67037963867188,965600
2022-02-25,93.0,96.77999877929688,93.0,96.70999908447266,94.10530853271484,962000
2022-02-28,96.16999816894531,99.8499984741211,95.55000305175781,97.05000305175781,94.4361572265625,2032400
2022-03-01,96.55999755859375,97.45999908447266,94.06999969482422,94.81999969482422,92.2662124633789,716500
2022-03-02,94.88999938964844,97.30000305175781,94.83000183105469,96.7699966430664,94.16368865966797,621300
2022-03-03,97.55000305175781,97.55000305175781,93.75,94.19000244140625,91.6531753540039,669100
2022-03-04,93.69000244140625,93.98999786376953,91.30999755859375,92.44999694824219,89.96003723144531,1056900
2022-03-07,91.5,92.44999694824219,88.9800033569336,89.12999725341797,86.72945404052734,979500
2022-03-08,88.7699966430664,91.31999969482422,87.38999938964844,88.08999633789062,85.71746826171875,1209200
2022-03-09,90.0,90.98999786376953,89.70999908447266,89.93000030517578,87.50791931152344,1113500
2022-03-10,89.12000274658203,89.44000244140625,88.12999725341797,88.98999786376953,86.59322357177734,1067900
2022-03-11,89.16999816894531,89.26000213623047,86.37999725341797,86.47000122070312,84.14109802246094,747300
2022-03-14,87.05999755859375,88.94000244140625,86.30999755859375,86.83999633789062,84.50112915039062,1614000
2022-03-15,86.83000183105469,88.45999908447266,86.72000122070312,88.0199966430664,85.64935302734375,1277000
2022-03-16,88.80999755859375,90.52999877929688,87.83000183105469,89.94999694824219,87.52737426757812,1053900
2022-03-17,89.88999938964844,90.19999694824219,88.95999908447266,89.66999816894531,87.25491333007812,1009400
2022-03-18,89.45999908447266,89.83000183105469,88.36000061035156,89.33000183105469,86.924072265625,2447800
2022-03-21,89.4000015258789,89.95999908447266,88.31999969482422,89.4000015258789,86.9921875,1291000
2022-03-22,89.58999633789062,90.52999877929688,88.97000122070312,89.16999816894531,86.76837921142578,1731600
2022-03-23,88.81999969482422,88.81999969482422,85.05000305175781,85.12000274658203,82.82745361328125,1024700
2022-03-24,85.55000305175781,86.02999877929688,84.38999938964844,85.5,83.19722747802734,1555100
2022-03-25,85.55000305175781,85.98999786376953,84.55000305175781,84.87999725341797,82.59392547607422,1022600
2022-03-28,84.93000030517578,84.93000030517578,83.19000244140625,83.83000183105469,81.57219696044922,1690600
2022-03-29,85.16000366210938,87.76000213623047,85.16000366210938,86.44000244140625,84.11190795898438,2681500
2022-03-30,85.9800033569336,86.55000305175781,83.97000122070312,84.5,82.22416687011719,1592700
2022-03-31,84.72000122070312,84.93000030517578,81.16000366210938,81.91999816894531,79.71365356445312,2896900
2022-04-01,82.33999633789062,84.45999908447266,81.83999633789062,84.44999694824219,82.17549896240234,1582200
2022-04-04,84.37000274658203,85.2300033569336,84.08999633789062,85.12000274658203,82.82745361328125,1259000
2022-04-05,84.5999984741211,85.63999938964844,84.36000061035156,85.05000305175781,82.75934600830078,1498800
2022-04-06,84.4000015258789,85.98999786376953,83.70999908447266,85.44000244140625,83.13884735107422,1072100
2022-04-07,85.44000244140625,85.56999969482422,83.27999877929688,84.68000030517578,82.39930725097656,1529300
2022-04-08,84.66999816894531,85.4000015258789,83.95999908447266,84.36000061035156,82.08793640136719,793100
2022-04-11,84.13999938964844,85.51000213623047,83.5,83.5999984741211,81.34839630126953,925000
2022-04-12,84.11000061035156,85.0999984741211,82.6500015258789,82.76000213623047,80.53102111816406,769900
2022-04-13,83.3499984741211,84.02999877929688,83.19999694824219,83.80000305175781,81.54302215576172,715800
2022-04-14,84.11000061035156,85.41000366210938,84.11000061035156,85.22000122070312,82.92476654052734,1668600
2022-04-18,85.08999633789062,85.25,83.05000305175781,83.52999877929688,81.28028106689453,1029600
2022-04-19,83.4800033569336,88.66999816894531,83.38999938964844,87.83999633789062,85.47419738769531,2246200
2022-04-20,88.4800033569336,88.98999786376953,87.13999938964844,88.69000244140625,86.30130767822266,1484400
2022-04-21,89.2699966430664,89.9000015258789,88.11000061035156,88.44999694824219,86.06777954101562,1366800
2022-04-22,88.48999786376953,89.04000091552734,87.27999877929688,87.93000030517578,85.56178283691406,1318100
2022-04-25,87.97000122070312,89.95999908447266,87.05999755859375,89.54000091552734,87.12841796875,1219800
2022-04-26,88.72000122070312,89.5,87.97000122070312,88.26000213623047,85.88288879394531,1232800
2022-04-27,88.73999786376953,91.48999786376953,88.72000122070312,90.5999984741211,88.15986633300781,1938600
2022-04-28,91.11000061035156,92.5199966430664,88.37000274658203,90.45999908447266,88.02363586425781,1364900
2022-04-29,89.55999755859375,90.23999786376953,87.81999969482422,88.05999755859375,86.35652160644531,1510300
2022-05-02,87.87999725341797,89.7300033569336,87.52999877929688,89.66999816894531,87.93537902832031,1066500
2022-05-03,90.04000091552734,92.4800033569336,90.02999877929688,92.16999816894531,90.38701629638672,1162500
2022-05-04,92.2300033569336,94.22000122070312,91.38999938964844,94.1500015258789,92.32872009277344,1048500
2022-05-05,92.9800033569336,93.37000274658203,90.93000030517578,92.08000183105469,90.29875946044922,1062000
2022-05-06,91.62999725341797,92.68000030517578,90.55000305175781,91.91999816894531,90.14185333251953,1104600
2022-05-09,90.9000015258789,92.12999725341797,88.48999786376953,88.5,86.78800964355469,1366900
2022-05-10,89.68000030517578,89.88999938964844,87.20999908447266,88.62000274658203,86.90569305419922,1409800
2022-05-11,88.58999633789062,90.01000213623047,87.0,87.58999633789062,85.89561462402344,1301500
2022-05-12,87.05999755859375,89.56999969482422,87.05999755859375,89.51000213623047,87.77847290039062,974500
2022-05-13,90.3499984741211,92.37999725341797,90.04000091552734,92.0999984741211,90.31836700439453,897800
2022-05-16,91.7300033569336,92.30000305175781,90.93000030517578,91.19999694824219,89.43578338623047,711200
2022-05-17,91.44000244140625,92.55999755859375,90.91000366210938,92.55999755859375,90.76947021484375,739400
2022-05-18,91.81999969482422,92.18000030517578,90.41999816894531,90.7300033569336,88.9748764038086,843900
2022-05-19,89.94999694824219,90.86000061035156,86.5999984741211,86.76000213623047,85.08167266845703,1130300
2022-05-20,87.0999984741211,87.37999725341797,80.72000122070312,84.69999694824219,83.06151580810547,2960800
2022-05-23,85.0,85.41999816894531,83.4000015258789,84.95999908447266,83.31649017333984,1318200
2022-05-24,84.27999877929688,84.5,81.5199966430664,81.61000061035156,80.03129577636719,1134800
2022-05-25,81.30000305175781,83.8499984741211,81.0999984741211,83.56999969482422,81.95338439941406,879000
2022-05-26,84.04000091552734,86.51000213623047,84.04000091552734,85.98999786376953,84.3265609741211,902000
2022-05-27,86.37999725341797,87.31999969482422,86.19000244140625,87.08000183105469,85.3954849243164,905400
2022-05-31,87.05999755859375,90.33999633789062,85.83999633789062,89.75,88.01383209228516,1995700
2022-06-01,89.9000015258789,91.52999877929688,89.13999938964844,89.44999694824219,87.71963500976562,1203700
2022-06-02,90.08999633789062,90.33000183105469,88.87999725341797,89.87000274658203,88.13151550292969,812900
2022-06-03,89.4800033569336,89.7699966430664,87.94000244140625,88.79000091552734,87.07240295410156,577600
2022-06-06,89.30999755859375,89.55000305175781,88.18000030517578,88.56999969482422,86.85665893554688,472200
2022-06-07,87.76000213623047,88.97000122070312,87.0,88.81999969482422,87.10182189941406,726000
2022-06-08,88.58000183105469,89.26000213623047,87.87999725341797,88.33000183105469,86.62130737304688,626900
2022-06-09,88.2699966430664,89.12999725341797,87.27999877929688,87.29000091552734,85.60142517089844,657300
2022-06-10,86.11000061035156,86.22000122070312,84.9000015258789,84.91999816894531,83.27726745605469,688500
2022-06-13,83.26000213623047,83.8499984741211,80.75,81.2699966430664,79.69786834716797,997800
2022-06-14,81.16999816894531,81.36000061035156,80.16999816894531,80.75,79.18792724609375,1090400
2022-06-15,80.80999755859375,82.87999725341797,80.80999755859375,81.76000213623047,80.17839813232422,998800
2022-06-16,80.20999908447266,80.7699966430664,78.63999938964844,79.01000213623047,77.48159790039062,1125000
2022-06-17,78.98999786376953,80.86000061035156,78.31999969482422,80.11000061035156,78.56031799316406,1740600
2022-06-21,80.87999725341797,82.91000366210938,80.1500015258789,82.45999908447266,80.86485290527344,904300
2022-06-22,81.81999969482422,83.33999633789062,81.55999755859375,82.2699966430664,80.67852020263672,815500
2022-06-23,82.68000030517578,83.38999938964844,82.31999969482422,83.05999755859375,81.45323944091797,649700
2022-06-24,83.5999984741211,85.91999816894531,83.5999984741211,85.73999786376953,84.0813980102539,1208400
2022-06-27,86.0,86.41999816894531,84.80999755859375,85.6500015258789,83.99314880371094,607000
2022-06-28,86.05000305175781,86.5,84.11000061035156,84.19000244140625,82.56139373779297,429200
2022-06-29,84.0199966430664,84.37000274658203,83.30999755859375,83.88999938964844,82.2671890258789,489200
2022-06-30,83.0,83.05000305175781,81.41000366210938,81.87999725341797,80.29607391357422,872200
2022-07-01,81.5,81.55000305175781,79.7300033569336,81.3499984741211,79.77632141113281,1199300
2022-07-05,80.37000274658203,82.16999816894531,79.4000015258789,82.16999816894531,80.5804672241211,793100
2022-07-06,82.2699966430664,82.79000091552734,80.7699966430664,82.19999694824219,80.60987854003906,829100
2022-07-07,82.27999877929688,84.95999908447266,82.06999969482422,84.63999938964844,83.00267791748047,988200
2022-07-08,84.29000091552734,84.55999755859375,83.16000366210938,83.79000091552734,82.16912078857422,805800
2022-07-11,83.19999694824219,83.87000274658203,82.22000122070312,82.51000213623047,80.91388702392578,917200
2022-07-12,82.4800033569336,83.55999755859375,80.61000061035156,81.16000366210938,79.59000396728516,868000
2022-07-13,79.23999786376953,81.91999816894531,79.23999786376953,80.87000274658203,79.30561065673828,936400
2022-07-14,79.94999694824219,80.16999816894531,78.66999816894531,79.38999938964844,77.85424041748047,1117900
2022-07-15,79.8499984741211,80.08999633789062,77.79000091552734,79.20999908447266,77.67771911621094,1509000
2022-07-18,79.94999694824219,80.3499984741211,79.08999633789062,79.41999816894531,77.88365936279297,1579900
2022-07-19,79.30999755859375,81.80999755859375,77.11000061035156,79.9800033569336,78.43283081054688,2971500
2022-07-20,79.88999938964844,81.81999969482422,79.55999755859375,81.33000183105469,79.7567138671875,1841800
2022-07-21,81.5999984741211,85.08000183105469,80.4800033569336,84.80000305175781,83.15959167480469,1676500
2022-07-22,84.11000061035156,84.11000061035156,80.55999755859375,81.12999725341797,79.56058502197266,1261500
2022-07-25,81.22000122070312,81.27999877929688,78.13999938964844,78.66000366210938,77.13836669921875,1825200
2022-07-26,77.72000122070312,78.62999725341797,77.04000091552734,77.54000091552734,76.04003143310547,1719400
2022-07-27,77.36000061035156,78.69000244140625,76.94000244140625,78.6500015258789,77.12855529785156,1654100
2022-07-28,78.76000213623047,79.9800033569336,78.3499984741211,79.6500015258789,78.10920715332031,1136700
2022-07-29,79.0999984741211,79.41000366210938,78.30000305175781,78.72000122070312,77.88166046142578,2917900
2022-08-01,78.52999877929688,80.43000030517578,77.83000183105469,79.4800033569336,78.6335678100586,1277400
2022-08-02,79.37000274658203,79.47000122070312,78.52999877929688,78.55000305175781,77.7134780883789,744800
2022-08-03,78.69999694824219,79.3499984741211,77.75,79.05999755859375,78.2180404663086,1077200
2022-08-04,78.86000061035156,79.0999984741211,78.3499984741211,78.91000366210938,78.06964111328125,601000
2022-08-05,78.12999725341797,78.62999725341797,77.44000244140625,77.91000366210938,77.08029174804688,759900
2022-08-08,78.30999755859375,78.93000030517578,77.91999816894531,78.0999984741211,77.26826477050781,490400
2022-08-09,77.94999694824219,78.19999694824219,77.20999908447266,77.95999908447266,77.12975311279297,739600
2022-08-10,78.8499984741211,79.1500015258789,78.08999633789062,78.44999694824219,77.61453247070312,591900
2022-08-11,79.30999755859375,79.95999908447266,78.4800033569336,78.63999938964844,77.8025131225586,790800
2022-08-12,79.20999908447266,80.62999725341797,78.69999694824219,80.58000183105469,79.72185516357422,605700
2022-08-15,80.31999969482422,80.88999938964844,79.87000274658203,80.62000274658203,79.76142883300781,670800
2022-08-16,80.41000366210938,82.45999908447266,80.0999984741211,82.41999816894531,81.5422592163086,733600
2022-08-17,81.91000366210938,82.18000030517578,80.61000061035156,81.25,80.38471984863281,732800
2022-08-18,81.48999786376953,83.5999984741211,80.68000030517578,82.5999984741211,81.7203369140625,934300
2022-08-19,82.5199966430664,84.19000244140625,81.87999725341797,84.0,83.10543060302734,1274300
2022-08-22,83.0,83.16999816894531,81.56999969482422,81.68000030517578,80.81014251708984,1207200
2022-08-23,82.0,82.70999908447266,81.55999755859375,82.33000183105469,81.45321655273438,822700
2022-08-24,82.5,83.38999938964844,82.13999938964844,83.08000183105469,82.19522857666016,670700
2022-08-25,83.31999969482422,84.12999725341797,82.72000122070312,83.36000061035156,82.47225189208984,522900
2022-08-26,83.62999725341797,83.75,80.44000244140625,80.44000244140625,79.58334350585938,496400
2022-08-29,79.76000213623047,80.48999786376953,79.02999877929688,79.87999725341797,79.02930450439453,622000
2022-08-30,80.31999969482422,80.43000030517578,78.77999877929688,78.93000030517578,78.08942413330078,548200
2022-08-31,79.62999725341797,79.63999938964844,78.5999984741211,78.81999969482422,77.98059844970703,1238600
2022-09-01,78.37000274658203,79.44000244140625,78.01000213623047,79.23999786376953,78.3961181640625,816500
2022-09-02,80.05999755859375,80.9000015258789,78.30000305175781,78.70999908447266,77.87176513671875,562300
2022-09-06,78.0199966430664,78.55000305175781,76.44000244140625,77.62999725341797,76.80326843261719,1153000
2022-09-07,77.55999755859375,79.36000061035156,77.22000122070312,79.2699966430664,78.4258041381836,1146000
2022-09-08,78.9800033569336,79.91000366210938,78.0999984741211,79.7699966430664,78.92047882080078,788300
2022-09-09,80.62000274658203,81.95999908447266,80.45999908447266,81.44999694824219,80.58258819580078,706400
2022-09-12,82.0,83.25,81.94000244140625,82.47000122070312,81.59172821044922,932900
2022-09-13,80.86000061035156,81.37999725341797,79.69999694824219,79.88999938964844,79.03919982910156,785700
2022-09-14,79.87999725341797,80.73999786376953,79.20999908447266,80.56999969482422,79.71195983886719,1184200
2022-09-15,80.83000183105469,81.04000091552734,77.86000061035156,77.98999786376953,77.15943145751953,1232200
2022-09-16,77.91000366210938,77.91000366210938,75.3499984741211,75.80000305175781,74.99275970458984,1780800
2022-09-19,74.7300033569336,77.70999908447266,74.62999725341797,77.43000030517578,76.60540008544922,803500
2022-09-20,76.5999984741211,76.72000122070312,74.88999938964844,75.0,74.20127868652344,1003700
2022-09-21,75.05000305175781,77.4000015258789,75.05000305175781,75.16000366210938,74.35958099365234,822400
2022-09-22,74.94000244140625,75.41999816894531,72.68000030517578,73.04000091552734,72.26215362548828,764600
2022-09-23,72.4800033569336,72.4800033569336,70.22000122070312,70.98999786376953,70.23397827148438,1031900
2022-09-26,70.80000305175781,72.22000122070312,70.68000030517578,71.12000274658203,70.36260223388672,961400
2022-09-27,71.18000030517578,71.73999786376953,68.95999908447266,69.44000244140625,68.70049285888672,884700
2022-09-28,69.70999908447266,69.88999938964844,68.52999877929688,69.37999725341797,68.64112854003906,979100
2022-09-29,68.86000061035156,68.9800033569336,66.91999816894531,67.88999938964844,67.16699981689453,957800
2022-09-30,67.73999786376953,68.83000183105469,67.2699966430664,67.41999816894531,66.7020034790039,1066800
2022-10-03,67.81999969482422,69.62999725341797,66.69999694824219,68.9800033569336,68.24539184570312,1669800
2022-10-04,70.45999908447266,73.27999877929688,66.66999816894531,70.4800033569336,69.72941589355469,4847900
2022-10-05,69.01000213623047,69.25,68.0999984741211,68.29000091552734,67.56273651123047,1859200
2022-10-06,68.12999725341797,69.81999969482422,67.98999786376953,68.55000305175781,67.8199691772461,1575800
2022-10-07,67.87999725341797,69.4000015258789,67.26000213623047,68.97000122070312,68.2354965209961,1971400
2022-10-10,69.33999633789062,69.5199966430664,66.54000091552734,67.38999938964844,66.67232513427734,1113300
2022-10-11,67.30999755859375,68.80999755859375,66.91000366210938,67.76000213623047,67.03838348388672,1221400
2022-10-12,67.69000244140625,68.22000122070312,67.22000122070312,67.72000122070312,66.99880981445312,925500
2022-10-13,66.43000030517578,69.16999816894531,65.83000183105469,68.08999633789062,67.36486053466797,1369200
2022-10-14,69.12999725341797,69.26000213623047,66.4000015258789,66.5999984741211,65.89073181152344,2163600
2022-10-17,67.83999633789062,68.25,67.19000244140625,67.70999908447266,66.9889144897461,2210000
2022-10-18,68.23999786376953,68.79000091552734,65.44000244140625,65.76000213623047,65.05968475341797,3023900
2022-10-19,65.83999633789062,66.94000244140625,64.37000274658203,64.83999633789062,64.14947509765625,2590600
2022-10-20,64.87999725341797,65.91999816894531,63.599998474121094,64.11000061035156,63.42725372314453,1727000
2022-10-21,63.849998474121094,65.62999725341797,63.4900016784668,65.48999786376953,64.79255676269531,1627000
2022-10-24,65.52999877929688,66.87999725341797,65.4000015258789,65.61000061035156,64.9112777709961,1343600
2022-10-25,65.73999786376953,67.05999755859375,65.62999725341797,66.97000122070312,66.25679779052734,976800
2022-10-26,66.94000244140625,67.69000244140625,65.52999877929688,66.06999969482422,65.36637878417969,1244100
2022-10-27,66.36000061035156,67.36000061035156,65.0199966430664,65.11000061035156,64.4166030883789,1240900
2022-10-28,65.08000183105469,66.11000061035156,64.80000305175781,65.7300033569336,65.0300064086914,1875700
2022-10-31,64.97000122070312,65.69999694824219,64.63999938964844,65.25,65.25,1256900
2022-11-01,66.18000030517578,66.5199966430664,64.73999786376953,65.05000305175781,65.05000305175781,850700
2022-11-02,65.12999725341797,65.26000213623047,62.619998931884766,62.630001068115234,62.630001068115234,1175700
2022-11-03,62.060001373291016,62.439998626708984,59.869998931884766,61.209999084472656,61.209999084472656,1665300
2022-11-04,61.93000030517578,63.619998931884766,61.209999084472656,62.189998626708984,62.189998626708984,1540000
2022-11-07,62.66999816894531,63.0,61.90999984741211,62.41999816894531,62.41999816894531,1408800
2022-11-08,62.560001373291016,63.150001525878906,60.90999984741211,61.38999938964844,61.38999938964844,1382800
2022-11-09,60.93000030517578,61.09000015258789,57.58000183105469,57.959999084472656,57.959999084472656,1631800
2022-11-10,59.65999984741211,60.40999984741211,59.470001220703125,60.38999938964844,60.38999938964844,2082000
2022-11-11,60.7400016784668,63.540000915527344,60.52000045776367,63.40999984741211,63.40999984741211,1359700
2022-11-14,58.11000061035156,59.52000045776367,57.13999938964844,57.15999984741211,57.15999984741211,4553200
2022-11-15,57.9900016784668,58.9900016784668,57.959999084472656,58.709999084472656,58.709999084472656,2102200
2022-11-16,58.150001525878906,58.209999084472656,55.150001525878906,55.970001220703125,55.970001220703125,2424400
2022-11-17,55.720001220703125,58.439998626708984,55.56999969482422,58.41999816894531,58.41999816894531,1825200
2022-11-18,59.20000076293945,60.59000015258789,59.20000076293945,59.52000045776367,59.52000045776367,1912400
2022-11-21,59.38999938964844,59.869998931884766,58.68000030517578,59.150001525878906,59.150001525878906,1263900
2022-11-22,59.529998779296875,61.31999969482422,59.38999938964844,61.2599983215332,61.2599983215332,1282000
2022-11-23,61.29999923706055,62.91999816894531,61.279998779296875,62.15999984741211,62.15999984741211,1047100
2022-11-25,62.16999816894531,62.720001220703125,62.08000183105469,62.099998474121094,62.099998474121094,509900
2022-11-28,61.150001525878906,62.18000030517578,61.060001373291016,61.77000045776367,61.77000045776367,991000
2022-11-29,61.810001373291016,63.11000061035156,61.5099983215332,62.16999816894531,62.16999816894531,1073600
2022-11-30,62.029998779296875,63.040000915527344,60.33000183105469,62.81999969482422,62.81999969482422,2876300
2022-12-01,63.11000061035156,64.36000061035156,62.849998474121094,63.2599983215332,63.2599983215332,2520000
2022-12-02,63.0099983215332,63.709999084472656,62.650001525878906,63.310001373291016,63.310001373291016,1245300
2022-12-05,63.09000015258789,63.689998626708984,62.56999969482422,63.2400016784668,63.2400016784668,1413500
2022-12-06,63.470001220703125,63.59000015258789,59.599998474121094,60.56999969482422,60.56999969482422,2034300
2022-12-07,60.7400016784668,61.7599983215332,59.97999954223633,60.040000915527344,60.040000915527344,1273900
2022-12-08,61.0,61.63999938964844,59.880001068115234,60.04999923706055,60.04999923706055,1799800
2022-12-09,60.029998779296875,60.439998626708984,59.459999084472656,59.4900016784668,59.4900016784668,1400900
2022-12-12,59.560001373291016,60.04999923706055,59.099998474121094,60.0,60.0,1649500
2022-12-13,61.88999938964844,62.7599983215332,60.220001220703125,60.66999816894531,60.66999816894531,1941500
2022-12-14,60.5099983215332,61.029998779296875,59.310001373291016,59.959999084472656,59.959999084472656,1794300
2022-12-15,59.189998626708984,59.54999923706055,58.54999923706055,59.220001220703125,59.220001220703125,1833700
2022-12-16,58.97999954223633,59.22999954223633,57.220001220703125,57.86000061035156,57.86000061035156,3318000
2022-12-19,57.720001220703125,57.90999984741211,55.65999984741211,55.90999984741211,55.90999984741211,2430500
2022-12-20,55.61000061035156,55.7400016784668,54.650001525878906,54.790000915527344,54.790000915527344,2735000
2022-12-21,55.16999816894531,58.0,55.16999816894531,57.70000076293945,57.70000076293945,2654900
2022-12-22,57.22999954223633,57.77000045776367,55.84000015258789,57.70000076293945,57.70000076293945,1944900
2022-12-23,57.880001068115234,58.2599983215332,57.45000076293945,58.209999084472656,58.209999084472656,1146300
2022-12-27,58.27000045776367,59.040000915527344,57.66999816894531,58.83000183105469,58.83000183105469,917800
2022-12-28,58.970001220703125,59.459999084472656,58.0,58.220001220703125,58.220001220703125,1068200
2022-12-29,58.77000045776367,61.119998931884766,58.630001068115234,60.9900016784668,60.9900016784668,1603800
2022-12-30,60.279998779296875,61.119998931884766,60.15999984741211,61.0099983215332,61.0099983215332,1274000
2023-01-03,61.58000183105469,62.04999923706055,61.220001220703125,61.95000076293945,61.95000076293945,1681500
2023-01-04,62.04999923706055,62.810001373291016,61.59000015258789,62.11000061035156,62.11000061035156,1734800
2023-01-05,61.900001525878906,63.41999816894531,61.61000061035156,63.29999923706055,63.29999923706055,1666200
2023-01-06,63.59000015258789,65.30999755859375,63.459999084472656,64.86000061035156,64.86000061035156,1397200
2023-01-09,64.88999938964844,64.94000244140625,63.56999969482422,63.70000076293945,63.70000076293945,1193800
2023-01-10,63.63999938964844,64.55999755859375,63.5,64.4800033569336,64.4800033569336,1320300
2023-01-11,65.02999877929688,66.22000122070312,65.0,65.93000030517578,65.93000030517578,1770700
2023-01-12,66.25,66.25,64.86000061035156,65.87999725341797,65.87999725341797,1039800
2023-01-13,65.11000061035156,66.16999816894531,64.9000015258789,66.0199966430664,66.0199966430664,914300
