Date,Open,High,Low,Close,Adj Close,Volume
2022-01-18,17.709999084472656,17.790000915527344,17.309999465942383,17.450000762939453,16.68536376953125,14130500
2022-01-19,17.469999313354492,17.559999465942383,17.09000015258789,17.110000610351562,16.360261917114258,16133000
2022-01-20,17.030000686645508,17.31999969482422,16.6299991607666,16.68000030517578,15.949103355407715,18531600
2022-01-21,15.859999656677246,15.930000305175781,14.90999984741211,15.180000305175781,14.514832496643066,33069600
2022-01-24,15.09000015258789,15.680000305175781,14.75,15.640000343322754,14.954675674438477,24476000
2022-01-25,15.5,15.710000038146973,15.010000228881836,15.520000457763672,14.839933395385742,17131200
2022-01-26,15.729999542236328,15.760000228881836,15.170000076293945,15.430000305175781,14.753877639770508,17027300
2022-01-27,15.699999809265137,15.779999732971191,14.979999542236328,15.0600004196167,14.400090217590332,14739200
2022-01-28,15.010000228881836,15.1899995803833,14.760000228881836,15.180000305175781,14.514832496643066,12132200
2022-01-31,14.930000305175781,15.210000038146973,14.710000038146973,15.0600004196167,14.400090217590332,20704800
2022-02-01,15.069999694824219,15.609999656677246,14.989999771118164,15.5600004196167,14.878181457519531,19833200
2022-02-02,15.5,15.850000381469727,15.390000343322754,15.8100004196167,15.117227554321289,11443700
2022-02-03,15.819999694824219,16.0,15.5600004196167,15.569999694824219,14.887742042541504,9105600
2022-02-04,15.470000267028809,15.970000267028809,15.470000267028809,15.829999923706055,15.13634967803955,8448700
2022-02-07,15.850000381469727,15.989999771118164,15.699999809265137,15.829999923706055,15.13634967803955,6914200
2022-02-08,16.020000457763672,16.329999923706055,15.920000076293945,16.299999237060547,15.58575439453125,9847100
2022-02-09,16.309999465942383,16.3799991607666,16.1299991607666,16.139999389648438,15.432765007019043,7063300
2022-02-10,16.200000762939453,16.510000228881836,15.979999542236328,16.049999237060547,15.346708297729492,13317200
2022-02-11,15.890000343322754,16.290000915527344,15.800000190734863,15.920000076293945,15.222406387329102,11462400
2022-02-14,15.930000305175781,16.06999969482422,15.5600004196167,15.699999809265137,15.012044906616211,11140500
2022-02-15,15.949999809265137,16.260000228881836,15.890000343322754,16.209999084472656,15.4996976852417,6002200
2022-02-16,16.049999237060547,16.399999618530273,16.049999237060547,16.190000534057617,15.480575561523438,6522300
2022-02-17,16.0,16.1299991607666,15.8100004196167,15.869999885559082,15.17459774017334,13662200
2022-02-18,15.800000190734863,16.010000228881836,15.75,15.850000381469727,15.155473709106445,10190600
2022-02-22,15.760000228881836,15.970000267028809,15.65999984741211,15.829999923706055,15.13634967803955,10043700
2022-02-23,15.920000076293945,16.040000915527344,15.260000228881836,15.300000190734863,14.629573822021484,10860300
2022-02-24,14.75,15.010000228881836,14.380000114440918,14.960000038146973,14.304471969604492,18710600
2022-02-25,15.109999656677246,15.6899995803833,14.979999542236328,15.569999694824219,14.887742042541504,16817900
2022-02-28,15.119999885559082,15.550000190734863,15.100000381469727,15.520000457763672,14.839933395385742,17393400
2022-03-01,15.300000190734863,15.380000114440918,14.130000114440918,14.390000343322754,13.759449005126953,26745000
2022-03-02,14.5600004196167,15.1899995803833,14.550000190734863,15.09000015258789,14.428775787353516,11989300
2022-03-03,15.09000015258789,15.210000038146973,14.819999694824219,15.079999923706055,14.41921329498291,8297400
2022-03-04,14.710000038146973,14.829999923706055,14.510000228881836,14.760000228881836,14.113235473632812,14148600
2022-03-07,14.609999656677246,14.729999542236328,14.079999923706055,14.09000015258789,13.472594261169434,17039700
2022-03-08,14.390000343322754,14.649999618530273,13.979999542236328,14.1899995803833,13.568211555480957,14249500
2022-03-09,14.609999656677246,14.869999885559082,14.550000190734863,14.710000038146973,14.065427780151367,10998100
2022-03-10,14.479999542236328,14.699999809265137,14.390000343322754,14.609999656677246,13.969808578491211,10312200
2022-03-11,14.739999771118164,15.029999732971191,14.680000305175781,14.720000267028809,14.07498836517334,13213800
2022-03-14,14.979999542236328,15.300000190734863,14.869999885559082,15.039999961853027,14.380966186523438,12256700
2022-03-15,15.130000114440918,15.25,14.75,14.970000267028809,14.314033508300781,9501600
2022-03-16,15.170000076293945,15.430000305175781,15.140000343322754,15.430000305175781,14.753877639770508,16581400
2022-03-17,15.140000343322754,15.239999771118164,14.8100004196167,15.1899995803833,14.671775817871094,10356100
2022-03-18,15.09000015258789,15.239999771118164,14.829999923706055,15.119999885559082,14.604165077209473,21424600
2022-03-21,15.279999732971191,15.4399995803833,14.949999809265137,15.079999923706055,14.565528869628906,7589100
2022-03-22,15.319999694824219,15.579999923706055,15.239999771118164,15.420000076293945,14.893929481506348,9284800
2022-03-23,15.289999961853027,15.390000343322754,14.960000038146973,14.989999771118164,14.478598594665527,6619500
2022-03-24,15.050000190734863,15.210000038146973,14.920000076293945,15.140000343322754,14.623482704162598,8385500
2022-03-25,15.140000343322754,15.40999984741211,15.109999656677246,15.350000381469727,14.826318740844727,5816500
2022-03-28,15.260000228881836,15.260000228881836,14.84000015258789,15.09000015258789,14.575188636779785,6239200
2022-03-29,15.369999885559082,15.4399995803833,15.130000114440918,15.329999923706055,14.807000160217285,7172300
2022-03-30,15.3100004196167,15.359999656677246,14.789999961853027,14.890000343322754,14.382012367248535,7932100
2022-03-31,14.869999885559082,14.979999542236328,14.609999656677246,14.619999885559082,14.121222496032715,10430900
2022-04-01,14.829999923706055,14.899999618530273,14.350000381469727,14.4399995803833,13.947362899780273,12519200
2022-04-04,14.420000076293945,14.5600004196167,14.140000343322754,14.4399995803833,13.947362899780273,9498100
2022-04-05,14.350000381469727,14.630000114440918,14.34000015258789,14.369999885559082,13.879751205444336,8254300
2022-04-06,14.25,14.34000015258789,14.069999694824219,14.109999656677246,13.628622055053711,13351100
2022-04-07,14.09000015258789,14.199999809265137,13.619999885559082,13.850000381469727,13.377492904663086,16652600
2022-04-08,13.8100004196167,13.989999771118164,13.710000038146973,13.800000190734863,13.329198837280273,11862700
2022-04-11,13.800000190734863,14.15999984741211,13.729999542236328,13.800000190734863,13.329198837280273,13312700
2022-04-12,13.84000015258789,13.949999809265137,13.380000114440918,13.470000267028809,13.010456085205078,12205700
2022-04-13,13.350000381469727,13.479999542236328,13.260000228881836,13.4399995803833,12.98147964477539,12387200
2022-04-14,13.420000076293945,13.579999923706055,13.300000190734863,13.359999656677246,12.90420913696289,10599100
2022-04-18,13.289999961853027,13.569999694824219,13.270000457763672,13.520000457763672,13.058751106262207,9989000
2022-04-19,13.699999809265137,14.079999923706055,13.569999694824219,14.069999694824219,13.589985847473145,16990200
2022-04-20,14.1899995803833,14.5,14.140000343322754,14.239999771118164,13.754186630249023,19033900
2022-04-21,14.5,14.90999984741211,14.0600004196167,14.100000381469727,13.618964195251465,24290000
2022-04-22,14.350000381469727,14.350000381469727,13.739999771118164,13.760000228881836,13.290562629699707,17257000
2022-04-25,13.84000015258789,13.930000305175781,13.489999771118164,13.899999618530273,13.425786018371582,18895900
2022-04-26,13.710000038146973,14.050000190734863,13.569999694824219,13.569999694824219,13.10704517364502,14514300
2022-04-27,13.579999923706055,13.65999984741211,13.390000343322754,13.5,13.039433479309082,14194600
2022-04-28,13.640000343322754,13.699999809265137,13.380000114440918,13.579999923706055,13.116703033447266,13683000
2022-04-29,13.579999923706055,13.710000038146973,13.119999885559082,13.149999618530273,12.701373100280762,19427500
2022-05-02,13.220000267028809,13.369999885559082,12.979999542236328,13.260000228881836,12.807621002197266,20107900
2022-05-03,13.390000343322754,13.609999656677246,13.25,13.489999771118164,13.029773712158203,14721900
2022-05-04,13.510000228881836,13.90999984741211,13.399999618530273,13.899999618530273,13.425786018371582,13541100
2022-05-05,13.800000190734863,13.8100004196167,13.359999656677246,13.609999656677246,13.145679473876953,12934000
2022-05-06,13.59000015258789,13.619999885559082,13.199999809265137,13.350000381469727,12.894550323486328,11571900
2022-05-09,13.210000038146973,13.329999923706055,13.029999732971191,13.15999984741211,12.711031913757324,10334000
2022-05-10,13.25,13.390000343322754,12.710000038146973,13.100000381469727,12.653079986572266,17119600
2022-05-11,13.119999885559082,13.359999656677246,12.770000457763672,12.779999732971191,12.34399700164795,12081500
2022-05-12,12.710000038146973,12.949999809265137,12.5600004196167,12.880000114440918,12.440585136413574,15671400
2022-05-13,13.010000228881836,13.170000076293945,12.90999984741211,13.050000190734863,12.604785919189453,11637200
2022-05-16,13.020000457763672,13.149999618530273,12.800000190734863,12.90999984741211,12.469560623168945,9985900
2022-05-17,13.15999984741211,13.479999542236328,13.15999984741211,13.470000267028809,13.010456085205078,11209200
2022-05-18,13.420000076293945,13.430000305175781,13.09000015258789,13.1899995803833,12.740008354187012,11414000
2022-05-19,12.970000267028809,13.270000457763672,12.970000267028809,13.109999656677246,12.662737846374512,16014900
2022-05-20,13.199999809265137,13.3100004196167,12.75,13.020000457763672,12.57580852508545,14067500
2022-05-23,13.329999923706055,13.670000076293945,13.1899995803833,13.510000228881836,13.049092292785645,12716800
2022-05-24,13.539999961853027,13.539999961853027,13.119999885559082,13.420000076293945,12.962162017822266,9667200
2022-05-25,13.430000305175781,13.720000267028809,13.380000114440918,13.640000343322754,13.174657821655273,8335400
2022-05-26,13.569999694824219,13.869999885559082,13.569999694824219,13.8100004196167,13.33885669708252,11114400
2022-05-27,13.819999694824219,13.930000305175781,13.770000457763672,13.930000305175781,13.454763412475586,6586800
2022-05-31,13.850000381469727,14.0,13.630000114440918,13.880000114440918,13.406468391418457,17286600
2022-06-01,13.869999885559082,13.899999618530273,13.369999885559082,13.59000015258789,13.126362800598145,10562700
2022-06-02,13.670000076293945,13.829999923706055,13.5,13.800000190734863,13.329198837280273,11480700
2022-06-03,13.609999656677246,13.680000305175781,13.529999732971191,13.59000015258789,13.126362800598145,9761600
2022-06-06,13.710000038146973,13.960000038146973,13.640000343322754,13.699999809265137,13.232608795166016,9936100
2022-06-07,13.600000381469727,13.760000228881836,13.4399995803833,13.75,13.280904769897461,10826000
2022-06-08,13.649999618530273,13.649999618530273,13.460000038146973,13.520000457763672,13.058751106262207,7312200
2022-06-09,13.510000228881836,13.529999732971191,13.079999923706055,13.079999923706055,12.63376235961914,8414900
2022-06-10,12.8100004196167,12.859999656677246,12.420000076293945,12.449999809265137,12.025254249572754,17102600
2022-06-13,12.130000114440918,12.40999984741211,12.039999961853027,12.260000228881836,11.841737747192383,19305300
2022-06-14,12.319999694824219,12.5,12.100000381469727,12.239999771118164,11.822419166564941,15460500
2022-06-15,12.5,12.770000457763672,12.350000381469727,12.539999961853027,12.112184524536133,19258700
2022-06-16,12.220000267028809,12.260000228881836,11.800000190734863,11.84000015258789,11.579190254211426,15281700
2022-06-17,11.880000114440918,12.149999618530273,11.850000381469727,11.9399995803833,11.676986694335938,26544500
2022-06-21,12.180000305175781,12.3100004196167,12.039999961853027,12.119999885559082,11.853022575378418,10190400
2022-06-22,12.020000457763672,12.229999542236328,11.9399995803833,12.170000076293945,11.901921272277832,10024100
2022-06-23,12.149999618530273,12.15999984741211,11.729999542236328,11.9399995803833,11.676986694335938,10933600
2022-06-24,11.989999771118164,12.520000457763672,11.960000038146973,12.510000228881836,12.234430313110352,14079000
2022-06-27,12.619999885559082,12.619999885559082,12.300000190734863,12.369999885559082,12.097515106201172,7184700
2022-06-28,12.5600004196167,12.649999618530273,12.270000457763672,12.279999732971191,12.00949764251709,10035900
2022-06-29,12.319999694824219,12.390000343322754,12.130000114440918,12.239999771118164,11.970378875732422,11418800
2022-06-30,11.9399995803833,12.220000267028809,11.770000457763672,12.029999732971191,11.76500415802002,16300600
2022-07-01,11.869999885559082,12.149999618530273,11.670000076293945,12.100000381469727,11.833462715148926,20518500
2022-07-05,11.869999885559082,12.130000114440918,11.6899995803833,12.130000114440918,11.862802505493164,13911100
2022-07-06,12.039999961853027,12.199999809265137,11.920000076293945,12.130000114440918,11.862802505493164,12583800
2022-07-07,12.270000457763672,12.420000076293945,12.260000228881836,12.380000114440918,12.107295036315918,9425200
2022-07-08,12.460000038146973,12.460000038146973,12.180000305175781,12.270000457763672,11.99971866607666,9446100
2022-07-11,12.15999984741211,12.369999885559082,12.09000015258789,12.289999961853027,12.019277572631836,8468300
2022-07-12,12.199999809265137,12.59000015258789,12.149999618530273,12.34000015258789,12.06817626953125,11522600
2022-07-13,12.300000190734863,12.300000190734863,11.920000076293945,12.130000114440918,11.862802505493164,15210500
2022-07-14,11.880000114440918,11.930000305175781,11.739999771118164,11.890000343322754,11.62808895111084,12813900
2022-07-15,12.09000015258789,12.579999923706055,12.039999961853027,12.510000228881836,12.234430313110352,12764100
2022-07-18,12.6899995803833,12.850000381469727,12.510000228881836,12.579999923706055,12.302888870239258,11293100
2022-07-19,12.770000457763672,13.09000015258789,12.75,13.039999961853027,12.752756118774414,12855100
2022-07-20,12.930000305175781,13.020000457763672,12.770000457763672,12.960000038146973,12.674518585205078,15176100
2022-07-21,13.050000190734863,13.489999771118164,12.819999694824219,13.34000015258789,13.046148300170898,20004700
2022-07-22,13.390000343322754,13.449999809265137,12.9399995803833,13.020000457763672,12.733197212219238,12271700
2022-07-25,13.15999984741211,13.3100004196167,13.010000228881836,13.270000457763672,12.977689743041992,9184600
2022-07-26,13.180000305175781,13.229999542236328,12.829999923706055,12.880000114440918,12.596280097961426,8288900
2022-07-27,12.899999618530273,13.170000076293945,12.850000381469727,13.09000015258789,12.801654815673828,7928700
2022-07-28,13.09000015258789,13.199999809265137,12.880000114440918,13.039999961853027,12.752756118774414,13837400
2022-07-29,13.079999923706055,13.329999923706055,13.050000190734863,13.289999961853027,12.997248649597168,15653100
2022-08-01,13.199999809265137,13.369999885559082,13.079999923706055,13.350000381469727,13.055928230285645,10541900
2022-08-02,13.359999656677246,13.359999656677246,13.100000381469727,13.210000038146973,12.919011116027832,9812900
2022-08-03,13.289999961853027,13.449999809265137,13.1899995803833,13.390000343322754,13.095046997070312,9362600
2022-08-04,13.420000076293945,13.430000305175781,13.289999961853027,13.319999694824219,13.02658748626709,9957200
2022-08-05,13.329999923706055,13.579999923706055,13.260000228881836,13.449999809265137,13.153724670410156,9234600
2022-08-08,13.479999542236328,13.630000114440918,13.40999984741211,13.460000038146973,13.163504600524902,8352500
2022-08-09,13.5,13.579999923706055,13.390000343322754,13.579999923706055,13.280860900878906,8350600
2022-08-10,13.779999732971191,14.0600004196167,13.75,13.960000038146973,13.652490615844727,12067500
2022-08-11,14.0600004196167,14.350000381469727,14.0600004196167,14.1899995803833,13.877424240112305,12779200
2022-08-12,14.3100004196167,14.369999885559082,14.149999618530273,14.350000381469727,14.033900260925293,7707200
2022-08-15,14.210000038146973,14.399999618530273,14.130000114440918,14.359999656677246,14.043679237365723,6076000
2022-08-16,14.350000381469727,14.550000190734863,14.3100004196167,14.470000267028809,14.151256561279297,7031200
2022-08-17,14.3100004196167,14.380000114440918,14.199999809265137,14.329999923706055,14.0143404006958,9275500
2022-08-18,14.369999885559082,14.380000114440918,14.210000038146973,14.329999923706055,14.0143404006958,7477500
2022-08-19,14.229999542236328,14.260000228881836,13.979999542236328,14.079999923706055,13.76984691619873,10961900
2022-08-22,13.84000015258789,13.859999656677246,13.670000076293945,13.710000038146973,13.407997131347656,11709800
2022-08-23,13.75,13.869999885559082,13.699999809265137,13.720000267028809,13.417777061462402,10715300
2022-08-24,13.640000343322754,13.829999923706055,13.619999885559082,13.739999771118164,13.437335968017578,9006200
2022-08-25,13.779999732971191,14.029999732971191,13.739999771118164,14.010000228881836,13.70138931274414,9672000
2022-08-26,14.130000114440918,14.149999618530273,13.640000343322754,13.640000343322754,13.339539527893066,9266700
2022-08-29,13.5600004196167,13.579999923706055,13.350000381469727,13.470000267028809,13.173284530639648,8928200
2022-08-30,13.489999771118164,13.550000190734863,13.319999694824219,13.390000343322754,13.095046997070312,10047700
2022-08-31,13.40999984741211,13.550000190734863,13.350000381469727,13.399999618530273,13.104825973510742,19214100
2022-09-01,13.359999656677246,13.399999618530273,13.050000190734863,13.369999885559082,13.07548713684082,13193900
2022-09-02,13.550000190734863,13.6899995803833,13.229999542236328,13.319999694824219,13.02658748626709,13879400
2022-09-06,13.40999984741211,13.4399995803833,12.960000038146973,13.170000076293945,12.879892349243164,20313400
2022-09-07,13.119999885559082,13.600000381469727,13.079999923706055,13.550000190734863,13.251522064208984,12405100
2022-09-08,13.470000267028809,14.15999984741211,13.420000076293945,14.140000343322754,13.82852554321289,21315100
2022-09-09,14.1899995803833,14.279999732971191,14.09000015258789,14.140000343322754,13.82852554321289,15002200
2022-09-12,14.220000267028809,14.579999923706055,14.199999809265137,14.460000038146973,14.14147663116455,19089500
2022-09-13,14.140000343322754,14.359999656677246,13.979999542236328,14.020000457763672,13.711169242858887,22500900
2022-09-14,14.069999694824219,14.119999885559082,13.720000267028809,13.869999885559082,13.564473152160645,17437100
2022-09-15,13.960000038146973,14.420000076293945,13.920000076293945,14.260000228881836,13.945882797241211,28496600
2022-09-16,13.930000305175781,13.960000038146973,13.609999656677246,13.710000038146973,13.555337905883789,37161000
2022-09-19,13.5600004196167,14.09000015258789,13.510000228881836,14.029999732971191,13.87172794342041,20260100
2022-09-20,13.890000343322754,14.010000228881836,13.8100004196167,13.899999618530273,13.743194580078125,18028500
2022-09-21,13.979999542236328,14.15999984741211,13.720000267028809,13.720000267028809,13.565225601196289,18911300
2022-09-22,13.75,13.819999694824219,13.350000381469727,13.40999984741211,13.258722305297852,21893100
2022-09-23,13.25,13.289999961853027,12.899999618530273,13.1899995803833,13.041203498840332,23118900
2022-09-26,13.069999694824219,13.25,12.890000343322754,13.010000228881836,12.863235473632812,21225200
2022-09-27,13.020000457763672,13.1899995803833,12.699999809265137,12.859999656677246,12.714926719665527,21535300
2022-09-28,12.869999885559082,13.350000381469727,12.829999923706055,13.270000457763672,13.120302200317383,18674600
2022-09-29,13.069999694824219,13.25,12.899999618530273,13.170000076293945,13.021430015563965,18323200
2022-09-30,13.170000076293945,13.470000267028809,13.100000381469727,13.180000305175781,13.031317710876465,16952700
2022-10-03,13.329999923706055,13.550000190734863,13.119999885559082,13.470000267028809,13.318045616149902,20244400
2022-10-04,13.710000038146973,14.050000190734863,13.640000343322754,13.949999809265137,13.792630195617676,30663400
2022-10-05,13.739999771118164,13.880000114440918,13.59000015258789,13.720000267028809,13.565225601196289,24549000
2022-10-06,13.649999618530273,13.779999732971191,13.520000457763672,13.600000381469727,13.446578979492188,22501100
2022-10-07,13.489999771118164,13.510000228881836,13.140000343322754,13.210000038146973,13.060978889465332,21667200
2022-10-10,13.300000190734863,13.380000114440918,13.079999923706055,13.229999542236328,13.0807523727417,17346400
2022-10-11,13.130000114440918,13.279999732971191,13.0,13.079999923706055,12.93244457244873,16984600
2022-10-12,13.069999694824219,13.170000076293945,12.949999809265137,13.029999732971191,12.88300895690918,14409000
2022-10-13,12.869999885559082,13.920000076293945,12.770000457763672,13.890000343322754,13.733307838439941,30245900
2022-10-14,14.010000228881836,14.25,13.619999885559082,13.670000076293945,13.515789031982422,27258200
2022-10-17,13.8100004196167,14.100000381469727,13.670000076293945,13.850000381469727,13.693758964538574,17564000
2022-10-18,14.09000015258789,14.319999694824219,13.90999984741211,14.109999656677246,13.950825691223145,22121800
2022-10-19,14.0,14.119999885559082,13.569999694824219,13.619999885559082,13.466353416442871,19879800
2022-10-20,13.630000114440918,13.75,13.100000381469727,13.199999809265137,13.051091194152832,23522200
2022-10-21,13.510000228881836,14.510000228881836,13.510000228881836,14.449999809265137,14.28699016571045,41221500
2022-10-24,14.600000381469727,15.010000228881836,14.539999961853027,14.850000381469727,14.682477951049805,33353000
2022-10-25,14.739999771118164,14.920000076293945,14.609999656677246,14.84000015258789,14.672591209411621,19309800
2022-10-26,14.90999984741211,15.050000190734863,14.850000381469727,14.90999984741211,14.741801261901855,14198700
2022-10-27,15.039999961853027,15.170000076293945,14.869999885559082,14.899999618530273,14.731913566589355,15781200
2022-10-28,15.039999961853027,15.130000114440918,14.930000305175781,15.109999656677246,14.939544677734375,14443300
2022-10-31,15.010000228881836,15.319999694824219,14.989999771118164,15.180000305175781,15.008755683898926,17296900
2022-11-01,15.300000190734863,15.369999885559082,15.210000038146973,15.279999732971191,15.107626914978027,10520900
2022-11-02,15.199999809265137,15.449999809265137,14.970000267028809,14.979999542236328,14.81101131439209,16340400
2022-11-03,14.859999656677246,15.079999923706055,14.640000343322754,14.920000076293945,14.751688003540039,13878400
2022-11-04,15.109999656677246,15.399999618530273,15.039999961853027,15.380000114440918,15.206499099731445,16228700
2022-11-07,15.460000038146973,15.5600004196167,15.350000381469727,15.5,15.32514476776123,13719300
2022-11-08,15.4399995803833,15.59000015258789,15.350000381469727,15.479999542236328,15.305370330810547,14151300
2022-11-09,15.350000381469727,15.369999885559082,14.949999809265137,14.979999542236328,14.81101131439209,18651600
2022-11-10,15.460000038146973,15.550000190734863,15.050000190734863,15.180000305175781,15.008755683898926,29785600
2022-11-11,15.260000228881836,15.380000114440918,14.84000015258789,14.970000267028809,14.801124572753906,22359800
2022-11-14,14.949999809265137,15.140000343322754,14.890000343322754,14.960000038146973,14.791236877441406,16890200
2022-11-15,15.119999885559082,15.239999771118164,14.920000076293945,15.100000381469727,14.929657936096191,19620000
2022-11-16,15.09000015258789,15.140000343322754,14.890000343322754,14.899999618530273,14.731913566589355,12180300
2022-11-17,14.739999771118164,14.859999656677246,14.640000343322754,14.779999732971191,14.613266944885254,11747100
2022-11-18,15.020000457763672,15.079999923706055,14.789999961853027,14.890000343322754,14.722026824951172,9665200
2022-11-21,14.859999656677246,15.010000228881836,14.850000381469727,14.9399995803833,14.771462440490723,7490600
2022-11-22,15.039999961853027,15.1899995803833,14.989999771118164,15.149999618530273,14.979093551635742,7874000
2022-11-23,15.09000015258789,15.229999542236328,15.069999694824219,15.170000076293945,14.998867988586426,6720600
2022-11-25,15.15999984741211,15.390000343322754,15.15999984741211,15.239999771118164,15.06807804107666,4746400
2022-11-28,15.130000114440918,15.210000038146973,14.989999771118164,15.050000190734863,14.880221366882324,10430900
2022-11-29,15.130000114440918,15.34000015258789,15.069999694824219,15.300000190734863,15.127401351928711,11858400
2022-11-30,15.319999694824219,15.520000457763672,14.869999885559082,15.479999542236328,15.305370330810547,22373900
2022-12-01,15.460000038146973,15.739999771118164,15.300000190734863,15.59000015258789,15.414130210876465,17218100
2022-12-02,15.399999618530273,15.5,15.3100004196167,15.460000038146973,15.28559684753418,14368100
2022-12-05,15.529999732971191,15.539999961853027,14.800000190734863,14.890000343322754,14.722026824951172,14730400
2022-12-06,14.84000015258789,14.970000267028809,14.510000228881836,14.680000305175781,14.514395713806152,16716200
2022-12-07,14.600000381469727,15.010000228881836,14.5600004196167,14.670000076293945,14.504508018493652,23331500
2022-12-08,14.729999542236328,14.789999961853027,14.539999961853027,14.619999885559082,14.455072402954102,16459000
2022-12-09,14.600000381469727,14.710000038146973,14.539999961853027,14.550000190734863,14.385862350463867,13963300
2022-12-12,14.569999694824219,14.630000114440918,14.380000114440918,14.609999656677246,14.445184707641602,16965700
2022-12-13,14.619999885559082,14.760000228881836,14.079999923706055,14.210000038146973,14.049697875976562,36456000
2022-12-14,14.239999771118164,14.289999961853027,13.859999656677246,13.930000305175781,13.772856712341309,28774200
2022-12-15,13.779999732971191,13.819999694824219,13.609999656677246,13.739999771118164,13.584999084472656,17830200
2022-12-16,13.510000228881836,13.680000305175781,13.430000305175781,13.649999618530273,13.649999618530273,34659400
2022-12-19,13.65999984741211,13.829999923706055,13.579999923706055,13.6899995803833,13.6899995803833,12309100
2022-12-20,13.760000228881836,13.869999885559082,13.6899995803833,13.779999732971191,13.779999732971191,12853700
2022-12-21,13.9399995803833,14.050000190734863,13.899999618530273,14.0,14.0,10552200
2022-12-22,13.949999809265137,13.960000038146973,13.649999618530273,13.90999984741211,13.90999984741211,10250200
2022-12-23,13.949999809265137,14.0600004196167,13.880000114440918,14.050000190734863,14.050000190734863,9062800
2022-12-27,14.100000381469727,14.109999656677246,13.960000038146973,14.039999961853027,14.039999961853027,6714800
2022-12-28,14.039999961853027,14.100000381469727,13.949999809265137,13.979999542236328,13.979999542236328,6880000
2022-12-29,14.020000457763672,14.15999984741211,13.970000267028809,14.140000343322754,14.140000343322754,8330200
2022-12-30,14.0600004196167,14.1899995803833,13.989999771118164,14.100000381469727,14.100000381469727,9323500
2023-01-03,14.289999961853027,14.319999694824219,13.989999771118164,14.100000381469727,14.100000381469727,13366800
2023-01-04,14.25,14.449999809265137,14.199999809265137,14.359999656677246,14.359999656677246,12374200
2023-01-05,14.270000457763672,14.329999923706055,14.100000381469727,14.260000228881836,14.260000228881836,11069800
2023-01-06,14.34000015258789,14.630000114440918,14.270000457763672,14.600000381469727,14.600000381469727,12433600
2023-01-09,14.630000114440918,14.630000114440918,14.380000114440918,14.40999984741211,14.40999984741211,12233800
2023-01-10,14.40999984741211,14.520000457763672,14.350000381469727,14.470000267028809,14.470000267028809,9339200
2023-01-11,14.479999542236328,14.579999923706055,14.380000114440918,14.569999694824219,14.569999694824219,11205900
2023-01-12,14.600000381469727,14.739999771118164,14.550000190734863,14.649999618530273,14.649999618530273,10520600
2023-01-13,14.489999771118164,14.600000381469727,14.130000114440918,14.579999923706055,14.579999923706055,18410700
