Date,Open,High,Low,Close,Adj Close,Volume
2022-01-18,17.639999389648438,17.90999984741211,17.450000762939453,17.700000762939453,17.12667465209961,11590400
2022-01-19,17.729999542236328,17.799999237060547,17.350000381469727,17.350000381469727,16.78801155090332,4775800
2022-01-20,17.3700008392334,17.889999389648438,17.270000457763672,17.290000915527344,16.72995376586914,5967800
2022-01-21,17.239999771118164,17.34000015258789,16.889999389648438,17.040000915527344,16.488052368164062,6487600
2022-01-24,16.579999923706055,17.06999969482422,16.15999984741211,17.0,16.44934844970703,8051800
2022-01-25,16.719999313354492,17.15999984741211,16.530000686645508,17.040000915527344,16.488052368164062,7360000
2022-01-26,17.229999542236328,17.6299991607666,16.899999618530273,17.049999237060547,16.497726440429688,7829600
2022-01-27,17.290000915527344,17.43000030517578,16.350000381469727,16.59000015258789,16.052629470825195,8322300
2022-01-28,16.5,16.780000686645508,16.030000686645508,16.780000686645508,16.236473083496094,8636500
2022-01-31,16.649999618530273,17.350000381469727,16.510000228881836,17.34000015258789,16.778335571289062,6594900
2022-02-01,17.34000015258789,17.649999618530273,17.260000228881836,17.3700008392334,16.80736541748047,7853100
2022-02-02,17.399999618530273,17.479999542236328,17.06999969482422,17.18000030517578,16.623517990112305,7978900
2022-02-03,17.110000610351562,17.260000228881836,16.899999618530273,17.079999923706055,16.526756286621094,6450100
2022-02-04,17.040000915527344,17.6299991607666,16.90999984741211,17.459999084472656,16.894445419311523,5843400
2022-02-07,17.450000762939453,17.93000030517578,17.450000762939453,17.84000015258789,17.26213836669922,8813200
2022-02-08,17.90999984741211,18.290000915527344,17.899999618530273,18.170000076293945,17.581449508666992,9775700
2022-02-09,18.43000030517578,18.850000381469727,18.350000381469727,18.450000762939453,17.852380752563477,7402300
2022-02-10,18.31999969482422,18.860000610351562,18.18000030517578,18.540000915527344,17.939464569091797,10358400
2022-02-11,18.540000915527344,18.700000762939453,17.920000076293945,18.059999465942383,17.475011825561523,7356400
2022-02-14,18.139999389648438,18.350000381469727,17.809999465942383,17.93000030517578,17.34922218322754,6525200
2022-02-15,18.34000015258789,18.809999465942383,18.239999771118164,18.719999313354492,18.113636016845703,12508800
2022-02-16,18.829999923706055,19.34000015258789,18.739999771118164,19.309999465942383,18.68452262878418,11836400
2022-02-17,19.5,19.75,19.040000915527344,19.299999237060547,18.674846649169922,11639200
2022-02-18,19.3700008392334,19.549999237060547,18.899999618530273,19.110000610351562,18.491003036499023,9764900
2022-02-22,18.899999618530273,19.139999389648438,18.530000686645508,18.59000015258789,17.98784637451172,7632300
2022-02-23,18.719999313354492,18.84000015258789,18.280000686645508,18.34000015258789,17.745943069458008,9838800
2022-02-24,17.790000915527344,18.530000686645508,17.540000915527344,18.489999771118164,17.891084671020508,9820300
2022-02-25,18.59000015258789,18.899999618530273,18.43000030517578,18.75,18.142663955688477,8988000
2022-02-28,18.40999984741211,18.68000030517578,18.149999618530273,18.270000457763672,17.678213119506836,15758700
2022-03-01,18.219999313354492,18.309999465942383,17.309999465942383,17.420000076293945,16.855741500854492,12000700
2022-03-02,17.530000686645508,18.040000915527344,17.530000686645508,17.920000076293945,17.33954620361328,12177300
2022-03-03,18.110000610351562,18.239999771118164,17.5,17.59000015258789,17.02023696899414,12423200
2022-03-04,17.25,17.34000015258789,17.030000686645508,17.260000228881836,16.700925827026367,7642500
2022-03-07,17.200000762939453,17.200000762939453,16.520000457763672,16.56999969482422,16.033275604248047,7229500
2022-03-08,16.6200008392334,17.610000610351562,16.459999084472656,17.440000534057617,16.87509536743164,10718500
2022-03-09,17.899999618530273,18.399999618530273,17.829999923706055,18.06999969482422,17.48468780517578,11023100
2022-03-10,17.760000228881836,18.440000534057617,17.65999984741211,18.25,17.658857345581055,10057700
2022-03-11,18.469999313354492,18.770000457763672,17.989999771118164,18.020000457763672,17.436309814453125,7754800
2022-03-14,18.209999084472656,18.420000076293945,17.850000381469727,17.899999618530273,17.3201961517334,9754000
2022-03-15,18.1299991607666,18.34000015258789,17.899999618530273,18.149999618530273,17.56209945678711,7178900
2022-03-16,18.6200008392334,18.959999084472656,18.360000610351562,18.860000610351562,18.249099731445312,8917500
2022-03-17,18.65999984741211,18.850000381469727,18.450000762939453,18.84000015258789,18.229747772216797,6238200
2022-03-18,18.729999542236328,19.100000381469727,18.520000457763672,19.030000686645508,18.41359519958496,9789800
2022-03-21,19.030000686645508,19.049999237060547,18.34000015258789,18.450000762939453,17.852380752563477,5371500
2022-03-22,18.469999313354492,18.809999465942383,18.469999313354492,18.600000381469727,17.997522354125977,8424100
2022-03-23,18.440000534057617,18.6200008392334,18.34000015258789,18.360000610351562,17.765296936035156,7904700
2022-03-24,18.389999389648438,18.709999084472656,18.260000228881836,18.700000762939453,18.094282150268555,6328500
2022-03-25,18.6299991607666,19.170000076293945,18.6200008392334,19.09000015258789,18.471651077270508,5922300
2022-03-28,19.040000915527344,19.290000915527344,18.959999084472656,19.100000381469727,18.481327056884766,9071300
2022-03-29,19.280000686645508,19.8799991607666,19.260000228881836,19.81999969482422,19.178003311157227,8335600
2022-03-30,19.979999542236328,20.219999313354492,19.799999237060547,19.93000030517578,19.313674926757812,9443800
2022-03-31,20.010000228881836,20.25,19.389999389648438,19.43000030517578,18.829137802124023,12816600
2022-04-01,19.59000015258789,19.719999313354492,19.34000015258789,19.549999237060547,18.94542694091797,6956100
2022-04-04,19.350000381469727,19.59000015258789,19.170000076293945,19.450000762939453,18.848520278930664,4058600
2022-04-05,19.5,19.65999984741211,18.979999542236328,19.010000228881836,18.4221248626709,4470700
2022-04-06,18.850000381469727,18.90999984741211,18.260000228881836,18.31999969482422,17.753461837768555,5676400
2022-04-07,18.200000762939453,18.31999969482422,17.639999389648438,17.950000762939453,17.39490509033203,7896400
2022-04-08,17.950000762939453,18.219999313354492,17.739999771118164,17.81999969482422,17.268924713134766,5806300
2022-04-11,17.860000610351562,18.06999969482422,17.68000030517578,17.850000381469727,17.297996520996094,6303500
2022-04-12,18.020000457763672,18.350000381469727,17.850000381469727,18.219999313354492,17.656553268432617,8467800
2022-04-13,18.440000534057617,19.739999771118164,18.440000534057617,19.700000762939453,19.090787887573242,11547200
2022-04-14,19.790000915527344,20.100000381469727,19.5,19.579999923706055,18.974498748779297,8442100
2022-04-18,19.5,19.84000015258789,19.329999923706055,19.440000534057617,18.838829040527344,5679300
2022-04-19,19.5,20.469999313354492,19.489999771118164,20.43000030517578,19.7982120513916,9329500
2022-04-20,20.540000915527344,21.15999984741211,20.420000076293945,20.43000030517578,19.7982120513916,8853100
2022-04-21,20.889999389648438,21.209999084472656,20.56999969482422,20.639999389648438,20.001718521118164,13685200
2022-04-22,20.530000686645508,20.829999923706055,20.479999542236328,20.559999465942383,19.924192428588867,8641200
2022-04-25,20.270000457763672,20.979999542236328,20.229999542236328,20.93000030517578,20.282751083374023,10805900
2022-04-26,20.889999389648438,21.100000381469727,20.40999984741211,20.420000076293945,19.78852081298828,8131400
2022-04-27,20.329999923706055,21.299999237060547,20.280000686645508,21.059999465942383,20.408727645874023,13260100
2022-04-28,21.010000228881836,21.440000534057617,20.3799991607666,21.239999771118164,20.58316421508789,9094100
2022-04-29,21.030000686645508,21.239999771118164,20.329999923706055,20.350000381469727,19.720685958862305,7710100
2022-05-02,20.43000030517578,20.549999237060547,19.65999984741211,20.1299991607666,19.507488250732422,7234200
2022-05-03,20.219999313354492,20.389999389648438,19.389999389648438,19.8799991607666,19.26521873474121,8052000
2022-05-04,19.950000762939453,20.270000457763672,19.3799991607666,20.1299991607666,19.507488250732422,9406800
2022-05-05,20.899999618530273,21.6299991607666,19.56999969482422,19.75,19.139240264892578,15251400
2022-05-06,19.719999313354492,20.450000762939453,19.510000228881836,20.239999771118164,19.614086151123047,10392100
2022-05-09,19.899999618530273,19.989999771118164,19.020000457763672,19.110000610351562,18.519033432006836,12376300
2022-05-10,19.360000610351562,19.93000030517578,19.110000610351562,19.5,18.896970748901367,11035100
2022-05-11,19.56999969482422,20.079999923706055,19.18000030517578,19.290000915527344,18.693466186523438,8920300
2022-05-12,19.100000381469727,19.34000015258789,18.610000610351562,19.200000762939453,18.606250762939453,9696000
2022-05-13,19.389999389648438,19.979999542236328,19.290000915527344,19.899999618530273,19.28460121154785,5524700
2022-05-16,19.90999984741211,20.329999923706055,19.719999313354492,20.18000030517578,19.555944442749023,7420700
2022-05-17,20.450000762939453,20.809999465942383,20.40999984741211,20.719999313354492,20.079242706298828,8387100
2022-05-18,20.600000381469727,20.940000534057617,19.6299991607666,19.770000457763672,19.158620834350586,10303600
2022-05-19,19.6299991607666,20.100000381469727,19.40999984741211,19.450000762939453,18.848520278930664,10528500
2022-05-20,19.600000381469727,19.860000610351562,18.18000030517578,18.610000610351562,18.034496307373047,10539100
2022-05-23,18.719999313354492,18.93000030517578,18.520000457763672,18.729999542236328,18.15078353881836,8873000
2022-05-24,18.6200008392334,18.6200008392334,17.8799991607666,18.549999237060547,17.976348876953125,9889700
2022-05-25,18.5,19.420000076293945,18.299999237060547,19.350000381469727,18.751611709594727,9621300
2022-05-26,19.299999237060547,20.5,19.219999313354492,20.360000610351562,19.730377197265625,12430100
2022-05-27,20.489999771118164,20.8700008392334,20.149999618530273,20.700000762939453,20.05986213684082,11356000
2022-05-31,20.510000228881836,20.559999465942383,19.75,19.989999771118164,19.37181854248047,13459900
2022-06-01,20.149999618530273,20.479999542236328,19.59000015258789,20.43000030517578,19.7982120513916,13016200
2022-06-02,20.34000015258789,20.719999313354492,20.239999771118164,20.690000534057617,20.0501708984375,6189000
2022-06-03,20.540000915527344,20.719999313354492,20.3700008392334,20.559999465942383,19.924192428588867,5783200
2022-06-06,20.690000534057617,21.25,20.450000762939453,21.15999984741211,20.50563621520996,9826100
2022-06-07,20.899999618530273,21.18000030517578,20.739999771118164,21.15999984741211,20.50563621520996,9417700
2022-06-08,20.709999084472656,21.209999084472656,20.709999084472656,20.940000534057617,20.292442321777344,5780400
2022-06-09,20.940000534057617,20.940000534057617,19.899999618530273,19.90999984741211,19.294294357299805,6575300
2022-06-10,19.5,19.700000762939453,18.600000381469727,18.639999389648438,18.063566207885742,11419300
2022-06-13,18.06999969482422,18.06999969482422,17.049999237060547,17.1299991607666,16.600261688232422,12270000
2022-06-14,17.100000381469727,17.389999389648438,16.84000015258789,17.18000030517578,16.648717880249023,6133300
2022-06-15,17.399999618530273,17.950000762939453,17.299999237060547,17.610000610351562,17.065420150756836,7710900
2022-06-16,17.170000076293945,17.190000534057617,16.56999969482422,16.65999984741211,16.14479637145996,9846300
2022-06-17,16.6299991607666,16.809999465942383,16.059999465942383,16.200000762939453,15.699023246765137,22448300
2022-06-21,16.399999618530273,17.09000015258789,16.270000457763672,16.469999313354492,15.960672378540039,11806600
2022-06-22,16.18000030517578,16.309999465942383,15.699999809265137,15.699999809265137,15.214484214782715,11292700
2022-06-23,15.720000267028809,15.720000267028809,15.109999656677246,15.399999618530273,14.923762321472168,13763400
2022-06-24,15.470000267028809,16.489999771118164,15.420000076293945,16.09000015258789,15.592424392700195,12834900
2022-06-27,16.079999923706055,16.469999313354492,15.930000305175781,16.020000457763672,15.524588584899902,12557900
2022-06-28,16.239999771118164,16.959999084472656,16.06999969482422,16.1299991607666,15.631186485290527,9021500
2022-06-29,15.970000267028809,15.989999771118164,15.369999885559082,15.699999809265137,15.27129077911377,11919600
2022-06-30,15.5,16.059999465942383,15.170000076293945,15.680000305175781,15.251837730407715,11017600
2022-07-01,15.569999694824219,15.989999771118164,15.399999618530273,15.710000038146973,15.281018257141113,6261600
2022-07-05,15.289999961853027,15.920000076293945,15.100000381469727,15.819999694824219,15.38801383972168,6282700
2022-07-06,15.789999961853027,16.100000381469727,15.25,15.470000267028809,15.047572135925293,6770300
2022-07-07,15.8100004196167,16.399999618530273,15.8100004196167,16.110000610351562,15.670096397399902,8408500
2022-07-08,16.149999618530273,16.219999313354492,15.760000228881836,15.949999809265137,15.514464378356934,6263200
2022-07-11,15.65999984741211,15.920000076293945,15.470000267028809,15.739999771118164,15.310198783874512,3858800
2022-07-12,15.640000343322754,16.170000076293945,15.609999656677246,15.9399995803833,15.50473690032959,5417300
2022-07-13,15.630000114440918,15.9399995803833,15.529999732971191,15.869999885559082,15.436649322509766,4731100
2022-07-14,15.5600004196167,15.84000015258789,15.479999542236328,15.710000038146973,15.281018257141113,10037800
2022-07-15,15.989999771118164,16.110000610351562,15.670000076293945,15.960000038146973,15.524190902709961,7509700
2022-07-18,16.209999084472656,16.68000030517578,16.200000762939453,16.350000381469727,15.903542518615723,6382600
2022-07-19,16.729999542236328,17.170000076293945,16.59000015258789,17.1200008392334,16.652517318725586,10379300
2022-07-20,16.969999313354492,17.360000610351562,16.90999984741211,17.34000015258789,16.86650848388672,5953300
2022-07-21,17.149999618530273,17.229999542236328,16.860000610351562,17.219999313354492,16.749784469604492,7020300
2022-07-22,17.40999984741211,17.5,16.790000915527344,16.920000076293945,16.457979202270508,4744800
2022-07-25,17.06999969482422,17.31999969482422,16.950000762939453,17.299999237060547,16.827600479125977,4241500
2022-07-26,17.299999237060547,17.329999923706055,16.93000030517578,16.940000534057617,16.477432250976562,4337900
2022-07-27,17.18000030517578,17.6200008392334,17.170000076293945,17.59000015258789,17.109682083129883,6086100
2022-07-28,17.549999237060547,17.979999542236328,17.149999618530273,17.90999984741211,17.420944213867188,7085600
2022-07-29,17.860000610351562,18.049999237060547,17.68000030517578,17.809999465942383,17.32367515563965,7971700
2022-08-01,17.719999313354492,17.899999618530273,17.459999084472656,17.84000015258789,17.352855682373047,4705800
2022-08-02,17.75,17.829999923706055,17.290000915527344,17.299999237060547,16.827600479125977,13002400
2022-08-03,17.450000762939453,17.770000457763672,17.329999923706055,17.34000015258789,16.86650848388672,9993500
2022-08-04,18.899999618530273,19.530000686645508,17.40999984741211,17.68000030517578,17.19722557067871,11138400
2022-08-05,18.049999237060547,18.170000076293945,17.690000534057617,17.969999313354492,17.479305267333984,8153200
2022-08-08,18.079999923706055,18.40999984741211,17.93000030517578,18.1200008392334,17.625211715698242,4711800
2022-08-09,18.1299991607666,18.219999313354492,17.950000762939453,18.219999313354492,17.722476959228516,6461800
2022-08-10,18.56999969482422,18.84000015258789,18.5,18.739999771118164,18.228281021118164,6946000
2022-08-11,18.899999618530273,19.200000762939453,18.770000457763672,19.15999984741211,18.636810302734375,6324000
2022-08-12,19.299999237060547,19.530000686645508,19.229999542236328,19.530000686645508,18.996707916259766,4119800
2022-08-15,19.360000610351562,19.43000030517578,19.18000030517578,19.190000534057617,18.66599464416504,4561900
2022-08-16,19.149999618530273,19.600000381469727,19.100000381469727,19.520000457763672,18.986980438232422,10965100
2022-08-17,19.31999969482422,19.469999313354492,19.149999618530273,19.350000381469727,18.821624755859375,7722400
2022-08-18,19.3799991607666,19.760000228881836,19.3700008392334,19.549999237060547,19.016162872314453,7076500
2022-08-19,19.290000915527344,19.3799991607666,18.709999084472656,18.780000686645508,18.267189025878906,6063700
2022-08-22,18.459999084472656,18.639999389648438,18.34000015258789,18.399999618530273,17.897563934326172,4796900
2022-08-23,18.459999084472656,18.670000076293945,18.360000610351562,18.459999084472656,17.95592498779297,6629300
2022-08-24,18.549999237060547,18.729999542236328,18.43000030517578,18.700000762939453,18.189373016357422,3327200
2022-08-25,18.780000686645508,19.219999313354492,18.770000457763672,19.1299991607666,18.607629776000977,5347300
2022-08-26,19.1299991607666,19.18000030517578,18.219999313354492,18.239999771118164,17.741933822631836,5548400
2022-08-29,18.270000457763672,18.270000457763672,17.8799991607666,17.969999313354492,17.479305267333984,7259300
2022-08-30,17.889999389648438,18.149999618530273,17.829999923706055,17.8700008392334,17.382038116455078,5084200
2022-08-31,18.020000457763672,18.09000015258789,17.739999771118164,17.770000457763672,17.28476905822754,6923100
2022-09-01,17.360000610351562,17.700000762939453,17.020000457763672,17.3700008392334,16.895689010620117,11186700
2022-09-02,17.649999618530273,17.739999771118164,17.190000534057617,17.260000228881836,16.788692474365234,7678200
2022-09-06,17.3700008392334,17.610000610351562,16.760000228881836,17.0,16.53579330444336,7471900
2022-09-07,17.100000381469727,17.68000030517578,16.940000534057617,17.639999389648438,17.15831756591797,10870600
2022-09-08,17.420000076293945,17.799999237060547,17.270000457763672,17.670000076293945,17.187498092651367,8012600
2022-09-09,17.84000015258789,18.34000015258789,17.739999771118164,18.239999771118164,17.741933822631836,13033000
2022-09-12,18.229999542236328,18.520000457763672,18.229999542236328,18.489999771118164,17.985107421875,4592300
2022-09-13,17.950000762939453,18.1200008392334,17.75,17.8799991607666,17.39176368713379,7235800
2022-09-14,17.889999389648438,18.329999923706055,17.68000030517578,18.31999969482422,17.819747924804688,12809400
2022-09-15,18.290000915527344,18.489999771118164,18.06999969482422,18.1299991607666,17.634937286376953,6577800
2022-09-16,18.059999465942383,18.059999465942383,17.43000030517578,17.770000457763672,17.28476905822754,11395000
2022-09-19,17.549999237060547,18.200000762939453,17.5,17.81999969482422,17.33340072631836,8058700
2022-09-20,17.559999465942383,17.780000686645508,17.34000015258789,17.700000762939453,17.216678619384766,6547400
2022-09-21,17.850000381469727,17.8799991607666,16.780000686645508,16.799999237060547,16.34125518798828,11326900
2022-09-22,16.829999923706055,16.90999984741211,16.049999237060547,16.190000534057617,15.74791145324707,8216500
2022-09-23,15.949999809265137,15.949999809265137,15.369999885559082,15.819999694824219,15.38801383972168,8892800
2022-09-26,15.5,15.970000267028809,15.449999809265137,15.520000457763672,15.096206665039062,7454600
2022-09-27,15.75,16.059999465942383,15.59000015258789,15.760000228881836,15.329652786254883,9722700
2022-09-28,15.84000015258789,16.600000381469727,15.619999885559082,16.549999237060547,16.098081588745117,15484000
2022-09-29,16.219999313354492,16.229999542236328,15.5600004196167,15.789999961853027,15.471010208129883,10457100
2022-09-30,15.630000114440918,16.079999923706055,15.630000114440918,15.880000114440918,15.559191703796387,9355500
2022-10-03,15.989999771118164,16.520000457763672,15.670000076293945,16.3700008392334,16.03929328918457,9436800
2022-10-04,16.56999969482422,16.8799991607666,16.540000915527344,16.850000381469727,16.50959587097168,9941600
2022-10-05,16.520000457763672,16.760000228881836,16.1299991607666,16.729999542236328,16.392019271850586,7145200
2022-10-06,16.649999618530273,16.969999313354492,16.479999542236328,16.559999465942383,16.225454330444336,6926100
2022-10-07,16.420000076293945,16.549999237060547,16.15999984741211,16.299999237060547,15.97070598602295,8135100
2022-10-10,16.440000534057617,16.739999771118164,16.270000457763672,16.34000015258789,16.009899139404297,9758900
2022-10-11,16.489999771118164,16.729999542236328,16.15999984741211,16.530000686645508,16.196060180664062,7922900
2022-10-12,16.520000457763672,16.93000030517578,16.309999465942383,16.6200008392334,16.284242630004883,10394400
2022-10-13,16.31999969482422,16.860000610351562,16.139999389648438,16.829999923706055,16.489999771118164,11370800
2022-10-14,17.06999969482422,17.280000686645508,16.719999313354492,16.809999465942383,16.47040367126465,8822700
2022-10-17,17.3799991607666,17.530000686645508,17.209999084472656,17.3799991607666,17.028886795043945,6023400
2022-10-18,17.700000762939453,17.90999984741211,17.56999969482422,17.649999618530273,17.293434143066406,7825300
2022-10-19,17.549999237060547,17.799999237060547,17.450000762939453,17.530000686645508,17.175859451293945,6076100
2022-10-20,17.6200008392334,17.8700008392334,17.190000534057617,17.239999771118164,16.89171600341797,6914600
2022-10-21,17.290000915527344,17.920000076293945,17.209999084472656,17.84000015258789,17.479595184326172,8523300
2022-10-24,17.8799991607666,18.049999237060547,17.709999084472656,17.84000015258789,17.479595184326172,5309600
2022-10-25,17.68000030517578,18.059999465942383,17.43000030517578,18.0,17.636363983154297,13158300
2022-10-26,18.040000915527344,18.34000015258789,17.90999984741211,18.100000381469727,17.734342575073242,7067900
2022-10-27,18.280000686645508,18.639999389648438,18.270000457763672,18.510000228881836,18.13606071472168,8116800
2022-10-28,18.549999237060547,18.719999313354492,18.31999969482422,18.649999618530273,18.273231506347656,5267300
2022-10-31,18.540000915527344,18.969999313354492,18.5,18.8799991607666,18.498584747314453,9077100
2022-11-01,19.040000915527344,19.15999984741211,18.84000015258789,18.860000610351562,18.47899055480957,7194400
2022-11-02,18.709999084472656,18.729999542236328,17.889999389648438,18.0,17.636363983154297,11017600
2022-11-03,18.100000381469727,18.15999984741211,16.68000030517578,16.989999771118164,16.646766662597656,9950200
2022-11-04,17.219999313354492,17.40999984741211,16.739999771118164,17.200000762939453,16.85252571105957,10097500
2022-11-07,17.40999984741211,17.530000686645508,16.739999771118164,17.170000076293945,16.823131561279297,6376500
2022-11-08,17.170000076293945,17.43000030517578,17.06999969482422,17.25,16.901514053344727,8266100
2022-11-09,17.059999465942383,17.290000915527344,16.770000457763672,16.799999237060547,16.46060562133789,8206700
2022-11-10,17.399999618530273,18.239999771118164,17.260000228881836,18.1299991607666,17.763736724853516,7325300
2022-11-11,18.43000030517578,18.739999771118164,18.299999237060547,18.559999465942383,18.185049057006836,6341800
2022-11-14,18.43000030517578,18.75,18.06999969482422,18.09000015258789,17.724544525146484,6333100
2022-11-15,18.520000457763672,18.719999313354492,18.329999923706055,18.559999465942383,18.185049057006836,6245000
2022-11-16,18.290000915527344,18.469999313354492,18.020000457763672,18.280000686645508,17.910707473754883,4828200
2022-11-17,17.940000534057617,18.09000015258789,17.729999542236328,17.8700008392334,17.508991241455078,3703600
2022-11-18,18.170000076293945,18.3700008392334,17.8700008392334,18.329999923706055,17.95969581604004,3582000
2022-11-21,18.280000686645508,18.440000534057617,18.06999969482422,18.170000076293945,17.802928924560547,3093300
2022-11-22,18.299999237060547,18.56999969482422,18.170000076293945,18.530000686645508,18.155656814575195,4423400
2022-11-23,18.3799991607666,18.479999542236328,18.170000076293945,18.270000457763672,17.900909423828125,3544200
2022-11-25,18.229999542236328,18.469999313354492,18.170000076293945,18.459999084472656,18.087068557739258,1434200
2022-11-28,18.219999313354492,18.329999923706055,18.059999465942383,18.200000762939453,17.83232307434082,5618500
2022-11-29,18.200000762939453,18.729999542236328,18.18000030517578,18.65999984741211,18.283029556274414,5864700
2022-11-30,18.56999969482422,19.020000457763672,18.360000610351562,18.940000534057617,18.557373046875,13423800
2022-12-01,18.969999313354492,19.170000076293945,18.59000015258789,18.690000534057617,18.312423706054688,4596200
2022-12-02,18.450000762939453,18.600000381469727,18.31999969482422,18.56999969482422,18.194847106933594,5494300
2022-12-05,18.40999984741211,18.40999984741211,17.639999389648438,17.68000030517578,17.32282829284668,5240400
2022-12-06,17.6299991607666,17.68000030517578,17.31999969482422,17.40999984741211,17.05828285217285,6253600
2022-12-07,17.3700008392334,17.75,17.31999969482422,17.579999923706055,17.2248477935791,7851100
2022-12-08,17.739999771118164,17.940000534057617,17.670000076293945,17.690000534057617,17.332626342773438,5222000
2022-12-09,17.549999237060547,17.850000381469727,17.520000457763672,17.690000534057617,17.332626342773438,3621900
2022-12-12,17.700000762939453,18.229999542236328,17.690000534057617,18.100000381469727,17.734342575073242,5174000
2022-12-13,18.690000534057617,18.790000915527344,17.8700008392334,18.06999969482422,17.70494842529297,6383100
2022-12-14,18.09000015258789,18.149999618530273,17.40999984741211,17.579999923706055,17.2248477935791,8193100
2022-12-15,17.31999969482422,17.459999084472656,17.100000381469727,17.1200008392334,16.774141311645508,7680900
2022-12-16,16.90999984741211,17.1200008392334,16.600000381469727,17.0,16.656564712524414,9598800
2022-12-19,16.989999771118164,17.059999465942383,16.690000534057617,16.780000686645508,16.441009521484375,4768500
2022-12-20,16.700000762939453,16.969999313354492,16.65999984741211,16.90999984741211,16.568384170532227,6234300
2022-12-21,16.780000686645508,16.899999618530273,15.859999656677246,15.880000114440918,15.559191703796387,15791300
2022-12-22,15.770000457763672,16.149999618530273,15.720000267028809,16.049999237060547,15.725756645202637,11501100
2022-12-23,16.059999465942383,16.350000381469727,15.880000114440918,16.34000015258789,16.009899139404297,4701100
2022-12-27,16.389999389648438,16.43000030517578,16.059999465942383,16.15999984741211,15.833535194396973,5399800
2022-12-28,16.200000762939453,16.200000762939453,15.819999694824219,15.84000015258789,15.519999504089355,4935600
2022-12-29,15.609999656677246,15.890000343322754,15.600000381469727,15.8100004196167,15.8100004196167,3926700
2022-12-30,15.670000076293945,16.079999923706055,15.579999923706055,16.049999237060547,16.049999237060547,4587200
2023-01-03,16.149999618530273,16.270000457763672,15.84000015258789,15.930000305175781,15.930000305175781,7739100
2023-01-04,16.049999237060547,16.34000015258789,16.0,16.170000076293945,16.170000076293945,8853500
2023-01-05,16.020000457763672,16.040000915527344,15.649999618530273,15.789999961853027,15.789999961853027,6846300
2023-01-06,15.880000114440918,16.270000457763672,15.869999885559082,16.170000076293945,16.170000076293945,7354500
2023-01-09,16.100000381469727,16.309999465942383,16.059999465942383,16.200000762939453,16.200000762939453,8344300
2023-01-10,16.229999542236328,16.610000610351562,16.1200008392334,16.450000762939453,16.450000762939453,5901400
2023-01-11,16.670000076293945,17.290000915527344,16.6299991607666,17.260000228881836,17.260000228881836,7420200
2023-01-12,17.3799991607666,17.530000686645508,17.25,17.399999618530273,17.399999618530273,7238800
2023-01-13,17.229999542236328,17.399999618530273,16.940000534057617,17.010000228881836,17.010000228881836,9097300
