Date,Open,High,Low,Close,Adj Close,Volume
2022-01-18,387.6499938964844,401.6300048828125,385.1600036621094,387.8800048828125,385.316650390625,1512500
2022-01-19,388.239990234375,392.0299987792969,375.3500061035156,377.8399963378906,375.343017578125,1827600
2022-01-20,380.3500061035156,389.1499938964844,380.3500061035156,383.010009765625,380.4788513183594,1267700
2022-01-21,387.17999267578125,390.7300109863281,372.29998779296875,375.25,372.7701416015625,2621300
2022-01-24,374.0,381.7799987792969,363.7300109863281,379.1000061035156,376.5946960449219,1554800
2022-01-25,372.989990234375,378.2300109863281,365.3399963378906,375.0400085449219,372.5615539550781,1154900
2022-01-26,374.0299987792969,382.1199951171875,371.3699951171875,377.0899963378906,374.59796142578125,1718000
2022-01-27,378.1700134277344,389.3699951171875,377.4599914550781,383.04998779296875,380.5185852050781,1335600
2022-01-28,380.5299987792969,387.25,378.9100036621094,386.17999267578125,383.62786865234375,1233100
2022-01-31,382.760009765625,394.7200012207031,382.69000244140625,392.5,389.9061584472656,1471800
2022-02-01,395.0,397.4700012207031,384.3900146484375,390.67999267578125,388.0981750488281,1580100
2022-02-02,408.3800048828125,408.8699951171875,391.989990234375,401.2200012207031,398.5684814453125,1873100
2022-02-03,433.04998779296875,439.3999938964844,418.0,426.2099914550781,423.3933410644531,3772300
2022-02-04,422.6199951171875,438.989990234375,421.5400085449219,429.8500061035156,427.00927734375,1912400
2022-02-07,430.5799865722656,434.54998779296875,425.989990234375,430.3500061035156,427.5060119628906,1180900
2022-02-08,430.0899963378906,435.3299865722656,427.9100036621094,433.0,430.13848876953125,1277500
2022-02-09,434.9800109863281,440.2799987792969,434.0199890136719,436.5400085449219,433.6551208496094,1632300
2022-02-10,434.0,440.5799865722656,430.54998779296875,432.1700134277344,429.3139953613281,921500
2022-02-11,430.3900146484375,435.6199951171875,421.7900085449219,423.9700012207031,421.1681823730469,1254400
2022-02-14,422.2799987792969,425.1400146484375,417.44000244140625,419.6400146484375,416.8667907714844,749400
2022-02-15,423.6499938964844,427.0299987792969,420.760009765625,422.1000061035156,419.31048583984375,1098600
2022-02-16,419.5799865722656,431.1199951171875,419.0899963378906,428.7699890136719,425.9364318847656,1017400
2022-02-17,427.67999267578125,428.2099914550781,421.8599853515625,424.7099914550781,421.90325927734375,530600
2022-02-18,424.7699890136719,429.4800109863281,420.6300048828125,421.75,418.9628601074219,836200
2022-02-22,422.8999938964844,425.739990234375,417.1300048828125,420.57000732421875,417.7906494140625,937900
2022-02-23,423.45001220703125,425.3500061035156,413.3699951171875,413.760009765625,411.025634765625,946600
2022-02-24,410.0,421.80999755859375,408.20001220703125,421.29998779296875,418.5157775878906,1059500
2022-02-25,422.0199890136719,434.8500061035156,421.69000244140625,432.6600036621094,429.8007507324219,795800
2022-02-28,425.45001220703125,434.8299865722656,425.45001220703125,434.32000732421875,431.4497985839844,721200
2022-03-01,430.7900085449219,436.4800109863281,424.760009765625,431.0,428.1517028808594,691800
2022-03-02,432.3599853515625,440.6700134277344,432.3599853515625,436.45001220703125,433.5657043457031,904400
2022-03-03,437.20001220703125,439.739990234375,432.29998779296875,436.010009765625,433.12860107421875,736200
2022-03-04,431.57000732421875,442.1199951171875,428.5299987792969,441.3900146484375,438.4730529785156,900300
2022-03-07,440.6600036621094,441.3900146484375,426.1499938964844,426.8299865722656,424.0092468261719,867000
2022-03-08,423.8999938964844,433.30999755859375,422.0,424.6600036621094,421.8536071777344,782800
2022-03-09,432.6000061035156,432.6000061035156,425.2900085449219,429.1700134277344,426.3337707519531,725800
2022-03-10,423.3399963378906,432.8999938964844,421.2099914550781,431.29998779296875,428.4496765136719,828700
2022-03-11,439.989990234375,439.989990234375,425.6600036621094,426.1199951171875,423.3039855957031,618800
2022-03-14,430.260009765625,434.7300109863281,425.82000732421875,431.94000244140625,429.08551025390625,1021300
2022-03-15,436.0,443.1000061035156,433.4800109863281,439.8699951171875,436.9631042480469,1144500
2022-03-16,442.1600036621094,447.0,435.1000061035156,442.82000732421875,439.89361572265625,800600
2022-03-17,440.54998779296875,443.3999938964844,438.80999755859375,441.0899963378906,438.1750183105469,1241200
2022-03-18,446.05999755859375,446.05999755859375,439.0799865722656,440.6099853515625,437.6981506347656,2086100
2022-03-21,438.6199951171875,443.2699890136719,435.3800048828125,436.8699951171875,433.9828796386719,1095100
2022-03-22,437.20001220703125,442.17999267578125,436.8699951171875,438.42999267578125,435.5325927734375,1251500
2022-03-23,436.7200012207031,438.6400146484375,430.239990234375,430.6099853515625,427.7642517089844,906800
2022-03-24,431.489990234375,438.8500061035156,430.42999267578125,437.4200134277344,434.529296875,819500
2022-03-25,440.0,440.0,435.32000732421875,435.5400085449219,432.6617126464844,702800
2022-03-28,440.3800048828125,441.8800048828125,433.5299987792969,435.04998779296875,432.1749267578125,600800
2022-03-29,439.44000244140625,440.8599853515625,435.260009765625,438.95001220703125,436.0491943359375,619700
2022-03-30,438.80999755859375,440.8299865722656,432.4599914550781,439.3900146484375,437.2712707519531,1093700
2022-03-31,437.45001220703125,445.3900146484375,434.7200012207031,435.1700134277344,433.07159423828125,1412700
2022-04-01,436.6400146484375,443.9200134277344,432.3500061035156,441.4100036621094,439.281494140625,750300
2022-04-04,441.0400085449219,443.55999755859375,435.8999938964844,437.69000244140625,435.5794372558594,669300
2022-04-05,435.19000244140625,447.92999267578125,435.19000244140625,443.2200012207031,441.0827941894531,786000
2022-04-06,444.80999755859375,449.94000244140625,441.489990234375,449.04998779296875,446.8846435546875,834200
2022-04-07,449.82000732421875,458.989990234375,448.8399963378906,457.6000061035156,455.3934020996094,1527000
2022-04-08,460.0,461.2200012207031,455.7200012207031,457.80999755859375,455.6023864746094,968500
2022-04-11,460.0,460.79998779296875,450.1300048828125,451.3299865722656,449.1536560058594,853300
2022-04-12,449.6400146484375,452.94000244140625,446.69000244140625,449.0400085449219,446.87469482421875,905500
2022-04-13,457.25,461.739990234375,453.1300048828125,458.7799987792969,456.5677490234375,1146700
2022-04-14,461.04998779296875,465.239990234375,458.6300048828125,460.55999755859375,458.33917236328125,1602500
2022-04-18,459.010009765625,464.29998779296875,452.05999755859375,453.9700012207031,451.78094482421875,563200
2022-04-19,456.3800048828125,464.6199951171875,455.489990234375,458.69000244140625,456.4781494140625,1148700
2022-04-20,461.3399963378906,467.1099853515625,457.8800048828125,465.489990234375,463.2453308105469,852200
2022-04-21,469.0899963378906,469.3399963378906,455.70001220703125,455.9200134277344,453.7215270996094,839100
2022-04-22,452.8399963378906,453.2300109863281,444.2200012207031,444.4800109863281,442.3367004394531,715500
2022-04-25,443.95001220703125,444.0899963378906,432.92999267578125,441.5299987792969,439.4009094238281,1052700
2022-04-26,439.4700012207031,442.6000061035156,430.45001220703125,430.5,428.4241027832031,969900
2022-04-27,443.30999755859375,448.05999755859375,430.739990234375,443.3699951171875,441.2320251464844,1184500
2022-04-28,445.1300048828125,460.8599853515625,441.2900085449219,458.989990234375,456.7767333984375,1258300
2022-04-29,455.07000732421875,456.5400085449219,443.0899963378906,444.55999755859375,442.41632080078125,986500
2022-05-02,447.3900146484375,448.55999755859375,425.8999938964844,433.510009765625,431.41961669921875,1031300
2022-05-03,436.3699951171875,442.1000061035156,432.9800109863281,433.7799987792969,431.68829345703125,597100
2022-05-04,437.6600036621094,443.29998779296875,430.42999267578125,442.3399963378906,440.20703125,669600
2022-05-05,439.82000732421875,442.7099914550781,430.3699951171875,434.0,431.9072265625,679400
2022-05-06,430.3800048828125,437.25,426.3599853515625,430.6600036621094,428.5833435058594,784200
2022-05-09,427.1600036621094,429.0,421.510009765625,424.510009765625,422.4630126953125,896700
2022-05-10,427.70001220703125,435.8900146484375,424.04998779296875,432.79998779296875,430.7130126953125,1047200
2022-05-11,431.4599914550781,445.0,430.8299865722656,431.7300109863281,429.6481628417969,925100
2022-05-12,431.4200134277344,433.2300109863281,421.8299865722656,428.94000244140625,426.8716125488281,1065700
2022-05-13,430.0199890136719,440.7099914550781,426.6000061035156,438.8900146484375,436.7736511230469,838500
2022-05-16,439.2099914550781,444.8500061035156,435.6600036621094,440.9800109863281,438.8536071777344,461000
2022-05-17,445.67999267578125,445.9599914550781,438.4700012207031,440.5899963378906,438.4654235839844,564000
2022-05-18,436.760009765625,437.3999938964844,416.95001220703125,420.0400085449219,418.0145568847656,948700
2022-05-19,413.79998779296875,435.8800048828125,410.8699951171875,432.0,429.9168701171875,1065700
2022-05-20,432.67999267578125,440.8500061035156,426.239990234375,439.6199951171875,437.5001220703125,646700
2022-05-23,441.79998779296875,445.7900085449219,440.1000061035156,441.3900146484375,439.2615966796875,596800
2022-05-24,439.5,440.8800048828125,431.989990234375,440.4200134277344,438.2962646484375,629600
2022-05-25,441.8999938964844,446.94000244140625,438.7300109863281,444.69000244140625,442.545654296875,534700
2022-05-26,448.3699951171875,454.1400146484375,445.3699951171875,452.2200012207031,450.03936767578125,496500
2022-05-27,452.8999938964844,461.8699951171875,449.7799987792969,461.2099914550781,458.9859924316406,522500
2022-05-31,457.5899963378906,459.20001220703125,452.8699951171875,454.2300109863281,452.0396728515625,1028600
2022-06-01,455.760009765625,457.3999938964844,444.75,447.5899963378906,445.4316711425781,521700
2022-06-02,449.0,450.1499938964844,439.44000244140625,449.54998779296875,447.3822326660156,474300
2022-06-03,446.4100036621094,447.2300109863281,441.80999755859375,442.4100036621094,440.27667236328125,256400
2022-06-06,443.9800109863281,449.0,441.44000244140625,444.1000061035156,441.9585266113281,365700
2022-06-07,445.17999267578125,450.6600036621094,441.3900146484375,449.7799987792969,447.61114501953125,400200
2022-06-08,446.4800109863281,455.5,445.3900146484375,450.5199890136719,448.3475646972656,424100
2022-06-09,450.4700012207031,453.8999938964844,446.7099914550781,449.6199951171875,447.451904296875,693000
2022-06-10,443.6700134277344,448.760009765625,442.55999755859375,444.19000244140625,442.0480651855469,627100
2022-06-13,434.0,436.3999938964844,423.3699951171875,426.2799987792969,424.2244567871094,984800
2022-06-14,424.0199890136719,427.9700012207031,419.5299987792969,423.92999267578125,421.8857727050781,686800
2022-06-15,425.82000732421875,437.92999267578125,425.82000732421875,433.2200012207031,431.1309814453125,820600
2022-06-16,423.29998779296875,425.55999755859375,418.70001220703125,423.2099914550781,421.1692199707031,982600
2022-06-17,426.7699890136719,430.82000732421875,422.6199951171875,428.44000244140625,426.3740234375,1693400
2022-06-21,434.5899963378906,455.3900146484375,432.3699951171875,448.9800109863281,446.81500244140625,1063000
2022-06-22,444.0,456.489990234375,444.0,448.04998779296875,445.88946533203125,932100
2022-06-23,450.8999938964844,457.0,448.6300048828125,454.6400146484375,452.4477233886719,1021400
2022-06-24,454.70001220703125,457.3599853515625,446.0400085449219,456.80999755859375,454.60723876953125,2498300
2022-06-27,457.07000732421875,469.8500061035156,455.75,464.3900146484375,462.15069580078125,856300
2022-06-28,466.92999267578125,477.44000244140625,461.5799865722656,462.19000244140625,459.9613037109375,912000
2022-06-29,462.5799865722656,471.69000244140625,457.57000732421875,468.3299865722656,466.8676452636719,719400
2022-06-30,467.45001220703125,471.8500061035156,464.80999755859375,468.07000732421875,466.6084899902344,1210000
2022-07-01,466.69000244140625,479.7300109863281,463.2200012207031,478.9599914550781,477.4644775390625,902300
2022-07-05,474.1400146484375,476.9100036621094,459.44000244140625,472.9200134277344,471.4433288574219,877700
2022-07-06,475.3699951171875,480.7900085449219,472.20001220703125,477.4800109863281,475.9891052246094,926700
2022-07-07,478.0,480.69000244140625,475.5,476.3500061035156,474.86260986328125,667800
2022-07-08,473.3900146484375,490.1199951171875,471.94000244140625,483.3800048828125,481.8706970214844,914200
2022-07-11,480.3999938964844,490.7699890136719,480.3999938964844,487.0299987792969,485.50927734375,805700
2022-07-12,483.239990234375,488.989990234375,481.1199951171875,483.1700134277344,481.66131591796875,696500
2022-07-13,478.8599853515625,484.54998779296875,473.25,473.55999755859375,472.0813293457031,849900
2022-07-14,470.0,474.6300048828125,463.57000732421875,472.6000061035156,471.12432861328125,868800
2022-07-15,482.3500061035156,489.4100036621094,478.2799987792969,487.5400085449219,486.0177001953125,2043800
2022-07-18,486.5799865722656,490.8399963378906,483.0199890136719,484.4599914550781,482.9472961425781,774800
2022-07-19,488.1700134277344,497.4700012207031,484.3999938964844,495.30999755859375,493.763427734375,622900
2022-07-20,496.1300048828125,496.1300048828125,481.30999755859375,483.69000244140625,482.1796875,1079700
2022-07-21,482.7799987792969,487.42999267578125,477.7900085449219,485.70001220703125,484.1834411621094,708900
2022-07-22,488.25,490.4599914550781,483.04998779296875,488.9700012207031,487.4432067871094,504800
2022-07-25,488.5,493.5899963378906,487.3900146484375,491.7900085449219,490.2544250488281,896700
2022-07-26,493.0,494.489990234375,488.79998779296875,492.2799987792969,490.74285888671875,862500
2022-07-27,487.45001220703125,487.45001220703125,471.2900085449219,478.3500061035156,476.85638427734375,1749300
2022-07-28,480.94000244140625,485.3999938964844,475.4800109863281,484.010009765625,482.49871826171875,1077200
2022-07-29,481.25,484.30999755859375,475.6700134277344,482.0,480.4949951171875,823200
2022-08-01,482.0,484.0,467.2699890136719,474.6400146484375,473.1579895019531,1047200
2022-08-02,474.5199890136719,480.6000061035156,471.239990234375,478.3900146484375,476.896240234375,752900
2022-08-03,480.1499938964844,485.30999755859375,478.6700134277344,481.79998779296875,480.29559326171875,670900
2022-08-04,483.29998779296875,483.29998779296875,477.3599853515625,479.92999267578125,478.4314270019531,411200
2022-08-05,477.69000244140625,484.19000244140625,476.1000061035156,484.0199890136719,482.5086669921875,552000
2022-08-08,487.0299987792969,488.57000732421875,481.1199951171875,482.5299987792969,481.0233154296875,427600
2022-08-09,485.29998779296875,492.57000732421875,484.989990234375,487.739990234375,486.2170715332031,354000
2022-08-10,491.7799987792969,493.2200012207031,483.45001220703125,486.0,484.4825134277344,381100
2022-08-11,484.3500061035156,487.1099853515625,479.3299865722656,484.07000732421875,482.5585021972656,664400
2022-08-12,487.2900085449219,497.3699951171875,485.010009765625,496.8800048828125,495.3285217285156,556600
2022-08-15,493.7699890136719,502.010009765625,493.7699890136719,498.6099853515625,497.0531005859375,472700
2022-08-16,499.0199890136719,499.92999267578125,491.1199951171875,495.2200012207031,493.6736755371094,531000
2022-08-17,493.44000244140625,499.07000732421875,493.44000244140625,495.7200012207031,494.172119140625,404500
2022-08-18,497.989990234375,499.0799865722656,492.4100036621094,495.8900146484375,494.34161376953125,568800
2022-08-19,497.0899963378906,502.57000732421875,494.9100036621094,499.8599853515625,498.2991943359375,551600
2022-08-22,495.5400085449219,504.989990234375,495.5400085449219,500.9200134277344,499.35589599609375,477100
2022-08-23,499.20001220703125,501.82000732421875,491.2799987792969,493.19000244140625,491.6500549316406,571500
2022-08-24,493.3999938964844,498.5799865722656,493.2900085449219,495.6400146484375,494.0923767089844,411900
2022-08-25,496.1600036621094,496.239990234375,492.07000732421875,495.2699890136719,493.7235412597656,555700
2022-08-26,495.5400085449219,497.5899963378906,486.04998779296875,486.7099914550781,485.19024658203125,589000
2022-08-29,483.8299865722656,490.67999267578125,480.3999938964844,488.19000244140625,486.6656494140625,540200
2022-08-30,489.0799865722656,490.45001220703125,484.760009765625,485.6600036621094,484.1435546875,402700
2022-08-31,485.5899963378906,490.1700134277344,481.6499938964844,481.7799987792969,480.2756652832031,1161700
2022-09-01,481.3999938964844,488.1099853515625,480.1199951171875,486.9800109863281,485.4594421386719,574900
2022-09-02,489.2900085449219,491.0199890136719,482.4200134277344,484.3999938964844,482.8874816894531,597300
2022-09-06,484.44000244140625,489.57000732421875,478.6300048828125,479.5299987792969,478.0326843261719,564100
2022-09-07,478.1199951171875,484.0899963378906,475.17999267578125,481.6700134277344,480.166015625,946400
2022-09-08,481.489990234375,489.0,481.489990234375,486.3599853515625,484.84136962890625,598700
2022-09-09,485.9700012207031,487.4700012207031,478.1199951171875,478.5,477.00592041015625,798200
2022-09-12,481.1000061035156,488.55999755859375,477.260009765625,486.1400146484375,484.6220703125,779500
2022-09-13,480.5799865722656,482.0,466.1099853515625,468.2900085449219,466.82781982421875,733400
2022-09-14,466.6600036621094,467.0400085449219,454.07000732421875,458.8500061035156,457.4172668457031,1099500
2022-09-15,487.8399963378906,501.2699890136719,484.0,497.239990234375,495.6873779296875,2671800
2022-09-16,499.3900146484375,500.9200134277344,491.04998779296875,499.7900085449219,498.22943115234375,1511800
2022-09-19,496.94000244140625,502.3399963378906,490.010009765625,501.07000732421875,499.5054626464844,679700
2022-09-20,509.75,514.97998046875,501.75,502.8900146484375,501.31976318359375,1641300
2022-09-21,504.9100036621094,507.95001220703125,490.6099853515625,490.6300048828125,489.0980224609375,927800
2022-09-22,489.4800109863281,502.5,485.42999267578125,493.9100036621094,492.3677978515625,1005800
2022-09-23,491.2200012207031,493.4700012207031,478.32000732421875,486.8999938964844,485.3796691894531,1758300
2022-09-26,482.2799987792969,485.7099914550781,476.69000244140625,482.6300048828125,481.1230163574219,863600
2022-09-27,486.5,493.6499938964844,482.1499938964844,487.30999755859375,485.78839111328125,944200
2022-09-28,483.260009765625,497.760009765625,476.2099914550781,493.80999755859375,492.2680969238281,1279400
2022-09-29,494.6000061035156,494.6000061035156,488.4200134277344,491.05999755859375,490.30908203125,684600
2022-09-30,492.5199890136719,500.0400085449219,484.4200134277344,485.19000244140625,484.44805908203125,1611400
2022-10-03,486.6199951171875,501.3399963378906,485.6000061035156,499.5199890136719,498.7561340332031,712000
2022-10-04,500.7300109863281,507.2099914550781,499.20001220703125,503.7799987792969,503.0096435546875,944600
2022-10-05,501.7900085449219,507.6099853515625,498.1700134277344,504.7099914550781,503.9382019042969,675400
2022-10-06,503.4700012207031,504.5,497.8800048828125,499.29998779296875,498.5364685058594,729400
2022-10-07,497.989990234375,504.3500061035156,496.6499938964844,503.4599914550781,502.69012451171875,871100
2022-10-10,502.1099853515625,506.8800048828125,490.1000061035156,497.0400085449219,496.27996826171875,1043800
2022-10-11,497.6300048828125,506.5799865722656,493.45001220703125,498.489990234375,497.72772216796875,752300
2022-10-12,498.7799987792969,505.67999267578125,493.8900146484375,494.19000244140625,493.4342956542969,573000
2022-10-13,487.5799865722656,505.760009765625,486.2099914550781,500.1600036621094,499.3951721191406,1071600
2022-10-14,507.1499938964844,509.4700012207031,493.04998779296875,500.0,499.23541259765625,992100
2022-10-17,502.1300048828125,504.6499938964844,498.32000732421875,498.7900085449219,498.02728271484375,734700
2022-10-18,502.30999755859375,505.0,497.80999755859375,501.67999267578125,500.912841796875,724100
2022-10-19,504.0,504.8999938964844,494.80999755859375,500.2099914550781,499.4450988769531,695000
2022-10-20,502.8599853515625,513.010009765625,502.0,505.3500061035156,504.5772399902344,923200
2022-10-21,504.32000732421875,513.4199829101562,503.3800048828125,510.5400085449219,509.7593078613281,1479100
2022-10-24,515.2000122070312,524.7899780273438,515.2000122070312,521.9400024414062,521.141845703125,713900
2022-10-25,520.97998046875,540.2000122070312,520.5499877929688,529.4600219726562,528.650390625,1179200
2022-10-26,534.0,540.780029296875,533.739990234375,539.0999755859375,538.275634765625,1080400
2022-10-27,540.27001953125,546.469970703125,535.8599853515625,544.5,543.6673583984375,953200
2022-10-28,549.2899780273438,560.030029296875,545.8599853515625,554.8300170898438,553.9815673828125,1169400
2022-10-31,551.739990234375,563.1300048828125,550.0,558.0800170898438,557.2266235351562,1166700
2022-11-01,555.530029296875,562.3099975585938,550.3699951171875,554.489990234375,553.64208984375,1635600
2022-11-02,552.1599731445312,569.280029296875,551.0,559.5800170898438,558.7243041992188,1491800
2022-11-03,562.52001953125,571.2999877929688,560.8099975585938,563.0,562.1390991210938,1566300
2022-11-04,566.25,570.469970703125,546.1900024414062,552.0499877929688,551.205810546875,1519400
2022-11-07,552.3800048828125,557.4199829101562,548.0999755859375,554.9299926757812,554.0814208984375,1390000
2022-11-08,555.719970703125,561.0,551.3200073242188,557.739990234375,556.8871459960938,777000
2022-11-09,558.9500122070312,562.1599731445312,552.47998046875,553.469970703125,552.6236572265625,842000
2022-11-10,564.5999755859375,564.5999755859375,543.6400146484375,558.2999877929688,557.4462890625,1150900
2022-11-11,556.6599731445312,558.3499755859375,517.0,528.530029296875,527.7218017578125,2193000
2022-11-14,530.8300170898438,534.530029296875,525.510009765625,530.0,529.1895751953125,1034600
2022-11-15,529.1300048828125,532.3900146484375,510.7200012207031,512.9000244140625,512.11572265625,1943400
2022-11-16,518.3800048828125,522.030029296875,511.0,517.5999755859375,516.8084716796875,1040400
2022-11-17,516.969970703125,529.2100219726562,516.75,520.260009765625,519.4644775390625,963200
2022-11-18,527.4000244140625,534.3800048828125,524.8200073242188,529.9000244140625,529.0897216796875,952900
2022-11-21,528.0399780273438,530.7100219726562,520.5700073242188,525.1799926757812,524.3768920898438,1020200
2022-11-22,530.5999755859375,532.6500244140625,528.5700073242188,530.7999877929688,529.98828125,817600
2022-11-23,532.0399780273438,538.7899780273438,530.1099853515625,538.2999877929688,537.4768676757812,839500
2022-11-25,541.75,545.2999877929688,538.6400146484375,540.9500122070312,540.122802734375,339400
2022-11-28,538.2999877929688,541.760009765625,533.6400146484375,534.2899780273438,533.4729614257812,766000
2022-11-29,531.0900268554688,535.0499877929688,529.489990234375,533.1400146484375,532.3247680664062,919000
2022-11-30,531.969970703125,550.3099975585938,528.5800170898438,549.9000244140625,549.0591430664062,2162700
2022-12-01,552.1300048828125,558.0399780273438,544.489990234375,548.3699951171875,547.5314331054688,1251100
2022-12-02,546.6300048828125,550.719970703125,543.7899780273438,546.780029296875,545.9439086914062,517000
2022-12-05,541.3200073242188,550.6199951171875,540.22998046875,547.4199829101562,546.5828857421875,548600
2022-12-06,546.5399780273438,551.239990234375,539.5,546.3499755859375,545.5145263671875,898200
2022-12-07,546.469970703125,552.6099853515625,545.780029296875,549.1799926757812,548.3402099609375,718400
2022-12-08,548.6199951171875,553.6900024414062,546.1699829101562,547.3599853515625,546.5230102539062,628900
2022-12-09,546.1099853515625,546.8599853515625,533.0,533.4199829101562,532.6043090820312,1068800
2022-12-12,534.6799926757812,536.969970703125,525.3800048828125,529.989990234375,529.1795654296875,1543900
2022-12-13,537.8300170898438,537.8300170898438,520.1799926757812,523.0599975585938,522.2601318359375,1658300
2022-12-14,526.0499877929688,526.2899780273438,516.9000244140625,521.510009765625,520.7125244140625,1068300
2022-12-15,517.72998046875,517.72998046875,502.30999755859375,508.44000244140625,507.6625061035156,1487100
2022-12-16,506.3999938964844,506.760009765625,494.8500061035156,503.5299987792969,502.760009765625,1918200
2022-12-19,503.75,507.32000732421875,500.5,504.8399963378906,504.0680236816406,824900
2022-12-20,504.6400146484375,508.05999755859375,500.29998779296875,501.7200012207031,500.9527893066406,637400
2022-12-21,505.0,508.1099853515625,499.6700134277344,508.1099853515625,507.3330078125,656800
2022-12-22,507.8999938964844,512.7100219726562,505.04998779296875,512.4299926757812,511.6463928222656,661700
2022-12-23,510.4599914550781,516.0,509.5799865722656,513.9600219726562,513.174072265625,357900
2022-12-27,515.6799926757812,520.0,512.9099731445312,514.3800048828125,513.5934448242188,423300
2022-12-28,517.0800170898438,520.77001953125,514.4099731445312,515.3099975585938,514.5220336914062,603500
2022-12-29,517.219970703125,517.239990234375,512.0399780273438,513.2000122070312,513.2000122070312,303300
2022-12-30,513.239990234375,513.489990234375,507.1000061035156,512.1900024414062,512.1900024414062,398600
2023-01-03,508.239990234375,511.010009765625,489.6700134277344,500.489990234375,500.489990234375,1089500
2023-01-04,500.1300048828125,501.5199890136719,484.75,492.1199951171875,492.1199951171875,1137100
2023-01-05,492.20001220703125,493.3699951171875,483.7099914550781,488.0199890136719,488.0199890136719,1273800
2023-01-06,490.2300109863281,494.6600036621094,488.0299987792969,492.5400085449219,492.5400085449219,977600
2023-01-09,495.57000732421875,499.8399963378906,479.80999755859375,481.7099914550781,481.7099914550781,1065400
2023-01-10,484.3900146484375,485.79998779296875,478.4100036621094,481.5899963378906,481.5899963378906,997600
2023-01-11,482.2799987792969,493.1099853515625,480.5400085449219,493.0,493.0,941900
2023-01-12,492.489990234375,495.8399963378906,482.57000732421875,494.2900085449219,494.2900085449219,1092000
2023-01-13,494.2900085449219,504.8399963378906,489.3800048828125,491.3599853515625,491.3599853515625,1280400
