Date,Open,High,Low,Close,Adj Close,Volume
2022-01-18,144.52000427246094,145.0,140.0800018310547,141.22000122070312,137.16102600097656,1818700
2022-01-19,142.36000061035156,142.97999572753906,139.25999450683594,139.3800048828125,135.37393188476562,1204800
2022-01-20,139.38999938964844,145.64999389648438,138.32000732421875,141.0,136.94735717773438,3723300
2022-01-21,141.30999755859375,143.7899932861328,138.72000122070312,139.2899932861328,135.2864990234375,1253400
2022-01-24,136.36000061035156,137.0,130.97999572753906,136.6199951171875,132.6932373046875,2030300
2022-01-25,133.8800048828125,135.3000030517578,131.8800048828125,134.02999877929688,130.1776885986328,1601200
2022-01-26,136.5399932861328,137.32000732421875,131.8800048828125,133.22999572753906,129.40066528320312,1354900
2022-01-27,134.97999572753906,136.00999450683594,130.9499969482422,131.9600067138672,128.1671905517578,1041700
2022-01-28,131.8300018310547,132.1199951171875,128.3699951171875,130.7100067138672,126.953125,2261500
2022-01-31,130.27999877929688,132.2899932861328,129.55999755859375,131.9199981689453,128.12832641601562,2591700
2022-02-01,132.2100067138672,134.77000427246094,132.0800018310547,134.10000610351562,130.2456817626953,1477100
2022-02-02,133.75,134.27999877929688,132.5399932861328,133.39999389648438,129.56578063964844,2270000
2022-02-03,132.32000732421875,132.5800018310547,128.8300018310547,128.99000549316406,125.28255462646484,886600
2022-02-04,127.20999908447266,128.52999877929688,125.38999938964844,127.0999984741211,123.44686126708984,1898000
2022-02-07,127.27999877929688,128.99000549316406,126.5,127.97000122070312,124.2918701171875,2237600
2022-02-08,128.25,129.36000061035156,127.69999694824219,128.9199981689453,125.21454620361328,1807600
2022-02-09,130.32000732421875,134.7899932861328,130.11000061035156,132.60000610351562,128.78878784179688,2426000
2022-02-10,133.2899932861328,143.13999938964844,131.55999755859375,136.39999389648438,132.4795684814453,3659900
2022-02-11,135.6999969482422,139.19000244140625,133.75999450683594,133.83999633789062,129.99314880371094,1974300
2022-02-14,133.52000427246094,133.86000061035156,130.33999633789062,131.61000061035156,127.82723236083984,1254500
2022-02-15,132.9499969482422,135.32000732421875,132.94000244140625,135.25999450683594,131.37232971191406,1251400
2022-02-16,135.25999450683594,137.6999969482422,134.1699981689453,137.47999572753906,133.5285186767578,1530300
2022-02-17,136.0,137.0800018310547,135.08999633789062,135.6999969482422,131.79966735839844,1816500
2022-02-18,135.88999938964844,136.10000610351562,133.97000122070312,134.7899932861328,130.91583251953125,1330300
2022-02-22,135.25,135.38999938964844,132.52000427246094,133.74000549316406,129.89602661132812,2811400
2022-02-23,134.8300018310547,136.2899932861328,132.7100067138672,133.38999938964844,129.55609130859375,1496700
2022-02-24,130.72000122070312,135.74000549316406,129.99000549316406,135.67999267578125,131.78025817871094,1736600
2022-02-25,135.97000122070312,140.1199951171875,135.61000061035156,139.55999755859375,135.54873657226562,1518900
2022-02-28,138.1199951171875,138.67999267578125,132.8000030517578,133.0,129.1772918701172,3178900
2022-03-01,133.0,133.38999938964844,127.45999908447266,128.41000366210938,124.7192153930664,1631100
2022-03-02,130.36000061035156,130.86000061035156,127.87999725341797,129.72000122070312,125.99156188964844,1524900
2022-03-03,130.86000061035156,131.17999267578125,124.41999816894531,127.02999877929688,123.37886810302734,1317200
2022-03-04,125.2300033569336,126.27999877929688,123.41999816894531,123.5,119.9503402709961,1716700
2022-03-07,122.9000015258789,123.20999908447266,115.8499984741211,116.13999938964844,112.80188751220703,2627400
2022-03-08,116.51000213623047,120.69999694824219,113.4000015258789,119.70999908447266,116.26927185058594,3020300
2022-03-09,122.05999755859375,122.93000030517578,119.2300033569336,120.81999969482422,117.34736633300781,2257600
2022-03-10,119.3499984741211,121.43000030517578,118.05999755859375,121.2300033569336,117.74559020996094,1564400
2022-03-11,121.93000030517578,123.44999694824219,118.05999755859375,118.13999938964844,114.74439239501953,1331600
2022-03-14,119.47000122070312,120.38999938964844,116.19999694824219,116.51000213623047,113.16124725341797,1844700
2022-03-15,116.70999908447266,120.8499984741211,116.70999908447266,120.4800033569336,117.01715087890625,1609200
2022-03-16,121.83000183105469,125.4000015258789,121.20999908447266,124.9800033569336,121.38780212402344,1741700
2022-03-17,123.80000305175781,127.87000274658203,123.04000091552734,126.55999755859375,122.9223861694336,1403300
2022-03-18,126.47000122070312,129.7100067138672,125.5199966430664,129.1300048828125,125.41852569580078,2634600
2022-03-21,128.9499969482422,129.47000122070312,125.43000030517578,126.56999969482422,122.93209838867188,1507600
2022-03-22,127.20999908447266,128.58999633789062,126.56999969482422,127.55999755859375,123.89364624023438,1641600
2022-03-23,127.2699966430664,127.8499984741211,125.38999938964844,126.12999725341797,122.50474548339844,851700
2022-03-24,124.55999755859375,128.24000549316406,123.75,127.9800033569336,125.08502960205078,1573100
2022-03-25,128.16000366210938,129.52999877929688,127.19000244140625,129.5,126.57064819335938,1271700
2022-03-28,129.61000061035156,130.47000122070312,126.94000244140625,130.36000061035156,127.41119384765625,1486300
2022-03-29,131.6300048828125,134.47000122070312,131.52999877929688,134.16000366210938,131.125244140625,1140100
2022-03-30,133.6699981689453,134.0,130.4600067138672,131.2100067138672,128.24197387695312,711400
2022-03-31,131.10000610351562,132.44000244140625,130.22000122070312,131.3300018310547,128.3592529296875,1406500
2022-04-01,132.08999633789062,134.5500030517578,131.6199951171875,134.3300018310547,131.29139709472656,1258600
2022-04-04,134.5399932861328,134.57000732421875,130.60000610351562,130.83999633789062,127.88033294677734,1028700
2022-04-05,130.05999755859375,131.52999877929688,129.27000427246094,129.39999389648438,126.47290802001953,894400
2022-04-06,128.22999572753906,128.80999755859375,124.20999908447266,125.5,122.6611328125,2720700
2022-04-07,124.37000274658203,126.98999786376953,122.56999969482422,125.9000015258789,123.05208587646484,2443500
2022-04-08,125.87000274658203,126.9000015258789,122.56999969482422,124.2699966430664,121.45893859863281,2496900
2022-04-11,123.70999908447266,127.38999938964844,123.62999725341797,125.66999816894531,122.82727813720703,1814000
2022-04-12,126.04000091552734,126.7699966430664,123.95999908447266,124.43000030517578,121.61532592773438,852800
2022-04-13,124.2300033569336,127.81999969482422,124.16999816894531,127.5999984741211,124.713623046875,1209800
2022-04-14,128.38999938964844,129.0,125.16999816894531,125.43000030517578,122.59271240234375,1745500
2022-04-18,125.11000061035156,125.69999694824219,122.31999969482422,122.7300033569336,119.95378875732422,1342200
2022-04-19,122.9000015258789,125.56999969482422,122.44000244140625,124.54000091552734,121.72285461425781,1309600
2022-04-20,124.45999908447266,125.9800033569336,124.44999694824219,125.1500015258789,122.31903839111328,1115900
2022-04-21,126.8499984741211,127.75,124.61000061035156,124.8499984741211,122.02583312988281,1477600
2022-04-22,124.05999755859375,125.7699966430664,124.05999755859375,124.61000061035156,121.791259765625,1917500
2022-04-25,124.2699966430664,124.2699966430664,120.66999816894531,123.06999969482422,120.28609466552734,1188300
2022-04-26,123.54000091552734,124.05000305175781,119.63999938964844,119.81999969482422,117.10961151123047,1316100
2022-04-27,120.6500015258789,124.7699966430664,120.6500015258789,123.25,120.46202850341797,1516100
2022-04-28,124.0,125.7300033569336,122.20999908447266,125.16999816894531,122.33859252929688,1380400
2022-04-29,125.13999938964844,125.87999725341797,120.9000015258789,121.30000305175781,118.55613708496094,837200
2022-05-02,121.68000030517578,122.9000015258789,119.80999755859375,121.56999969482422,118.82002258300781,1282000
2022-05-03,122.48999786376953,123.91000366210938,121.3499984741211,121.9000015258789,119.1425552368164,867800
2022-05-04,122.19000244140625,126.72000122070312,121.91999816894531,126.48999786376953,123.62873077392578,947900
2022-05-05,124.55999755859375,126.19000244140625,121.7300033569336,122.75,119.97333526611328,999900
2022-05-06,122.22000122070312,122.73999786376953,119.69999694824219,122.1500015258789,119.38690948486328,1427800
2022-05-09,120.2300033569336,121.8499984741211,119.08000183105469,119.48999786376953,116.78707885742188,1874900
2022-05-10,124.06999969482422,129.4499969482422,121.05000305175781,125.5,122.6611328125,2900000
2022-05-11,124.81999969482422,131.2100067138672,124.81999969482422,128.0,125.10457611083984,2964000
2022-05-12,127.31999969482422,129.74000549316406,126.2699966430664,128.52999877929688,125.6225814819336,2730200
2022-05-13,129.3000030517578,132.41000366210938,129.3000030517578,132.16000366210938,129.17047119140625,2067300
2022-05-16,131.27999877929688,131.97000122070312,126.9000015258789,127.95999908447266,125.06548309326172,1165500
2022-05-17,130.3000030517578,130.3000030517578,126.16000366210938,129.8300018310547,126.89318084716797,1527000
2022-05-18,128.30999755859375,129.35000610351562,126.56999969482422,126.94999694824219,124.07832336425781,1416200
2022-05-19,126.26000213623047,130.52999877929688,126.01000213623047,129.00999450683594,126.09172058105469,1057500
2022-05-20,129.8300018310547,130.39999389648438,125.80000305175781,128.92999267578125,126.0135269165039,826500
2022-05-23,130.52000427246094,130.52000427246094,127.48999786376953,129.11000061035156,126.18946838378906,777000
2022-05-24,128.6999969482422,128.85000610351562,125.93000030517578,128.5399932861328,125.63235473632812,840900
2022-05-25,128.69000244140625,130.27000427246094,128.42999267578125,129.69000244140625,126.75635528564453,579300
2022-05-26,131.05999755859375,132.3800048828125,130.3800048828125,131.0,128.03671264648438,584400
2022-05-27,131.6300048828125,132.99000549316406,131.1300048828125,132.9600067138672,129.95237731933594,950000
2022-05-31,131.5,132.72999572753906,129.75999450683594,132.1699981689453,129.18023681640625,1408900
2022-06-01,132.58999633789062,133.50999450683594,130.07000732421875,132.16000366210938,129.17047119140625,712200
2022-06-02,133.05999755859375,134.11000061035156,132.07000732421875,133.80999755859375,130.7831573486328,943400
2022-06-03,132.36000061035156,133.74000549316406,132.07000732421875,132.57000732421875,129.5712127685547,504000
2022-06-06,133.0,134.67999267578125,131.91000366210938,132.58999633789062,129.5907440185547,430800
2022-06-07,131.6199951171875,134.6999969482422,131.52999877929688,134.52000427246094,131.4770965576172,822200
2022-06-08,133.33999633789062,135.1699981689453,132.8699951171875,132.9199981689453,129.9132843017578,733800
2022-06-09,131.83999633789062,133.22999572753906,130.77999877929688,130.8000030517578,127.84123992919922,561500
2022-06-10,128.74000549316406,129.19000244140625,124.29000091552734,124.9000015258789,122.07469940185547,1335700
2022-06-13,122.51000213623047,122.51000213623047,119.01000213623047,119.55999755859375,116.85548400878906,1133600
2022-06-14,119.7300033569336,120.11000061035156,116.44000244140625,117.16999816894531,114.5195541381836,1300500
2022-06-15,119.2699966430664,119.66000366210938,114.38999938964844,116.43000030517578,113.79630279541016,1287000
2022-06-16,112.22000122070312,113.70999908447266,108.91999816894531,109.55999755859375,107.08170318603516,2788100
2022-06-17,108.73999786376953,109.5,105.37999725341797,108.30999755859375,105.85997772216797,3948300
2022-06-21,110.5199966430664,113.62999725341797,110.01000213623047,112.94999694824219,110.39501190185547,2139300
2022-06-22,112.18000030517578,117.76000213623047,112.18000030517578,115.70999908447266,113.09258270263672,2233900
2022-06-23,115.68000030517578,116.95999908447266,114.80000305175781,116.37000274658203,114.51953125,1683700
2022-06-24,117.12999725341797,121.45999908447266,117.12999725341797,121.41000366210938,119.47938537597656,1453200
2022-06-27,122.06999969482422,122.45999908447266,118.9800033569336,119.13999938964844,117.24547576904297,1188400
2022-06-28,120.30999755859375,120.94999694824219,116.63999938964844,116.69000244140625,114.83444213867188,979800
2022-06-29,117.12000274658203,117.48999786376953,114.47000122070312,117.37999725341797,115.51346588134766,910500
2022-06-30,116.12999725341797,119.41000366210938,115.93000030517578,119.12000274658203,117.22579956054688,1308500
2022-07-01,118.69999694824219,120.5199966430664,115.9800033569336,119.26000213623047,117.36357116699219,1420600
2022-07-05,117.1500015258789,118.94000244140625,114.72000122070312,118.9000015258789,117.0093002319336,1097700
2022-07-06,119.19999694824219,119.9000015258789,117.55000305175781,119.43000030517578,117.53086853027344,890900
2022-07-07,120.37000274658203,120.66999816894531,117.29000091552734,117.58999633789062,115.7201156616211,1249400
2022-07-08,117.73999786376953,117.73999786376953,116.12999725341797,116.58000183105469,114.72618865966797,803700
2022-07-11,114.91000366210938,117.26000213623047,114.91000366210938,116.22000122070312,114.37191009521484,495100
2022-07-12,115.68000030517578,118.62999725341797,115.68000030517578,117.02999877929688,115.16902160644531,583200
2022-07-13,113.4800033569336,116.18000030517578,113.4800033569336,114.95999908447266,113.13195037841797,688800
2022-07-14,113.80000305175781,113.80000305175781,112.01000213623047,113.16000366210938,111.3605728149414,1681800
2022-07-15,115.16999816894531,116.25,113.1500015258789,115.9800033569336,114.13572692871094,784100
2022-07-18,116.75,117.19999694824219,113.94999694824219,114.44000244140625,112.6202163696289,703700
2022-07-19,115.83000183105469,118.33999633789062,115.55999755859375,117.69999694824219,115.82837677001953,992400
2022-07-20,118.0,119.69000244140625,117.58000183105469,119.3499984741211,117.45214080810547,775100
2022-07-21,119.19000244140625,122.41999816894531,119.05000305175781,122.33000183105469,120.38475799560547,921700
2022-07-22,123.0999984741211,123.94999694824219,121.38999938964844,122.26000213623047,120.31586456298828,771600
2022-07-25,122.41000366210938,123.9800033569336,122.12000274658203,123.05999755859375,121.10314178466797,775600
2022-07-26,122.91999816894531,123.23999786376953,120.2699966430664,120.98999786376953,119.06605529785156,859600
2022-07-27,119.91000366210938,121.58999633789062,117.2300033569336,121.26000213623047,119.3317642211914,1432300
2022-07-28,122.20999908447266,124.4800033569336,121.18000030517578,124.30999755859375,122.33326721191406,1206000
2022-07-29,124.5999984741211,126.5199966430664,123.8499984741211,124.05000305175781,122.07740020751953,1165100
2022-08-01,122.41000366210938,125.27999877929688,122.04000091552734,125.1500015258789,123.15990447998047,825500
2022-08-02,125.04000091552734,125.9800033569336,124.02999877929688,124.23999786376953,122.26437377929688,775500
2022-08-03,124.66000366210938,126.95999908447266,123.5199966430664,126.54000091552734,124.5278091430664,1038600
2022-08-04,127.22000122070312,128.77000427246094,126.80999755859375,126.94000244140625,124.92144775390625,874600
2022-08-05,125.44999694824219,127.19999694824219,125.33000183105469,126.73999786376953,124.72462463378906,877300
2022-08-08,128.16000366210938,129.1999969482422,127.16999816894531,127.66000366210938,125.62999725341797,1058100
2022-08-09,127.0,127.62999725341797,119.6500015258789,120.12999725341797,118.21973419189453,1867200
2022-08-10,121.48999786376953,124.0199966430664,121.12999725341797,123.05000305175781,121.09330749511719,1386900
2022-08-11,124.48999786376953,125.11000061035156,122.0999984741211,122.2300033569336,120.28634643554688,942100
2022-08-12,122.47000122070312,124.44999694824219,121.9000015258789,124.37000274658203,122.3923110961914,768700
2022-08-15,123.63999938964844,125.12999725341797,123.3499984741211,124.55999755859375,122.57928466796875,972600
2022-08-16,123.86000061035156,125.1500015258789,123.3499984741211,124.55000305175781,122.56945037841797,907400
2022-08-17,123.25,124.06999969482422,122.01000213623047,122.87999725341797,120.9260025024414,799900
2022-08-18,123.16999816894531,123.7300033569336,121.6500015258789,122.05000305175781,120.10920715332031,700600
2022-08-19,121.4000015258789,121.69999694824219,118.91000366210938,119.31999969482422,117.422607421875,1133900
2022-08-22,117.51000213623047,117.8499984741211,114.83000183105469,115.25,113.4173355102539,1345000
2022-08-23,115.0999984741211,115.80999755859375,113.87999725341797,115.55000305175781,113.71257019042969,928300
2022-08-24,116.36000061035156,118.37999725341797,115.6500015258789,117.05000305175781,115.18871307373047,941700
2022-08-25,117.95999908447266,119.13999938964844,117.33999633789062,119.05999755859375,117.166748046875,580600
2022-08-26,119.2300033569336,119.41000366210938,114.12000274658203,114.22000122070312,112.40371704101562,781600
2022-08-29,113.25,114.79000091552734,112.93000030517578,113.02999877929688,111.23263549804688,810200
2022-08-30,113.33000183105469,113.75,111.11000061035156,111.36000061035156,109.58918762207031,1181100
2022-08-31,111.5999984741211,112.47000122070312,110.27999877929688,110.4800033569336,108.72318267822266,1677400
2022-09-01,110.0,110.30000305175781,107.77999877929688,108.63999938964844,106.91244506835938,1312100
2022-09-02,110.25,111.48999786376953,107.4000015258789,107.83000183105469,106.11532592773438,1663300
2022-09-06,108.80000305175781,110.55000305175781,108.37000274658203,109.7300033569336,107.98511505126953,1610500
2022-09-07,109.75,113.55000305175781,109.75,113.22000122070312,111.41961669921875,1070300
2022-09-08,111.77999877929688,114.29000091552734,111.58000183105469,114.16000366210938,112.34467315673828,1408800
2022-09-09,115.16000366210938,115.62000274658203,113.91000366210938,114.48999786376953,112.66941833496094,1516700
2022-09-12,116.73999786376953,118.97000122070312,115.76000213623047,117.08999633789062,115.22807312011719,2115700
2022-09-13,113.5999984741211,115.0,109.37999725341797,109.4000015258789,107.66036224365234,2029600
2022-09-14,108.83000183105469,109.1500015258789,107.22000122070312,107.9800033569336,106.262939453125,2016000
2022-09-15,107.62999725341797,108.87999725341797,105.25,105.41000366210938,103.73381042480469,1704300
2022-09-16,103.30999755859375,103.52999877929688,101.33999633789062,102.4000015258789,100.77167510986328,4753100
2022-09-19,101.45999908447266,103.1500015258789,101.37999725341797,102.9000015258789,101.26372528076172,1285500
2022-09-20,101.43000030517578,102.73999786376953,100.83000183105469,101.55999755859375,99.94502258300781,1409000
2022-09-21,102.04000091552734,102.56999969482422,99.0999984741211,99.1500015258789,97.57335662841797,1205000
2022-09-22,98.0,98.43000030517578,96.7300033569336,97.66000366210938,96.89865112304688,1553100
2022-09-23,96.44000244140625,97.33000183105469,95.38999938964844,96.7300033569336,95.97590637207031,1578800
2022-09-26,96.75,98.08999633789062,95.4800033569336,96.27999877929688,95.52940368652344,1141500
2022-09-27,97.66999816894531,97.95999908447266,93.77999877929688,94.0,93.26718139648438,1311300
2022-09-28,94.61000061035156,95.70999908447266,93.83000183105469,95.2699966430664,94.52727508544922,1900500
2022-09-29,93.79000091552734,94.0,90.55000305175781,91.58000183105469,90.86605072021484,1970600
2022-09-30,91.7300033569336,92.66999816894531,89.95999908447266,90.83000183105469,90.12189483642578,2900700
2022-10-03,92.0999984741211,93.38999938964844,91.29000091552734,92.80999755859375,92.08645629882812,2100500
2022-10-04,94.56999969482422,96.4000015258789,94.55999755859375,95.58999633789062,94.84477996826172,1937700
2022-10-05,93.44000244140625,94.48999786376953,91.37999725341797,92.5999984741211,91.87809753417969,2437400
2022-10-06,91.7699966430664,92.62999725341797,90.05999755859375,90.4000015258789,89.69525146484375,2018800
2022-10-07,89.16000366210938,89.55999755859375,88.01000213623047,88.5,87.81005859375,2176300
2022-10-10,88.4800033569336,89.41999816894531,87.80000305175781,89.06999969482422,88.37561798095703,1962800
2022-10-11,87.52999877929688,87.52999877929688,85.33999633789062,86.5999984741211,85.92487335205078,2406900
2022-10-12,86.80000305175781,86.80000305175781,84.83000183105469,84.87000274658203,84.20835876464844,1694900
2022-10-13,83.29000091552734,88.81999969482422,83.13999938964844,87.79000091552734,87.10559844970703,2309000
2022-10-14,88.5,88.7300033569336,86.68000030517578,87.70999908447266,87.02621459960938,2450700
2022-10-17,89.75,90.30999755859375,88.44000244140625,89.6500015258789,88.95109558105469,1806500
2022-10-18,91.73999786376953,93.76000213623047,91.41999816894531,92.69000244140625,91.96739959716797,1606400
2022-10-19,92.5,95.1500015258789,92.4000015258789,92.55000305175781,91.8284912109375,1987700
2022-10-20,93.0,94.0,90.63999938964844,91.20999908447266,90.49893188476562,1451100
2022-10-21,90.80999755859375,94.30000305175781,90.33999633789062,94.06999969482422,93.33663940429688,1898700
2022-10-24,94.97000122070312,95.66000366210938,93.16999816894531,94.11000061035156,93.37632751464844,1520100
2022-10-25,94.0199966430664,96.77999877929688,93.47000122070312,96.16000366210938,95.41034698486328,1790400
2022-10-26,96.37999725341797,97.12999725341797,95.41000366210938,95.80999755859375,95.06307220458984,1030200
2022-10-27,96.7699966430664,98.12000274658203,95.0999984741211,95.43000030517578,94.68603515625,1691200
2022-10-28,95.2699966430664,97.11000061035156,95.2699966430664,96.80999755859375,96.0552749633789,1212800
2022-10-31,96.51000213623047,97.69000244140625,96.16000366210938,97.61000061035156,96.84903717041016,2168000
2022-11-01,98.69999694824219,98.7300033569336,95.37000274658203,95.44999694824219,94.70587921142578,1645900
2022-11-02,95.43000030517578,98.18000030517578,94.23999786376953,94.26000213623047,93.52515411376953,2206300
2022-11-03,92.81999969482422,93.87999725341797,91.80000305175781,93.27999877929688,92.55279541015625,1669200
2022-11-04,95.26000213623047,95.81999969482422,93.83000183105469,94.83000183105469,94.09071350097656,1884400
2022-11-07,96.13999938964844,96.31999969482422,94.4000015258789,96.18000030517578,95.43019104003906,1308700
2022-11-08,93.43000030517578,96.91999816894531,91.2699966430664,91.41000366210938,90.69738006591797,2658100
2022-11-09,90.37999725341797,93.12999725341797,89.6500015258789,91.58000183105469,90.86605072021484,1917500
2022-11-10,94.19000244140625,96.33999633789062,94.04000091552734,96.05999755859375,95.31111907958984,2220800
2022-11-11,96.83000183105469,101.0,96.13999938964844,100.54000091552734,99.75619506835938,2152200
2022-11-14,100.02999877929688,101.44999694824219,99.33000183105469,99.36000061035156,98.58539581298828,1793700
2022-11-15,100.77999877929688,100.8499984741211,96.62000274658203,97.91000366210938,97.1467056274414,1374200
2022-11-16,97.7699966430664,98.86000061035156,97.19999694824219,98.41999816894531,97.65272521972656,1828700
2022-11-17,97.0,98.52999877929688,96.87999725341797,97.87999725341797,97.11692810058594,1572200
2022-11-18,99.55999755859375,100.18000030517578,98.16999816894531,98.2699966430664,97.50389099121094,1359000
2022-11-21,97.75,99.05999755859375,97.41000366210938,98.70999908447266,97.94046020507812,1280700
2022-11-22,99.33000183105469,100.02999877929688,98.9800033569336,99.81999969482422,99.04180908203125,745000
2022-11-23,100.22000122070312,101.25,99.98999786376953,100.91000366210938,100.1233139038086,1208700
2022-11-25,100.58000183105469,101.44999694824219,100.11000061035156,101.37000274658203,100.57972717285156,499100
2022-11-28,100.83999633789062,101.29000091552734,99.83000183105469,99.9800033569336,99.20056915283203,1228900
2022-11-29,101.08999633789062,102.8499984741211,100.88999938964844,102.4000015258789,101.60169982910156,1687700
2022-11-30,101.93000030517578,106.55000305175781,100.66000366210938,105.81999969482422,104.99503326416016,2373000
2022-12-01,106.62000274658203,107.81999969482422,104.88999938964844,106.73999786376953,105.9078598022461,1492200
2022-12-02,105.30000305175781,108.18000030517578,104.55000305175781,107.97000122070312,107.1282730102539,1981000
2022-12-05,106.61000061035156,108.19000244140625,106.0,106.79000091552734,105.95747375488281,2292300
2022-12-06,106.94000244140625,107.69000244140625,103.93000030517578,104.94999694824219,104.1318130493164,2003400
2022-12-07,105.11000061035156,108.56999969482422,104.8499984741211,108.0999984741211,107.25725555419922,2520800
2022-12-08,108.6500015258789,109.48999786376953,107.31999969482422,107.69999694824219,106.8603744506836,2165200
2022-12-09,108.01000213623047,109.22000122070312,107.11000061035156,107.26000213623047,106.42381286621094,2052100
2022-12-12,107.81999969482422,108.0,105.33000183105469,106.12000274658203,105.2927017211914,1569000
2022-12-13,109.75,110.1500015258789,105.66999816894531,107.2300033569336,106.39404296875,3103300
2022-12-14,106.43000030517578,107.79000091552734,104.79000091552734,105.62999725341797,104.80651092529297,3317300
2022-12-15,104.62000274658203,105.02999877929688,103.16000366210938,103.48999786376953,102.68319702148438,1708600
2022-12-16,102.76000213623047,104.19000244140625,102.19000244140625,103.11000061035156,102.30615997314453,5070900
2022-12-19,102.37999725341797,103.44000244140625,101.0199966430664,101.66000366210938,100.86746978759766,953600
2022-12-20,101.69000244140625,102.98999786376953,101.22000122070312,102.18000030517578,101.38341522216797,1474200
2022-12-21,102.31999969482422,104.58999633789062,102.29000091552734,104.04000091552734,103.22891235351562,1327100
2022-12-22,103.55999755859375,103.68000030517578,101.44999694824219,103.30999755859375,102.50460052490234,1067200
2022-12-23,102.87999725341797,104.18000030517578,102.4000015258789,103.9000015258789,103.09000396728516,857700
2022-12-27,102.88999938964844,104.08000183105469,102.58999633789062,103.80000305175781,103.80000305175781,673700
2022-12-28,104.1500015258789,104.83000183105469,102.94000244140625,103.05000305175781,103.05000305175781,739900
2022-12-29,103.80999755859375,105.58000183105469,103.55000305175781,105.12000274658203,105.12000274658203,854500
2022-12-30,104.5,105.29000091552734,103.56999969482422,104.83999633789062,104.83999633789062,853300
2023-01-03,105.43000030517578,106.31999969482422,103.55999755859375,105.63999938964844,105.63999938964844,1598400
2023-01-04,106.9000015258789,108.79000091552734,106.73999786376953,108.16000366210938,108.16000366210938,1114700
2023-01-05,106.9000015258789,108.02999877929688,105.91000366210938,107.29000091552734,107.29000091552734,1204200
2023-01-06,108.29000091552734,110.33000183105469,107.66000366210938,110.01000213623047,110.01000213623047,1307500
2023-01-09,110.4000015258789,112.36000061035156,109.83000183105469,111.37000274658203,111.37000274658203,1993600
2023-01-10,112.81999969482422,116.16999816894531,112.2300033569336,115.98999786376953,115.98999786376953,2243200
2023-01-11,115.54000091552734,117.08000183105469,114.38999938964844,115.29000091552734,115.29000091552734,2004800
2023-01-12,115.5199966430664,116.2300033569336,114.80000305175781,115.5999984741211,115.5999984741211,1941800
2023-01-13,114.44000244140625,116.4000015258789,114.08999633789062,116.23999786376953,116.23999786376953,1197800
