Date,Open,High,Low,Close,Adj Close,Volume
2022-01-18,241.83999633789062,244.17999267578125,238.99000549316406,244.0500030517578,237.97146606445312,1107400
2022-01-19,244.72999572753906,246.58999633789062,241.85000610351562,242.22999572753906,236.19679260253906,1159000
2022-01-20,243.57000732421875,243.88999938964844,237.11000061035156,237.6699981689453,231.7503662109375,1136100
2022-01-21,238.39999389648438,240.47999572753906,236.5399932861328,237.4499969482422,231.53582763671875,1572000
2022-01-24,235.0,238.36000061035156,230.1699981689453,237.91000366210938,231.98439025878906,1363600
2022-01-25,234.32000732421875,237.02000427246094,230.10000610351562,233.92999267578125,228.10350036621094,1150200
2022-01-26,235.11000061035156,237.36000061035156,230.35000610351562,233.02000427246094,227.2161865234375,1064300
2022-01-27,234.82000732421875,235.25,228.52000427246094,230.57000732421875,224.82720947265625,1068600
2022-01-28,229.5800018310547,231.91000366210938,225.1999969482422,231.75,225.97779846191406,1200900
2022-01-31,230.25,234.24000549316406,229.1199951171875,233.9199981689453,228.09376525878906,1271800
2022-02-01,234.7899932861328,235.22000122070312,230.36000061035156,233.0399932861328,227.23568725585938,1113200
2022-02-02,232.0500030517578,236.44000244140625,231.4600067138672,235.97000122070312,230.09271240234375,1839500
2022-02-03,236.8800048828125,247.0,236.8800048828125,241.4499969482422,235.43621826171875,1555600
2022-02-04,239.5800018310547,241.08999633789062,228.8800048828125,228.9199981689453,223.21829223632812,1726000
2022-02-07,229.07000732421875,230.22000122070312,224.35000610351562,224.82000732421875,219.2204132080078,904500
2022-02-08,224.8300018310547,227.49000549316406,224.30999755859375,225.47000122070312,219.85421752929688,1140000
2022-02-09,226.32000732421875,228.00999450683594,225.94000244140625,226.75,221.1023406982422,1255600
2022-02-10,223.74000549316406,224.88999938964844,218.27000427246094,219.8300018310547,214.35470581054688,1483200
2022-02-11,219.6699981689453,221.47000122070312,216.77999877929688,217.72000122070312,212.29725646972656,1304100
2022-02-14,218.86000061035156,220.85000610351562,216.83999633789062,219.1699981689453,213.71115112304688,1394700
2022-02-15,221.32000732421875,222.75999450683594,219.02999877929688,219.74000549316406,214.26693725585938,958300
2022-02-16,219.0,221.19000244140625,217.47000122070312,220.0800018310547,214.5984649658203,778700
2022-02-17,218.10000610351562,220.14999389648438,216.64999389648438,217.16000366210938,211.751220703125,815500
2022-02-18,216.4600067138672,218.38999938964844,215.02000427246094,215.80999755859375,210.43482971191406,933100
2022-02-22,216.35000610351562,216.94000244140625,213.49000549316406,214.91000366210938,209.55723571777344,1276400
2022-02-23,215.3300018310547,217.1699981689453,212.9499969482422,213.49000549316406,208.172607421875,1466000
2022-02-24,211.38999938964844,215.11000061035156,209.3000030517578,214.13999938964844,208.80642700195312,1936500
2022-02-25,214.86000061035156,219.1300048828125,214.47000122070312,218.42999267578125,212.9895782470703,1160600
2022-02-28,215.66000366210938,217.89999389648438,213.86000061035156,216.33999633789062,210.95162963867188,1876300
2022-03-01,216.5800018310547,217.47999572753906,209.67999267578125,210.86000061035156,205.6081085205078,1439800
2022-03-02,212.5500030517578,215.61000061035156,212.36000061035156,214.1699981689453,208.83567810058594,1202500
2022-03-03,216.05999755859375,217.25999450683594,213.5399932861328,215.32000732421875,209.95704650878906,1079600
2022-03-04,212.1699981689453,213.7100067138672,209.5500030517578,212.1300048828125,206.84649658203125,1353400
2022-03-07,211.77000427246094,211.8800048828125,206.4499969482422,206.52999877929688,201.38597106933594,1442800
2022-03-08,207.8000030517578,210.1699981689453,202.8000030517578,203.52000427246094,198.45094299316406,1547000
2022-03-09,207.8300018310547,211.11000061035156,207.42999267578125,207.77000427246094,202.59507751464844,950400
2022-03-10,204.83999633789062,207.35000610351562,203.69000244140625,206.1999969482422,201.06417846679688,790000
2022-03-11,207.63999938964844,208.4199981689453,203.7100067138672,203.86000061035156,198.782470703125,886400
2022-03-14,205.55999755859375,208.0500030517578,205.00999450683594,206.14999389648438,201.0154266357422,1080200
2022-03-15,207.55999755859375,208.94000244140625,206.02000427246094,208.4499969482422,203.2581329345703,663100
2022-03-16,209.47999572753906,211.44000244140625,207.27999877929688,209.99000549316406,204.75979614257812,1019900
2022-03-17,208.85000610351562,212.11000061035156,208.6199951171875,211.3800048828125,206.11517333984375,850600
2022-03-18,212.33999633789062,213.6199951171875,209.3300018310547,212.3300018310547,207.04151916503906,1710600
2022-03-21,212.5,213.5800018310547,210.72999572753906,211.99000549316406,206.70997619628906,1059200
2022-03-22,213.25,213.94000244140625,212.1199951171875,212.5,207.20726013183594,750900
2022-03-23,211.7899932861328,212.85000610351562,209.3300018310547,209.35000610351562,204.1357421875,727600
2022-03-24,210.0399932861328,210.8699951171875,209.32000732421875,210.69000244140625,205.44236755371094,945600
2022-03-25,211.57000732421875,212.97000122070312,210.72000122070312,211.75,206.4759521484375,609400
2022-03-28,214.35000610351562,214.4499969482422,211.3000030517578,214.30999755859375,208.97218322753906,960900
2022-03-29,216.63999938964844,220.3000030517578,216.1699981689453,218.57000732421875,213.12608337402344,843500
2022-03-30,216.55999755859375,217.86000061035156,213.58999633789062,214.66000366210938,210.48837280273438,865900
2022-03-31,213.50999450683594,214.85000610351562,209.36000061035156,209.39999389648438,205.33056640625,1507900
2022-04-01,210.6999969482422,210.9600067138672,206.8699951171875,210.14999389648438,206.0659942626953,1015100
2022-04-04,208.5800018310547,209.47000122070312,205.58999633789062,208.9499969482422,204.88931274414062,795000
2022-04-05,208.2100067138672,209.75999450683594,205.8800048828125,206.42999267578125,202.4182891845703,712400
2022-04-06,203.67999267578125,206.41000366210938,202.67999267578125,205.13999938964844,201.1533660888672,1086000
2022-04-07,203.52999877929688,205.86000061035156,201.86000061035156,204.92999267578125,200.94744873046875,1066100
2022-04-08,205.07000732421875,205.7899932861328,202.9199981689453,203.64999389648438,199.6923370361328,821700
2022-04-11,203.14999389648438,204.61000061035156,200.44000244140625,200.80999755859375,196.9075164794922,760900
2022-04-12,201.36000061035156,203.9499969482422,198.7899932861328,199.80999755859375,195.9269561767578,1009500
2022-04-13,199.5,200.0,198.66000366210938,199.33999633789062,195.46607971191406,1021400
2022-04-14,199.5,199.6199951171875,196.0,196.27000427246094,192.45574951171875,1540800
2022-04-18,195.9600067138672,198.32000732421875,195.25,196.6300048828125,192.8087615966797,968800
2022-04-19,198.32000732421875,203.57000732421875,197.66000366210938,203.38999938964844,199.4373779296875,956900
2022-04-20,205.63999938964844,208.63999938964844,205.2100067138672,206.5399932861328,202.52615356445312,876700
2022-04-21,208.63999938964844,210.58999633789062,207.2100067138672,208.2899932861328,204.2421417236328,1093000
2022-04-22,206.6999969482422,207.58999633789062,203.14999389648438,203.35000610351562,199.39816284179688,906400
2022-04-25,203.17999267578125,204.75,199.3300018310547,204.1199951171875,200.1531982421875,957900
2022-04-26,202.27000427246094,204.0,198.52000427246094,198.60000610351562,194.740478515625,1046700
2022-04-27,198.60000610351562,201.7100067138672,197.75999450683594,198.30999755859375,194.4561004638672,1163700
2022-04-28,200.1199951171875,204.0399932861328,198.4199981689453,202.72000122070312,198.7803955078125,1113000
2022-04-29,201.58999633789062,203.5399932861328,196.42999267578125,197.11000061035156,193.2794189453125,1922900
2022-05-02,197.1699981689453,201.66000366210938,195.7899932861328,200.00999450683594,196.12306213378906,1881900
2022-05-03,209.89999389648438,213.83999633789062,199.86000061035156,204.1999969482422,200.23162841796875,1916700
2022-05-04,204.91000366210938,213.72000122070312,203.82000732421875,213.00999450683594,208.8704376220703,1786000
2022-05-05,211.08999633789062,212.66000366210938,206.8699951171875,208.1699981689453,204.12449645996094,1955300
2022-05-06,206.97000122070312,210.27999877929688,204.1699981689453,209.27000427246094,205.20310974121094,1612600
2022-05-09,207.08999633789062,211.92999267578125,206.27999877929688,209.44000244140625,205.36981201171875,1634100
2022-05-10,211.5500030517578,211.9199981689453,203.0800018310547,203.55999755859375,199.6040802001953,1554500
2022-05-11,203.4499969482422,206.4600067138672,202.02000427246094,203.8300018310547,199.86883544921875,1040100
2022-05-12,203.3699951171875,207.83999633789062,202.77000427246094,207.58999633789062,203.55575561523438,1590800
2022-05-13,208.55999755859375,209.24000549316406,204.4499969482422,207.63999938964844,203.60479736328125,1492000
2022-05-16,205.2899932861328,207.97999572753906,201.7899932861328,207.07000732421875,203.04588317871094,921600
2022-05-17,209.74000549316406,212.4499969482422,208.0800018310547,212.24000549316406,208.1154022216797,958500
2022-05-18,209.77999877929688,210.22999572753906,202.8300018310547,203.38999938964844,199.4373779296875,1208800
2022-05-19,201.11000061035156,203.64999389648438,198.91000366210938,200.8000030517578,196.897705078125,1603500
2022-05-20,201.4499969482422,202.08999633789062,197.8300018310547,201.77000427246094,197.84886169433594,1179300
2022-05-23,204.1999969482422,204.27999877929688,201.42999267578125,202.49000549316406,198.55487060546875,1007400
2022-05-24,201.8000030517578,204.30999755859375,198.75999450683594,203.22000122070312,199.27069091796875,1169800
2022-05-25,202.22999572753906,203.17999267578125,199.4199981689453,201.92999267578125,198.0057373046875,870200
2022-05-26,203.66000366210938,205.35000610351562,202.97999572753906,204.3300018310547,200.35911560058594,835400
2022-05-27,205.77000427246094,206.8300018310547,204.1199951171875,206.74000549316406,202.72227478027344,792400
2022-05-31,204.35000610351562,209.07000732421875,202.5800018310547,208.07000732421875,204.02642822265625,2172200
2022-06-01,209.4199981689453,209.67999267578125,203.58999633789062,205.97999572753906,201.97703552246094,817800
2022-06-02,207.52000427246094,209.4600067138672,204.8300018310547,209.25999450683594,205.19329833984375,483500
2022-06-03,207.57000732421875,208.32000732421875,206.5800018310547,207.8300018310547,203.79110717773438,514300
2022-06-06,208.33999633789062,209.47000122070312,207.5500030517578,208.1699981689453,204.12449645996094,458400
2022-06-07,207.47000122070312,210.4199981689453,204.32000732421875,210.13999938964844,206.0561981201172,922600
2022-06-08,208.2899932861328,209.1300048828125,205.7899932861328,206.33999633789062,202.33004760742188,677800
2022-06-09,205.7100067138672,208.22999572753906,203.16000366210938,203.36000061035156,199.40797424316406,810600
2022-06-10,199.83999633789062,200.2899932861328,196.7100067138672,196.77000427246094,192.946044921875,1173500
2022-06-13,192.91000366210938,194.35000610351562,187.4600067138672,188.6199951171875,184.95440673828125,1297400
2022-06-14,188.61000061035156,189.82000732421875,184.4499969482422,185.92999267578125,182.31668090820312,1206600
2022-06-15,187.1199951171875,189.07000732421875,184.33999633789062,186.41000366210938,182.78736877441406,1304300
2022-06-16,183.1699981689453,183.1699981689453,178.07000732421875,179.1699981689453,175.6880645751953,1324000
2022-06-17,178.64999389648438,180.4600067138672,177.3300018310547,178.25,174.78594970703125,2128600
2022-06-21,180.1199951171875,182.25999450683594,178.61000061035156,181.27999877929688,177.75706481933594,1029300
2022-06-22,178.67999267578125,182.6999969482422,178.47999572753906,181.3800048828125,177.85511779785156,1019900
2022-06-23,181.02999877929688,182.97999572753906,178.14999389648438,180.10000610351562,176.59999084472656,695000
2022-06-24,181.42999267578125,187.92999267578125,180.99000549316406,187.9199981689453,184.2680206298828,1507200
2022-06-27,188.88999938964844,189.38999938964844,185.82000732421875,187.3000030517578,183.66006469726562,1381100
2022-06-28,188.1999969482422,189.55999755859375,182.6199951171875,182.99000549316406,179.433837890625,979300
2022-06-29,182.14999389648438,182.17999267578125,178.86000061035156,180.7899932861328,178.46641540527344,749500
2022-06-30,178.97999572753906,182.39999389648438,177.77000427246094,182.25,179.90765380859375,1486900
2022-07-01,182.9499969482422,185.25,180.25999450683594,182.88999938964844,180.5394287109375,779400
2022-07-05,179.97000122070312,183.0800018310547,177.02999877929688,182.66000366210938,180.31239318847656,1428400
2022-07-06,183.22999572753906,183.72000122070312,180.58999633789062,182.22999572753906,179.88790893554688,937800
2022-07-07,182.99000549316406,186.0,181.17999267578125,185.63999938964844,183.25408935546875,1220900
2022-07-08,184.0,185.22999572753906,181.9600067138672,182.27000427246094,179.9274139404297,1149200
2022-07-11,181.57000732421875,183.72999572753906,181.27999877929688,182.94000244140625,180.5887908935547,1127500
2022-07-12,182.6699981689453,186.64999389648438,182.16000366210938,182.86000061035156,180.5098114013672,800700
2022-07-13,179.7100067138672,180.57000732421875,178.19000244140625,178.3000030517578,176.0084228515625,1154100
2022-07-14,175.3699951171875,176.24000549316406,173.52000427246094,175.97000122070312,173.7083740234375,1271300
2022-07-15,178.86000061035156,181.1699981689453,177.07000732421875,180.6199951171875,178.29859924316406,858000
2022-07-18,181.1199951171875,182.24000549316406,179.6699981689453,180.2899932861328,177.97283935546875,863900
2022-07-19,182.47000122070312,187.72999572753906,181.9199981689453,187.4600067138672,185.0507049560547,1152100
2022-07-20,187.3699951171875,188.8699951171875,186.14999389648438,188.32000732421875,185.899658203125,765700
2022-07-21,188.05999755859375,190.75,186.77999877929688,190.69000244140625,188.2391815185547,619200
2022-07-22,191.0399932861328,192.77000427246094,190.55999755859375,191.55999755859375,189.09799194335938,743700
2022-07-25,190.9600067138672,191.83999633789062,190.07000732421875,191.5,189.0387725830078,581300
2022-07-26,190.82000732421875,194.10000610351562,190.32000732421875,193.75999450683594,191.2697296142578,894800
2022-07-27,194.0,198.91000366210938,192.77000427246094,197.82000732421875,195.2775421142578,850500
2022-07-28,198.72999572753906,203.86000061035156,198.72999572753906,203.5,200.88453674316406,1035200
2022-07-29,204.52000427246094,208.38999938964844,203.86000061035156,207.75999450683594,205.08978271484375,1275900
2022-08-01,206.0800018310547,208.25999450683594,206.02000427246094,207.35000610351562,204.68505859375,1087000
2022-08-02,203.0,213.2100067138672,202.1199951171875,204.89999389648438,202.26654052734375,2000300
2022-08-03,205.47000122070312,209.5399932861328,204.5500030517578,208.5399932861328,205.85975646972656,1276200
2022-08-04,208.66000366210938,210.4499969482422,207.5800018310547,209.4199981689453,206.72845458984375,1097000
2022-08-05,207.61000061035156,210.8699951171875,206.69000244140625,210.75999450683594,208.0512237548828,1058700
2022-08-08,212.6999969482422,213.4499969482422,208.5500030517578,209.32000732421875,206.62974548339844,707500
2022-08-09,209.00999450683594,210.1999969482422,208.17999267578125,209.02000427246094,206.33358764648438,902300
2022-08-10,212.80999755859375,213.7899932861328,211.8000030517578,213.4499969482422,210.7066650390625,725800
2022-08-11,215.3800048828125,216.16000366210938,212.77000427246094,213.1699981689453,210.4302520751953,649800
2022-08-12,214.30999755859375,217.60000610351562,213.02000427246094,217.4600067138672,214.66513061523438,595300
2022-08-15,213.5,215.75,212.52999877929688,213.99000549316406,211.23973083496094,2414900
2022-08-16,213.39999389648438,217.91000366210938,212.58999633789062,217.05999755859375,214.270263671875,818600
2022-08-17,215.0500030517578,216.85000610351562,213.52000427246094,215.97000122070312,213.19427490234375,652200
2022-08-18,216.75999450683594,216.77999877929688,215.02999877929688,216.60000610351562,213.81619262695312,453300
2022-08-19,215.75,216.02999877929688,212.92999267578125,213.6999969482422,210.9534454345703,1030800
2022-08-22,210.77000427246094,210.77999877929688,205.6999969482422,206.42999267578125,203.77687072753906,1138900
2022-08-23,205.42999267578125,207.7899932861328,204.8800048828125,205.39999389648438,202.76011657714844,742600
2022-08-24,205.8699951171875,206.05999755859375,204.57000732421875,205.6199951171875,202.97727966308594,654000
2022-08-25,206.25,207.8300018310547,205.52999877929688,207.82000732421875,205.14903259277344,618200
2022-08-26,208.63999938964844,208.63999938964844,199.1999969482422,199.47000122070312,196.90634155273438,860900
2022-08-29,198.27999877929688,198.5399932861328,196.05999755859375,196.5399932861328,194.01397705078125,1297700
2022-08-30,197.10000610351562,197.4499969482422,193.97000122070312,196.16000366210938,193.63888549804688,1466000
2022-08-31,197.4600067138672,197.4600067138672,194.11000061035156,194.8300018310547,192.3259735107422,1321500
2022-09-01,194.00999450683594,197.47000122070312,193.05999755859375,197.24000549316406,194.70501708984375,1159200
2022-09-02,198.27999877929688,199.8800048828125,194.0800018310547,195.39999389648438,192.88864135742188,1303000
2022-09-06,195.52999877929688,197.7899932861328,193.44000244140625,197.5500030517578,195.01101684570312,1786900
2022-09-07,197.80999755859375,203.14999389648438,197.08999633789062,202.7899932861328,200.18365478515625,1417300
2022-09-08,201.86000061035156,204.5500030517578,200.0399932861328,203.9600067138672,201.33863830566406,1160400
2022-09-09,204.5399932861328,207.50999450683594,204.49000549316406,206.50999450683594,203.85585021972656,1026500
2022-09-12,207.11000061035156,209.3300018310547,206.00999450683594,207.5800018310547,204.91209411621094,1270600
2022-09-13,203.07000732421875,204.99000549316406,199.52000427246094,200.42999267578125,197.85398864746094,1064800
2022-09-14,200.5399932861328,201.13999938964844,196.4600067138672,198.6300048828125,196.07713317871094,1632000
2022-09-15,199.2100067138672,200.17999267578125,194.35000610351562,194.7899932861328,192.28648376464844,1103200
2022-09-16,193.27000427246094,195.2899932861328,191.1999969482422,194.05999755859375,191.5658721923828,2016700
2022-09-19,192.60000610351562,197.5800018310547,192.49000549316406,197.4499969482422,194.91229248046875,727400
2022-09-20,195.55999755859375,195.55999755859375,192.72999572753906,194.83999633789062,192.33584594726562,891200
2022-09-21,196.77999877929688,199.0500030517578,192.64999389648438,192.72000122070312,190.24310302734375,1078200
2022-09-22,192.5500030517578,192.74000549316406,188.3800048828125,188.88999938964844,186.46231079101562,815900
2022-09-23,187.52999877929688,188.1999969482422,184.67999267578125,187.72999572753906,185.31723022460938,1092700
2022-09-26,187.17999267578125,189.91000366210938,186.2899932861328,187.24000549316406,184.83352661132812,1499600
2022-09-27,188.47999572753906,189.4600067138672,182.0399932861328,183.50999450683594,181.15145874023438,1317600
2022-09-28,185.2100067138672,189.92999267578125,184.0500030517578,188.47000122070312,186.04771423339844,1153000
2022-09-29,184.72000122070312,186.27999877929688,182.25,183.8800048828125,182.78721618652344,1297500
2022-09-30,184.72000122070312,185.5399932861328,180.27000427246094,180.64999389648438,179.57640075683594,1450800
2022-10-03,182.5500030517578,188.4199981689453,181.3699951171875,186.9499969482422,185.83895874023438,977400
2022-10-04,189.66000366210938,193.39999389648438,189.25999450683594,193.22999572753906,192.08163452148438,773700
2022-10-05,191.02000427246094,194.5,190.14999389648438,192.80999755859375,191.6641387939453,906900
2022-10-06,193.25,194.05999755859375,191.02999877929688,191.89999389648438,190.75953674316406,1478900
2022-10-07,190.25999450683594,190.3800048828125,186.47999572753906,187.41000366210938,186.29623413085938,815800
2022-10-10,189.25,189.25,184.52999877929688,186.1300048828125,185.0238494873047,1092700
2022-10-11,185.30999755859375,188.27000427246094,184.3300018310547,186.02999877929688,184.9244384765625,1029000
2022-10-12,186.0399932861328,188.25,184.3699951171875,185.14999389648438,184.04965209960938,1038400
2022-10-13,180.4600067138672,191.64999389648438,180.4600067138672,190.7899932861328,189.65614318847656,1601900
2022-10-14,192.0,192.3300018310547,185.49000549316406,186.10000610351562,184.9940185546875,987000
2022-10-17,189.0,191.88999938964844,188.97000122070312,190.97000122070312,189.8350830078125,1263300
2022-10-18,195.88999938964844,196.0,190.02999877929688,193.3699951171875,192.22080993652344,1174500
2022-10-19,192.05999755859375,193.6999969482422,189.52999877929688,191.9499969482422,190.8092498779297,929300
2022-10-20,191.85000610351562,192.85000610351562,188.0399932861328,188.97999572753906,187.85690307617188,1197700
2022-10-21,189.50999450683594,196.99000549316406,188.86000061035156,195.6199951171875,194.4574432373047,3526100
2022-10-24,197.30999755859375,201.60000610351562,196.75999450683594,200.77999877929688,199.58677673339844,1617000
2022-10-25,201.05999755859375,206.22000122070312,196.91000366210938,205.8699951171875,204.64651489257812,2157800
2022-10-26,208.02999877929688,212.19000244140625,206.02999877929688,207.55999755859375,206.32647705078125,1821700
2022-10-27,208.61000061035156,210.19000244140625,206.5500030517578,206.86000061035156,205.63064575195312,951000
2022-10-28,207.74000549316406,214.72999572753906,207.0800018310547,214.0500030517578,212.77792358398438,938600
2022-10-31,212.47999572753906,214.77000427246094,211.99000549316406,213.52999877929688,212.26100158691406,1294100
2022-11-01,215.0,215.7100067138672,211.39999389648438,213.2899932861328,212.02243041992188,818500
2022-11-02,211.9600067138672,216.58999633789062,209.3300018310547,209.57000732421875,208.3245391845703,984100
2022-11-03,206.64999389648438,214.33999633789062,206.0399932861328,211.0,209.74603271484375,1281000
2022-11-04,214.27999877929688,215.66000366210938,211.25999450683594,215.14999389648438,213.87136840820312,774600
2022-11-07,215.89999389648438,216.1300048828125,213.82000732421875,215.72000122070312,214.43798828125,1083800
2022-11-08,216.75999450683594,216.82000732421875,212.10000610351562,214.67999267578125,213.40415954589844,986800
2022-11-09,213.6300048828125,214.64999389648438,210.8699951171875,211.6199951171875,210.3623504638672,972100
2022-11-10,219.27999877929688,224.60000610351562,217.86000061035156,224.25,222.91729736328125,1432800
2022-11-11,224.25,227.4600067138672,223.66000366210938,226.42999267578125,225.08433532714844,841100
2022-11-14,225.8800048828125,230.39999389648438,225.3000030517578,225.7100067138672,224.36862182617188,1269500
2022-11-15,227.69000244140625,230.0800018310547,226.00999450683594,227.86000061035156,226.50584411621094,1023200
2022-11-16,227.7100067138672,228.7899932861328,226.19000244140625,227.64999389648438,226.29708862304688,714600
2022-11-17,225.22999572753906,226.5500030517578,221.22999572753906,226.4499969482422,225.10421752929688,883900
2022-11-18,229.2100067138672,229.2100067138672,225.30999755859375,226.8800048828125,225.53167724609375,914900
2022-11-21,226.64999389648438,228.89999389648438,225.52999877929688,226.00999450683594,224.6668243408203,969900
2022-11-22,228.1999969482422,229.42999267578125,227.13999938964844,228.75,227.3905487060547,998800
2022-11-23,228.8699951171875,230.75999450683594,228.3300018310547,228.67999267578125,227.3209686279297,694800
2022-11-25,229.5,229.9199981689453,228.0800018310547,228.97000122070312,227.6092529296875,417300
2022-11-28,227.0399932861328,228.49000549316406,223.08999633789062,224.16000366210938,222.8278350830078,1127100
2022-11-29,224.3800048828125,224.9199981689453,221.9600067138672,224.3699951171875,223.0365753173828,1117600
2022-11-30,224.1999969482422,227.69000244140625,222.11000061035156,227.47000122070312,226.1181640625,2640400
2022-12-01,229.75,230.36000061035156,225.72999572753906,227.42999267578125,226.07838439941406,1306200
2022-12-02,225.36000061035156,229.3800048828125,222.9199981689453,228.2899932861328,226.9332733154297,850500
2022-12-05,225.5500030517578,225.91000366210938,222.77000427246094,224.19000244140625,222.85765075683594,1410200
2022-12-06,224.1999969482422,225.3800048828125,219.89999389648438,221.58999633789062,220.27310180664062,1058400
2022-12-07,221.0,222.52999877929688,219.63999938964844,220.10000610351562,218.79196166992188,1435200
2022-12-08,220.6999969482422,223.6699981689453,220.4499969482422,221.32000732421875,220.0047149658203,865200
2022-12-09,221.80999755859375,222.61000061035156,219.44000244140625,219.75999450683594,218.4539794921875,916900
2022-12-12,220.6199951171875,224.63999938964844,219.16000366210938,224.25,222.91729736328125,1027900
2022-12-13,230.91000366210938,231.69000244140625,223.97999572753906,225.6699981689453,224.328857421875,825000
2022-12-14,225.38999938964844,228.5399932861328,223.52000427246094,224.22000122070312,222.88748168945312,881000
2022-12-15,221.11000061035156,221.99000549316406,216.32000732421875,218.0,216.70443725585938,1138400
2022-12-16,215.4499969482422,217.27999877929688,214.66000366210938,216.7899932861328,215.50161743164062,1922300
2022-12-19,216.97999572753906,219.5,216.1300048828125,217.2899932861328,215.9986572265625,732000
2022-12-20,216.99000549316406,219.14999389648438,216.4499969482422,218.08999633789062,216.7938995361328,771700
2022-12-21,219.82000732421875,222.36000061035156,219.5399932861328,222.30999755859375,220.9888153076172,735100
2022-12-22,220.9199981689453,220.9199981689453,216.42999267578125,220.19000244140625,218.8814239501953,880200
2022-12-23,219.61000061035156,222.63999938964844,219.1699981689453,221.97000122070312,220.65084838867188,627400
2022-12-27,221.97999572753906,224.36000061035156,221.1699981689453,223.74000549316406,222.41033935546875,766900
2022-12-28,224.5,225.80999755859375,220.05999755859375,220.42999267578125,219.1199951171875,952100
2022-12-29,221.0,222.77999877929688,220.1999969482422,221.97000122070312,221.97000122070312,712000
2022-12-30,221.1199951171875,221.1199951171875,218.1699981689453,220.3000030517578,220.3000030517578,635300
2023-01-03,220.64999389648438,221.6699981689453,217.85000610351562,220.32000732421875,220.32000732421875,746000
2023-01-04,221.7899932861328,223.2100067138672,218.47000122070312,220.82000732421875,220.82000732421875,929900
2023-01-05,219.57000732421875,220.67999267578125,218.0,218.8800048828125,218.8800048828125,871500
2023-01-06,221.89999389648438,227.69000244140625,221.49000549316406,226.9499969482422,226.9499969482422,824800
2023-01-09,227.27000427246094,229.97999572753906,226.14999389648438,226.9600067138672,226.9600067138672,1228400
2023-01-10,226.80999755859375,228.85000610351562,226.6999969482422,227.47999572753906,227.47999572753906,803900
2023-01-11,228.91000366210938,230.8800048828125,228.27999877929688,230.69000244140625,230.69000244140625,789600
2023-01-12,231.30999755859375,233.74000549316406,229.2100067138672,232.32000732421875,232.32000732421875,843000
2023-01-13,230.9600067138672,233.92999267578125,230.14999389648438,233.24000549316406,233.24000549316406,701800
