Date,Open,High,Low,Close,Adj Close,Volume
2022-01-18,131.52999877929688,132.0,127.79000091552734,129.61000061035156,128.64724731445312,627500
2022-01-19,130.35000610351562,131.10000610351562,128.85000610351562,128.97999572753906,128.02191162109375,428000
2022-01-20,129.5399932861328,131.5800018310547,126.37000274658203,126.52999877929688,125.59011840820312,616900
2022-01-21,126.20999908447266,128.82000732421875,125.11000061035156,127.95999908447266,127.00949096679688,823900
2022-01-24,126.12000274658203,132.88999938964844,125.12999725341797,132.1300048828125,131.14852905273438,1257400
2022-01-25,129.05999755859375,130.42999267578125,125.16999816894531,127.18000030517578,126.23528289794922,933400
2022-01-26,128.00999450683594,129.72999572753906,123.98999786376953,125.68000030517578,124.7464370727539,546100
2022-01-27,127.47000122070312,129.0,125.37999725341797,126.5,125.56034088134766,726500
2022-01-28,125.95999908447266,128.17999267578125,124.08999633789062,128.10000610351562,127.14845275878906,449200
2022-01-31,127.66000366210938,130.27999877929688,127.19000244140625,130.17999267578125,129.21299743652344,506600
2022-02-01,130.6999969482422,130.9499969482422,128.92999267578125,130.11000061035156,129.14353942871094,612000
2022-02-02,129.97999572753906,132.6199951171875,129.0,131.6199951171875,130.64230346679688,855100
2022-02-03,131.02999877929688,131.58999633789062,128.66000366210938,128.9499969482422,127.99215698242188,505400
2022-02-04,127.73999786376953,128.69000244140625,126.55000305175781,127.66999816894531,126.72164154052734,1019100
2022-02-07,128.4199981689453,129.24000549316406,127.12000274658203,128.05999755859375,127.10874938964844,734900
2022-02-08,128.00999450683594,129.3699951171875,123.83999633789062,124.23999786376953,123.31712341308594,1021900
2022-02-09,124.05000305175781,128.4199981689453,123.87000274658203,127.73999786376953,126.79112243652344,801500
2022-02-10,125.16999816894531,127.81999969482422,123.7699966430664,124.3499984741211,123.42630767822266,815600
2022-02-11,124.33999633789062,124.69000244140625,120.16999816894531,121.4800033569336,120.57763671875,1273400
2022-02-14,121.68000030517578,121.80999755859375,118.56999969482422,120.66999816894531,119.77364349365234,1276700
2022-02-15,122.12999725341797,123.80999755859375,121.80999755859375,123.80000305175781,122.88040924072266,780800
2022-02-16,123.83999633789062,123.86000061035156,120.30000305175781,121.66000366210938,120.75630950927734,709400
2022-02-17,120.55000305175781,121.30000305175781,119.1500015258789,119.69999694824219,118.81085205078125,863100
2022-02-18,119.69999694824219,120.69000244140625,118.75,119.6500015258789,118.76122283935547,787500
2022-02-22,119.68000030517578,120.91999816894531,118.66000366210938,119.52999877929688,118.6421127319336,716900
2022-02-23,120.13999938964844,120.16999816894531,117.2699966430664,117.51000213623047,116.63711547851562,706200
2022-02-24,114.8499984741211,119.58000183105469,114.11000061035156,119.41000366210938,118.75545501708984,633400
2022-02-25,119.4000015258789,123.38999938964844,118.7699966430664,123.19999694824219,122.52466583251953,688500
2022-02-28,121.52999877929688,123.23999786376953,120.22000122070312,123.0,122.32577514648438,974300
2022-03-01,123.0199966430664,124.26000213623047,121.66999816894531,123.01000213623047,122.3357162475586,912500
2022-03-02,123.81999969482422,127.08000183105469,123.77999877929688,126.51000213623047,125.8165283203125,793800
2022-03-03,127.55000305175781,128.49000549316406,126.2699966430664,127.83000183105469,127.1292953491211,616200
2022-03-04,126.5999984741211,128.13999938964844,126.05000305175781,127.95999908447266,127.25857543945312,585100
2022-03-07,128.2100067138672,128.2100067138672,122.81999969482422,122.86000061035156,122.18653869628906,810100
2022-03-08,122.8499984741211,124.77999877929688,121.12999725341797,121.58000183105469,120.91355895996094,1278800
2022-03-09,123.2699966430664,127.22000122070312,123.2699966430664,125.62999725341797,124.94134521484375,595200
2022-03-10,123.73999786376953,124.86000061035156,123.0199966430664,124.62000274658203,123.9368896484375,954100
2022-03-11,125.55000305175781,126.6500015258789,124.18000030517578,125.02999877929688,124.34464263916016,639700
2022-03-14,126.25,128.72999572753906,125.70999908447266,126.83999633789062,126.14472198486328,817600
2022-03-15,128.0,132.94000244140625,127.68000030517578,131.2100067138672,130.49078369140625,1377900
2022-03-16,132.05999755859375,136.97000122070312,132.00999450683594,135.67999267578125,134.93624877929688,1485200
2022-03-17,134.52999877929688,138.1199951171875,134.1999969482422,138.02999877929688,137.27337646484375,873700
2022-03-18,139.55999755859375,141.27999877929688,137.6999969482422,141.22000122070312,140.44590759277344,1939000
2022-03-21,140.97000122070312,142.0,139.42999267578125,139.88999938964844,139.12318420410156,896800
2022-03-22,139.6999969482422,141.17999267578125,138.08999633789062,138.2899932861328,137.53195190429688,539900
2022-03-23,137.6999969482422,137.6999969482422,135.39999389648438,135.69000244140625,134.9462127685547,789300
2022-03-24,135.77000427246094,138.8000030517578,135.49000549316406,138.6199951171875,137.86013793945312,375300
2022-03-25,139.02999877929688,139.02999877929688,136.6300048828125,137.8800048828125,137.12420654296875,431000
2022-03-28,137.52999877929688,138.83999633789062,137.0500030517578,138.5500030517578,137.79052734375,365700
2022-03-29,140.0,140.57000732421875,138.08999633789062,138.75,137.9894256591797,426700
2022-03-30,138.7100067138672,140.39999389648438,138.50999450683594,139.5399932861328,138.7751007080078,427500
2022-03-31,139.47000122070312,140.5399932861328,137.77999877929688,137.80999755859375,137.05458068847656,623700
2022-04-01,138.11000061035156,139.77000427246094,137.8300018310547,139.5800018310547,138.81488037109375,489400
2022-04-04,140.0800018310547,140.75999450683594,138.39999389648438,139.9199981689453,139.15301513671875,477800
2022-04-05,140.00999450683594,141.88999938964844,139.1999969482422,139.85000610351562,139.08340454101562,682700
2022-04-06,138.7100067138672,141.9600067138672,138.08999633789062,141.00999450683594,140.23703002929688,777300
2022-04-07,140.19000244140625,144.77000427246094,139.97000122070312,143.6199951171875,142.83274841308594,1061300
2022-04-08,143.99000549316406,145.22999572753906,143.11000061035156,143.5399932861328,142.753173828125,959200
2022-04-11,143.6699981689453,144.75,142.22999572753906,142.69000244140625,141.90782165527344,756200
2022-04-12,142.72000122070312,143.57000732421875,139.6999969482422,140.2899932861328,139.52098083496094,680800
2022-04-13,140.25,143.4499969482422,140.25,143.44000244140625,142.65371704101562,507900
2022-04-14,144.19000244140625,145.77999877929688,143.82000732421875,144.66000366210938,143.86705017089844,651600
2022-04-18,143.85000610351562,144.67999267578125,143.0500030517578,144.1300048828125,143.33995056152344,441600
2022-04-19,144.27000427246094,147.6199951171875,143.60000610351562,147.35000610351562,146.5423126220703,675000
2022-04-20,148.6699981689453,150.1300048828125,147.0500030517578,147.41000366210938,146.60195922851562,886800
2022-04-21,149.0800018310547,150.32000732421875,147.1699981689453,148.16000366210938,147.3478546142578,631000
2022-04-22,147.69000244140625,147.69000244140625,141.97000122070312,142.1999969482422,141.42051696777344,698000
2022-04-25,141.8699951171875,141.8699951171875,137.57000732421875,140.35000610351562,139.58067321777344,889600
2022-04-26,139.64999389648438,141.19000244140625,137.8000030517578,137.8300018310547,137.07447814941406,559200
2022-04-27,139.57000732421875,141.52000427246094,138.85000610351562,141.47000122070312,140.6945343017578,708900
2022-04-28,142.2100067138672,143.0,140.11000061035156,142.11000061035156,141.3310089111328,583700
2022-04-29,141.6199951171875,142.67999267578125,138.02999877929688,138.5500030517578,137.79052734375,757900
2022-05-02,138.85000610351562,139.85000610351562,134.91000366210938,137.83999633789062,137.0844268798828,1077100
2022-05-03,138.25999450683594,139.33999633789062,135.19000244140625,138.60000610351562,137.84024047851562,1321300
2022-05-04,138.83999633789062,142.9199981689453,136.89999389648438,142.42999267578125,141.64926147460938,874900
2022-05-05,140.74000549316406,141.67999267578125,136.61000061035156,137.57000732421875,136.81591796875,867800
2022-05-06,137.22000122070312,138.22999572753906,134.0,137.80999755859375,137.05458068847656,690500
2022-05-09,135.9499969482422,136.16000366210938,129.6300048828125,130.25999450683594,129.54595947265625,823200
2022-05-10,131.92999267578125,133.42999267578125,128.11000061035156,130.16000366210938,129.44651794433594,712800
2022-05-11,129.69000244140625,134.05999755859375,129.2100067138672,130.72999572753906,130.0133819580078,696500
2022-05-12,130.0800018310547,131.47999572753906,127.55999755859375,130.2100067138672,129.49624633789062,665800
2022-05-13,131.47000122070312,133.82000732421875,131.47000122070312,133.0800018310547,132.3505096435547,406100
2022-05-16,132.94000244140625,134.5,131.49000549316406,133.75,133.016845703125,486900
2022-05-17,135.72999572753906,136.72000122070312,134.7899932861328,136.27000427246094,135.5230255126953,569500
2022-05-18,135.3800048828125,136.13999938964844,131.99000549316406,132.1999969482422,131.47532653808594,760500
2022-05-19,130.44000244140625,135.14999389648438,129.60000610351562,133.77000427246094,133.0367431640625,760100
2022-05-20,134.75,135.99000549316406,132.16000366210938,135.94000244140625,135.19483947753906,656900
2022-05-23,137.44000244140625,137.97999572753906,135.83999633789062,137.14999389648438,136.398193359375,631400
2022-05-24,136.55999755859375,137.30999755859375,133.8300018310547,137.1699981689453,136.4180908203125,529900
2022-05-25,136.3000030517578,137.9499969482422,135.58999633789062,137.32000732421875,136.56727600097656,337800
2022-05-26,138.63999938964844,140.16000366210938,137.6199951171875,137.88999938964844,137.3642120361328,645200
2022-05-27,139.25999450683594,140.0800018310547,138.32000732421875,140.05999755859375,139.52593994140625,1004100
2022-05-31,139.61000061035156,140.89999389648438,138.4600067138672,140.08999633789062,139.5558319091797,967800
2022-06-01,139.92999267578125,140.82000732421875,137.55999755859375,138.86000061035156,138.3305206298828,393900
2022-06-02,139.52000427246094,140.38999938964844,137.8000030517578,140.27000427246094,139.7351531982422,559300
2022-06-03,138.66000366210938,139.2899932861328,136.3699951171875,138.1300048828125,137.6033172607422,759400
2022-06-06,139.24000549316406,139.24000549316406,135.8000030517578,135.85000610351562,135.33200073242188,607100
2022-06-07,134.25,137.86000061035156,133.67999267578125,137.7100067138672,137.18492126464844,505300
2022-06-08,135.77999877929688,136.27000427246094,132.4499969482422,133.3699951171875,132.8614501953125,588700
2022-06-09,133.3000030517578,133.47999572753906,131.89999389648438,131.99000549316406,131.48672485351562,545100
2022-06-10,129.5,130.1699981689453,127.94000244140625,129.02000427246094,128.52804565429688,451900
2022-06-13,126.2300033569336,127.5199966430664,124.41000366210938,125.69000244140625,125.21073913574219,477500
2022-06-14,125.79000091552734,126.43000030517578,123.04000091552734,124.31999969482422,123.84596252441406,562500
2022-06-15,125.66999816894531,126.19999694824219,122.83999633789062,124.68000030517578,124.20458984375,457200
2022-06-16,122.37000274658203,122.37000274658203,118.44000244140625,119.13999938964844,118.68570709228516,733500
2022-06-17,118.91999816894531,120.1500015258789,117.94000244140625,118.69000244140625,118.23743438720703,1048900
2022-06-21,120.4800033569336,122.73999786376953,119.18000030517578,121.87999725341797,121.4152603149414,497700
2022-06-22,120.1500015258789,122.66999816894531,120.1500015258789,121.72000122070312,121.25587463378906,605800
2022-06-23,121.61000061035156,122.37000274658203,120.0199966430664,122.27999877929688,121.8137435913086,520200
2022-06-24,123.41999816894531,125.58999633789062,122.97000122070312,125.41999816894531,124.94176483154297,1147000
2022-06-27,126.37999725341797,127.3499984741211,124.5,126.37999725341797,125.89810180664062,385400
2022-06-28,126.87999725341797,128.0399932861328,124.37999725341797,124.61000061035156,124.13485717773438,348500
2022-06-29,124.80999755859375,125.25,122.87000274658203,124.36000061035156,123.88581085205078,355600
2022-06-30,122.44999694824219,127.41999816894531,122.41000366210938,127.12999725341797,126.64524841308594,777500
2022-07-01,126.41000366210938,127.62000274658203,123.94000244140625,126.4000015258789,125.91802978515625,585700
2022-07-05,124.29000091552734,124.29000091552734,120.70999908447266,124.11000061035156,123.63675689697266,538300
2022-07-06,124.73999786376953,126.01000213623047,123.1500015258789,125.30000305175781,124.82222747802734,363200
2022-07-07,126.0199966430664,127.16999816894531,126.0199966430664,126.87000274658203,126.38623809814453,336200
2022-07-08,126.41999816894531,126.69000244140625,125.12999725341797,126.08999633789062,125.60920715332031,290400
2022-07-11,125.22000122070312,126.54000091552734,125.22000122070312,125.98999786376953,125.50959014892578,213800
2022-07-12,125.30999755859375,127.06999969482422,124.4800033569336,125.06999969482422,124.59310150146484,372600
2022-07-13,123.26000213623047,125.55999755859375,123.26000213623047,124.75,124.27432250976562,309500
2022-07-14,122.47000122070312,124.51000213623047,121.77999877929688,124.02999877929688,123.55706787109375,414300
2022-07-15,125.7699966430664,126.0199966430664,124.08000183105469,125.44999694824219,124.97164916992188,318100
2022-07-18,125.94000244140625,126.44000244140625,124.75,125.05999755859375,124.58313751220703,442400
2022-07-19,126.0199966430664,129.1999969482422,125.55000305175781,128.69000244140625,128.1992950439453,502600
2022-07-20,129.11000061035156,129.44000244140625,127.69000244140625,128.22000122070312,127.73109436035156,330800
2022-07-21,127.95999908447266,129.02000427246094,126.87999725341797,129.02000427246094,128.52804565429688,342000
2022-07-22,129.72999572753906,130.25,128.35000610351562,129.52000427246094,129.02613830566406,520100
2022-07-25,129.3699951171875,130.82000732421875,128.80999755859375,130.1699981689453,129.6736602783203,238700
2022-07-26,130.24000549316406,131.02999877929688,130.1199951171875,130.8000030517578,130.30125427246094,262100
2022-07-27,131.50999450683594,133.17999267578125,130.82000732421875,132.58999633789062,132.0844268798828,334700
2022-07-28,133.2100067138672,136.3800048828125,132.6999969482422,135.75,135.46737670898438,456400
2022-07-29,136.35000610351562,138.0500030517578,135.3000030517578,137.3000030517578,137.01414489746094,782500
2022-08-01,132.77000427246094,132.9600067138672,127.31999969482422,129.52000427246094,129.25035095214844,1161400
2022-08-02,128.8800048828125,130.3699951171875,126.27999877929688,127.79000091552734,127.52394104003906,592900
2022-08-03,128.86000061035156,129.02999877929688,126.98999786376953,127.69999694824219,127.43412780761719,564200
2022-08-04,127.08000183105469,129.19000244140625,126.43000030517578,128.7899932861328,128.5218505859375,466000
2022-08-05,127.66000366210938,128.49000549316406,127.05000305175781,127.5,127.23454284667969,502200
2022-08-08,128.44000244140625,129.19000244140625,125.19999694824219,125.9000015258789,125.63787841796875,639900
2022-08-09,126.08000183105469,126.08000183105469,123.77999877929688,123.80000305175781,123.54225158691406,435800
2022-08-10,125.9800033569336,127.36000061035156,125.43000030517578,127.30000305175781,127.03496551513672,486300
2022-08-11,128.0500030517578,129.7100067138672,128.0500030517578,128.61000061035156,128.3422393798828,283900
2022-08-12,129.00999450683594,133.00999450683594,129.00999450683594,133.0,132.7230987548828,491100
2022-08-15,132.13999938964844,133.5800018310547,131.5800018310547,133.5,133.22206115722656,443000
2022-08-16,132.94000244140625,134.22000122070312,132.6199951171875,134.2100067138672,133.9305877685547,412100
2022-08-17,133.35000610351562,134.7100067138672,132.72000122070312,134.6699981689453,134.38961791992188,383400
2022-08-18,135.0,135.17999267578125,133.9199981689453,135.11000061035156,134.82870483398438,401100
2022-08-19,134.4600067138672,136.27000427246094,133.75999450683594,135.9199981689453,135.6370086669922,554800
2022-08-22,134.33999633789062,134.33999633789062,131.7100067138672,131.83999633789062,131.5655059814453,560700
2022-08-23,131.52999877929688,132.39999389648438,130.44000244140625,131.02000427246094,130.74722290039062,326500
2022-08-24,130.24000549316406,131.89999389648438,130.22000122070312,131.52000427246094,131.24618530273438,249000
2022-08-25,132.3699951171875,133.74000549316406,131.94000244140625,133.67999267578125,133.40167236328125,343100
2022-08-26,133.74000549316406,133.74000549316406,127.43000030517578,127.55999755859375,127.29441833496094,741200
2022-08-29,127.51000213623047,129.05999755859375,124.77999877929688,128.27000427246094,128.00294494628906,332400
2022-08-30,128.0,128.4199981689453,124.30999755859375,124.44000244140625,124.18091583251953,617700
2022-08-31,125.05000305175781,125.69000244140625,123.87000274658203,124.58000183105469,124.32062530517578,720000
2022-09-01,123.62999725341797,124.16000366210938,121.2699966430664,123.3499984741211,123.09318542480469,476900
2022-09-02,124.94000244140625,124.94000244140625,118.4800033569336,118.80000305175781,118.55266571044922,789300
2022-09-06,118.44999694824219,120.0199966430664,116.93000030517578,119.91000366210938,119.66035461425781,608100
2022-09-07,119.54000091552734,123.69999694824219,119.19999694824219,123.26000213623047,123.00337982177734,411900
2022-09-08,122.93000030517578,123.73999786376953,122.33999633789062,123.27999877929688,123.02333068847656,319000
2022-09-09,123.91000366210938,125.19000244140625,123.72000122070312,125.04000091552734,124.77967071533203,293100
2022-09-12,125.16000366210938,126.72000122070312,123.91000366210938,124.44999694824219,124.1908950805664,312500
2022-09-13,122.52999877929688,122.91999816894531,119.0,119.93000030517578,119.68030548095703,312300
2022-09-14,119.55999755859375,121.54000091552734,118.54000091552734,119.69000244140625,119.44081115722656,595900
2022-09-15,119.04000091552734,119.54000091552734,117.95999908447266,119.43000030517578,119.18135070800781,471700
2022-09-16,118.12000274658203,118.12000274658203,115.80999755859375,117.2699966430664,117.02584075927734,1071800
2022-09-19,116.37999725341797,120.76000213623047,116.37999725341797,120.52999877929688,120.279052734375,415500
2022-09-20,119.37999725341797,119.73999786376953,117.77999877929688,119.19000244140625,118.94184875488281,470000
2022-09-21,119.97000122070312,121.12999725341797,116.30999755859375,116.33000183105469,116.08780670166016,402300
2022-09-22,115.97000122070312,117.02999877929688,114.36000061035156,116.16000366210938,115.91815948486328,395000
2022-09-23,114.75,115.56999969482422,112.41000366210938,113.91000366210938,113.67284393310547,392300
2022-09-26,113.61000061035156,114.20999908447266,110.58000183105469,111.80000305175781,111.5672378540039,691400
2022-09-27,112.98999786376953,113.51000213623047,108.5,109.29000091552734,109.06246185302734,890800
2022-09-28,110.0999984741211,111.16000366210938,109.01000213623047,110.47000122070312,110.24000549316406,773600
2022-09-29,109.36000061035156,109.81999969482422,107.76000213623047,108.80000305175781,108.80000305175781,650000
2022-09-30,108.66999816894531,111.1500015258789,108.25,108.48999786376953,108.48999786376953,700300
2022-10-03,110.18000030517578,113.19000244140625,109.0199966430664,112.16999816894531,112.16999816894531,665500
2022-10-04,113.80000305175781,117.69000244140625,113.23999786376953,116.19000244140625,116.19000244140625,601300
2022-10-05,114.83000183105469,115.55999755859375,113.81999969482422,114.4800033569336,114.4800033569336,446100
2022-10-06,113.91999816894531,115.0,113.05000305175781,113.77999877929688,113.77999877929688,476700
2022-10-07,112.9000015258789,113.11000061035156,111.62999725341797,112.38999938964844,112.38999938964844,365200
2022-10-10,113.05999755859375,114.37000274658203,112.2699966430664,112.91000366210938,112.91000366210938,349700
2022-10-11,113.0199966430664,114.08000183105469,111.26000213623047,111.95999908447266,111.95999908447266,521800
2022-10-12,112.19999694824219,112.19999694824219,109.47000122070312,109.58000183105469,109.58000183105469,744400
2022-10-13,107.54000091552734,112.44999694824219,106.77999877929688,111.68000030517578,111.68000030517578,732500
2022-10-14,112.52999877929688,113.11000061035156,109.5,110.0999984741211,110.0999984741211,494800
2022-10-17,111.69000244140625,113.66000366210938,111.48999786376953,113.26000213623047,113.26000213623047,453100
2022-10-18,116.0,117.05999755859375,115.16999816894531,115.79000091552734,115.79000091552734,385700
2022-10-19,114.88999938964844,116.38999938964844,113.68000030517578,114.1500015258789,114.1500015258789,453500
2022-10-20,114.45999908447266,115.06999969482422,112.2300033569336,113.0199966430664,113.0199966430664,528000
2022-10-21,112.73999786376953,115.44000244140625,112.18000030517578,115.0199966430664,115.0199966430664,651300
2022-10-24,114.27999877929688,115.80999755859375,110.41999816894531,110.8499984741211,110.8499984741211,1140300
2022-10-25,110.70999908447266,112.63999938964844,110.27999877929688,112.58999633789062,112.58999633789062,1180200
2022-10-26,113.7699966430664,115.5,112.4800033569336,113.52999877929688,113.52999877929688,784900
2022-10-27,113.6500015258789,116.06999969482422,113.6500015258789,114.16999816894531,114.16999816894531,673000
2022-10-28,114.41999816894531,117.33999633789062,113.54000091552734,117.02999877929688,117.02999877929688,398700
2022-10-31,116.1500015258789,116.73999786376953,115.0,115.22000122070312,115.22000122070312,497300
2022-11-01,116.29000091552734,116.4800033569336,113.66999816894531,114.4800033569336,114.4800033569336,563500
2022-11-02,114.18000030517578,116.51000213623047,112.9000015258789,113.12000274658203,113.12000274658203,849700
2022-11-03,112.0,115.97000122070312,111.5999984741211,114.9800033569336,114.9800033569336,421600
2022-11-04,116.7699966430664,118.11000061035156,115.45999908447266,118.0199966430664,118.0199966430664,409000
2022-11-07,118.62000274658203,119.47000122070312,117.5999984741211,118.91000366210938,118.91000366210938,437400
2022-11-08,119.4800033569336,120.31999969482422,117.70999908447266,119.37000274658203,119.37000274658203,353200
2022-11-09,118.79000091552734,119.5199966430664,116.83999633789062,116.98999786376953,116.98999786376953,294300
2022-11-10,121.06999969482422,125.91999816894531,120.44000244140625,125.70999908447266,125.70999908447266,594800
2022-11-11,126.19999694824219,127.30000305175781,124.9000015258789,125.72000122070312,125.72000122070312,636400
2022-11-14,124.81999969482422,127.62999725341797,124.02999877929688,124.08000183105469,124.08000183105469,477800
2022-11-15,125.9000015258789,127.4000015258789,124.5999984741211,124.80000305175781,124.80000305175781,691000
2022-11-16,124.75,125.19000244140625,122.91000366210938,124.87999725341797,124.87999725341797,377500
2022-11-17,123.61000061035156,125.06999969482422,122.69000244140625,124.26000213623047,124.26000213623047,639100
2022-11-18,125.87000274658203,126.18000030517578,123.61000061035156,126.04000091552734,126.04000091552734,681100
2022-11-21,128.25,130.0,120.01000213623047,122.31999969482422,122.31999969482422,1048200
2022-11-22,123.83000183105469,125.22000122070312,122.87999725341797,123.5,123.5,841100
2022-11-23,123.2699966430664,124.98999786376953,122.54000091552734,122.69999694824219,122.69999694824219,422300
2022-11-25,123.18000030517578,124.51000213623047,122.70999908447266,123.62000274658203,123.62000274658203,227400
2022-11-28,122.69999694824219,123.38999938964844,121.2699966430664,121.7699966430664,121.7699966430664,501200
2022-11-29,121.69999694824219,122.81999969482422,121.0,122.7699966430664,122.7699966430664,418900
2022-11-30,122.79000091552734,126.55999755859375,121.37000274658203,126.54000091552734,126.54000091552734,1193000
2022-12-01,126.87000274658203,127.69000244140625,124.18000030517578,124.54000091552734,124.54000091552734,531300
2022-12-02,123.4800033569336,126.06999969482422,123.19999694824219,125.08999633789062,125.08999633789062,736900
2022-12-05,123.79000091552734,124.11000061035156,120.80000305175781,121.87999725341797,121.87999725341797,491700
2022-12-06,121.63999938964844,122.3499984741211,120.7300033569336,121.88999938964844,121.88999938964844,358400
2022-12-07,121.55000305175781,123.86000061035156,121.05000305175781,122.72000122070312,122.72000122070312,343500
2022-12-08,123.3499984741211,124.13999938964844,121.45999908447266,122.05000305175781,122.05000305175781,367500
2022-12-09,122.22000122070312,123.05000305175781,121.27999877929688,121.36000061035156,121.36000061035156,361600
2022-12-12,120.81999969482422,122.04000091552734,120.37999725341797,121.16000366210938,121.16000366210938,463700
2022-12-13,124.5999984741211,125.5,121.83999633789062,122.76000213623047,122.76000213623047,449300
2022-12-14,122.80000305175781,124.9000015258789,122.11000061035156,122.56999969482422,122.56999969482422,420200
2022-12-15,120.8499984741211,120.8499984741211,117.80000305175781,119.58999633789062,119.58999633789062,481800
2022-12-16,118.48999786376953,119.91999816894531,118.0199966430664,119.06999969482422,119.06999969482422,1060900
2022-12-19,119.23999786376953,120.69000244140625,118.01000213623047,118.5199966430664,118.5199966430664,506400
2022-12-20,118.58999633789062,119.55000305175781,118.19999694824219,118.22000122070312,118.22000122070312,394100
2022-12-21,119.45999908447266,121.7300033569336,118.6500015258789,121.30000305175781,121.30000305175781,469000
2022-12-22,120.63999938964844,120.93000030517578,117.91999816894531,119.87999725341797,119.87999725341797,266600
2022-12-23,119.87000274658203,120.88999938964844,119.61000061035156,120.86000061035156,120.86000061035156,231100
2022-12-27,121.19999694824219,121.43000030517578,120.20999908447266,121.12999725341797,121.12999725341797,185200
2022-12-28,121.22000122070312,122.55000305175781,119.1500015258789,119.19999694824219,119.19999694824219,184300
2022-12-29,120.19999694824219,121.54000091552734,119.04000091552734,121.12999725341797,121.12999725341797,234800
2022-12-30,120.44999694824219,120.44999694824219,118.6500015258789,120.06999969482422,120.06999969482422,226000
2023-01-03,120.51000213623047,121.41999816894531,119.20999908447266,121.29000091552734,121.29000091552734,451700
2023-01-04,122.18000030517578,126.22000122070312,121.69999694824219,126.01000213623047,126.01000213623047,786400
2023-01-05,125.20999908447266,125.76000213623047,123.4000015258789,123.61000061035156,123.61000061035156,641400
2023-01-06,126.4000015258789,129.5,125.97000122070312,128.50999450683594,128.50999450683594,425500
2023-01-09,128.91000366210938,129.49000549316406,125.69000244140625,125.77999877929688,125.77999877929688,545700
2023-01-10,125.01000213623047,127.51000213623047,124.08000183105469,127.5,127.5,579100
2023-01-11,128.52999877929688,129.83999633789062,127.68000030517578,128.0,128.0,550500
2023-01-12,128.52000427246094,128.8000030517578,127.62999725341797,127.81999969482422,127.81999969482422,455500
2023-01-13,125.27999877929688,126.55999755859375,124.91999816894531,126.01000213623047,126.01000213623047,494400
