Date,Open,High,Low,Close,Adj Close,Volume
2022-01-18,17.860000610351562,17.979999542236328,17.479999542236328,17.700000762939453,16.643245697021484,21260600
2022-01-19,17.850000381469727,17.860000610351562,17.329999923706055,17.43000030517578,16.38936424255371,16247700
2022-01-20,17.65999984741211,17.90999984741211,17.389999389648438,17.43000030517578,16.38936424255371,17785400
2022-01-21,17.399999618530273,17.559999465942383,17.239999771118164,17.3700008392334,16.33294677734375,20471800
2022-01-24,17.100000381469727,17.350000381469727,16.670000076293945,17.31999969482422,16.285930633544922,24843800
2022-01-25,17.190000534057617,17.579999923706055,16.889999389648438,17.5,16.455184936523438,18664900
2022-01-26,17.700000762939453,18.200000762939453,17.34000015258789,17.520000457763672,16.473989486694336,25755700
2022-01-27,17.850000381469727,17.8799991607666,17.229999542236328,17.479999542236328,16.436376571655273,20238700
2022-01-28,17.200000762939453,17.260000228881836,16.860000610351562,17.200000762939453,16.426830291748047,17329900
2022-01-31,17.1299991607666,17.420000076293945,17.0,17.360000610351562,16.579635620117188,20557400
2022-02-01,17.270000457763672,17.520000457763672,17.209999084472656,17.40999984741211,16.62738800048828,17462200
2022-02-02,17.360000610351562,17.540000915527344,17.299999237060547,17.40999984741211,16.62738800048828,20179100
2022-02-03,17.459999084472656,17.459999084472656,17.149999618530273,17.270000457763672,16.493680953979492,14274000
2022-02-04,17.389999389648438,17.5,17.200000762939453,17.350000381469727,16.570087432861328,13936000
2022-02-07,17.40999984741211,17.6299991607666,17.299999237060547,17.459999084472656,16.675138473510742,16589600
2022-02-08,17.469999313354492,17.5,17.200000762939453,17.290000915527344,16.51278305053711,16452300
2022-02-09,17.34000015258789,17.6299991607666,17.299999237060547,17.3700008392334,16.58918571472168,16669200
2022-02-10,17.309999465942383,17.549999237060547,17.110000610351562,17.200000762939453,16.426830291748047,15617000
2022-02-11,17.25,17.56999969482422,17.229999542236328,17.540000915527344,16.751544952392578,19778700
2022-02-14,17.510000228881836,17.540000915527344,17.100000381469727,17.190000534057617,16.417278289794922,15312600
2022-02-15,17.15999984741211,17.18000030517578,16.93000030517578,17.010000228881836,16.24536895751953,16478300
2022-02-16,17.079999923706055,17.290000915527344,17.049999237060547,17.1299991607666,16.359975814819336,16583700
2022-02-17,17.100000381469727,17.18000030517578,16.65999984741211,16.760000228881836,16.006608963012695,16203900
2022-02-18,16.75,16.81999969482422,16.459999084472656,16.600000381469727,15.853799819946289,16568100
2022-02-22,16.889999389648438,16.93000030517578,16.0,16.540000915527344,15.796496391296387,17727600
2022-02-23,16.600000381469727,16.8700008392334,16.520000457763672,16.770000457763672,16.016157150268555,16006900
2022-02-24,16.90999984741211,16.93000030517578,16.309999465942383,16.670000076293945,15.920652389526367,20111400
2022-02-25,16.75,17.149999618530273,16.690000534057617,17.06999969482422,16.302669525146484,13520500
2022-02-28,16.920000076293945,17.450000762939453,16.8700008392334,17.399999618530273,16.61783790588379,32447200
2022-03-01,17.469999313354492,17.600000381469727,17.329999923706055,17.59000015258789,16.79929542541504,21271300
2022-03-02,17.739999771118164,18.239999771118164,17.639999389648438,18.139999389648438,17.32457160949707,20672000
2022-03-03,18.139999389648438,18.479999542236328,18.100000381469727,18.389999389648438,17.56333351135254,21207700
2022-03-04,18.299999237060547,18.8700008392334,18.260000228881836,18.84000015258789,17.993106842041016,26274700
2022-03-07,18.899999618530273,19.149999618530273,18.59000015258789,18.719999313354492,17.87849998474121,24457400
2022-03-08,19.030000686645508,19.1299991607666,18.489999771118164,18.670000076293945,17.83074951171875,31746300
2022-03-09,18.510000228881836,18.649999618530273,18.149999618530273,18.329999923706055,17.506032943725586,20929200
2022-03-10,18.3799991607666,18.6200008392334,18.290000915527344,18.549999237060547,17.716142654418945,16266800
2022-03-11,18.43000030517578,18.670000076293945,18.100000381469727,18.100000381469727,17.2863712310791,13600400
2022-03-14,17.899999618530273,17.989999771118164,17.3700008392334,17.540000915527344,16.751544952392578,17419600
2022-03-15,17.209999084472656,17.420000076293945,16.90999984741211,17.31999969482422,16.541431427001953,18837700
2022-03-16,17.200000762939453,17.489999771118164,17.06999969482422,17.25,16.47458267211914,16968800
2022-03-17,17.43000030517578,17.700000762939453,17.3700008392334,17.559999465942383,16.770645141601562,15843000
2022-03-18,17.5,17.690000534057617,17.31999969482422,17.360000610351562,16.579635620117188,36752800
2022-03-21,17.6200008392334,18.170000076293945,17.600000381469727,18.06999969482422,17.257719039916992,21638700
2022-03-22,17.989999771118164,18.040000915527344,17.760000228881836,17.93000030517578,17.124013900756836,16077500
2022-03-23,18.06999969482422,18.25,17.969999313354492,18.1200008392334,17.305471420288086,11356800
2022-03-24,18.229999542236328,18.40999984741211,18.190000534057617,18.299999237060547,17.47738265991211,11084300
2022-03-25,18.350000381469727,19.06999969482422,18.31999969482422,19.06999969482422,18.212766647338867,25135600
2022-03-28,18.729999542236328,18.940000534057617,18.579999923706055,18.75,17.907154083251953,17476000
2022-03-29,18.520000457763672,18.93000030517578,18.3799991607666,18.889999389648438,18.04085922241211,16150300
2022-03-30,19.0,19.09000015258789,18.81999969482422,19.09000015258789,18.231868743896484,16371800
2022-03-31,18.979999542236328,19.260000228881836,18.8799991607666,18.90999984741211,18.059959411621094,24632800
2022-04-01,19.030000686645508,19.229999542236328,18.969999313354492,19.219999313354492,18.35602378845215,13050300
2022-04-04,19.299999237060547,19.350000381469727,19.079999923706055,19.299999237060547,18.43242835998535,14567600
2022-04-05,19.239999771118164,19.399999618530273,18.8799991607666,18.920000076293945,18.069509506225586,14705000
2022-04-06,19.0,19.1299991607666,18.81999969482422,19.010000228881836,18.155466079711914,11572300
2022-04-07,19.09000015258789,19.309999465942383,18.799999237060547,19.270000457763672,18.403776168823242,15725500
2022-04-08,19.350000381469727,19.59000015258789,19.270000457763672,19.479999542236328,18.604337692260742,14735600
2022-04-11,19.309999465942383,19.440000534057617,19.09000015258789,19.260000228881836,18.394227981567383,16475000
2022-04-12,19.350000381469727,19.420000076293945,19.100000381469727,19.139999389648438,18.279621124267578,13069900
2022-04-13,19.25,19.40999984741211,19.030000686645508,19.290000915527344,18.42287826538086,9946400
2022-04-14,19.280000686645508,19.520000457763672,19.219999313354492,19.3700008392334,18.499282836914062,9248700
2022-04-18,19.440000534057617,19.649999618530273,19.350000381469727,19.549999237060547,18.671192169189453,10259500
2022-04-19,19.5,19.739999771118164,19.420000076293945,19.600000381469727,18.718944549560547,11581300
2022-04-20,19.700000762939453,19.969999313354492,19.540000915527344,19.770000457763672,18.881301879882812,15441600
2022-04-21,20.0,20.190000534057617,19.700000762939453,19.790000915527344,18.900402069091797,21326000
2022-04-22,19.65999984741211,19.719999313354492,19.139999389648438,19.149999618530273,18.28917121887207,17732600
2022-04-25,18.829999923706055,18.850000381469727,18.040000915527344,18.610000610351562,17.773447036743164,24569900
2022-04-26,18.68000030517578,18.8700008392334,18.420000076293945,18.440000534057617,17.611087799072266,20358100
2022-04-27,18.450000762939453,18.59000015258789,18.25,18.399999618530273,17.572887420654297,19156000
2022-04-28,18.610000610351562,18.90999984741211,18.329999923706055,18.809999465942383,17.964454650878906,16424200
2022-04-29,18.440000534057617,18.600000381469727,18.100000381469727,18.149999618530273,17.594154357910156,25794000
2022-05-02,18.100000381469727,18.34000015258789,17.84000015258789,18.18000030517578,17.62323570251465,20941500
2022-05-03,18.200000762939453,18.84000015258789,18.200000762939453,18.68000030517578,18.10792350769043,15564300
2022-05-04,18.889999389648438,19.350000381469727,18.770000457763672,19.280000686645508,18.689550399780273,16076100
2022-05-05,19.299999237060547,19.31999969482422,18.649999618530273,18.850000381469727,18.27271842956543,17443400
2022-05-06,19.010000228881836,19.34000015258789,18.649999618530273,19.299999237060547,18.708934783935547,18627700
2022-05-09,19.0,19.09000015258789,18.510000228881836,18.600000381469727,18.03037452697754,20457900
2022-05-10,18.770000457763672,18.979999542236328,18.239999771118164,18.520000457763672,17.952823638916016,18484100
2022-05-11,18.690000534057617,19.049999237060547,18.469999313354492,18.520000457763672,17.952823638916016,18117100
2022-05-12,18.530000686645508,18.600000381469727,18.15999984741211,18.43000030517578,17.86557960510254,22679100
2022-05-13,18.600000381469727,18.860000610351562,18.5,18.739999771118164,18.166086196899414,19950300
2022-05-16,18.8799991607666,19.5,18.860000610351562,19.389999389648438,18.796178817749023,19095300
2022-05-17,19.559999465942383,19.780000686645508,19.469999313354492,19.739999771118164,19.135459899902344,18226400
2022-05-18,19.829999923706055,19.889999389648438,19.100000381469727,19.299999237060547,18.708934783935547,14126700
2022-05-19,18.969999313354492,19.239999771118164,18.8799991607666,19.020000457763672,18.437511444091797,16000100
2022-05-20,19.149999618530273,19.229999542236328,18.670000076293945,19.030000686645508,18.44720458984375,17046200
2022-05-23,19.190000534057617,19.329999923706055,19.0,19.15999984741211,18.573223114013672,12595000
2022-05-24,19.0,19.260000228881836,18.639999389648438,19.139999389648438,18.553834915161133,15348700
2022-05-25,19.290000915527344,19.440000534057617,19.15999984741211,19.389999389648438,18.796178817749023,20050900
2022-05-26,19.520000457763672,19.68000030517578,19.489999771118164,19.6200008392334,19.019136428833008,13017900
2022-05-27,19.559999465942383,20.020000457763672,19.510000228881836,19.940000534057617,19.329336166381836,14677300
2022-05-31,19.989999771118164,20.15999984741211,19.59000015258789,19.690000534057617,19.086992263793945,42883200
2022-06-01,19.780000686645508,20.1299991607666,19.65999984741211,20.020000457763672,19.40688705444336,13331900
2022-06-02,19.93000030517578,19.979999542236328,19.65999984741211,19.959999084472656,19.348722457885742,9554500
2022-06-03,19.989999771118164,20.06999969482422,19.81999969482422,19.93000030517578,19.319643020629883,8446800
2022-06-06,20.040000915527344,20.100000381469727,19.75,19.790000915527344,19.183929443359375,10090000
2022-06-07,19.770000457763672,20.170000076293945,19.68000030517578,20.139999389648438,19.523208618164062,12150700
2022-06-08,20.200000762939453,20.200000762939453,19.719999313354492,19.860000610351562,19.251787185668945,10338900
2022-06-09,19.739999771118164,19.780000686645508,19.270000457763672,19.290000915527344,18.699243545532227,14030600
2022-06-10,19.1200008392334,19.209999084472656,18.780000686645508,19.030000686645508,18.44720458984375,16190400
2022-06-13,18.59000015258789,18.649999618530273,18.049999237060547,18.1299991607666,17.574766159057617,17236500
2022-06-14,18.389999389648438,18.469999313354492,17.68000030517578,17.889999389648438,17.342117309570312,17069300
2022-06-15,17.969999313354492,18.100000381469727,17.290000915527344,17.600000381469727,17.060998916625977,18043600
2022-06-16,17.260000228881836,17.299999237060547,16.6299991607666,16.700000762939453,16.188560485839844,23048600
2022-06-17,16.600000381469727,16.68000030517578,15.779999732971191,16.049999237060547,15.558466911315918,44410500
2022-06-21,16.360000610351562,16.790000915527344,16.229999542236328,16.649999618530273,16.140090942382812,19216500
2022-06-22,16.1299991607666,16.610000610351562,16.059999465942383,16.34000015258789,15.83958625793457,18468700
2022-06-23,16.440000534057617,16.489999771118164,15.979999542236328,16.239999771118164,15.742648124694824,17548700
2022-06-24,16.450000762939453,16.690000534057617,16.280000686645508,16.479999542236328,15.975297927856445,17932100
2022-06-27,16.6299991607666,16.959999084472656,16.610000610351562,16.829999923706055,16.314579010009766,14792800
2022-06-28,17.190000534057617,17.459999084472656,17.040000915527344,17.200000762939453,16.673250198364258,14883700
2022-06-29,17.420000076293945,17.489999771118164,16.850000381469727,16.920000076293945,16.401823043823242,12988700
2022-06-30,16.610000610351562,16.969999313354492,16.559999465942383,16.760000228881836,16.24672508239746,19907800
2022-07-01,16.850000381469727,17.040000915527344,16.489999771118164,16.979999542236328,16.459985733032227,15468400
2022-07-05,16.639999389648438,16.719999313354492,16.100000381469727,16.579999923706055,16.072235107421875,19376300
2022-07-06,16.489999771118164,16.649999618530273,15.920000076293945,16.360000610351562,15.858973503112793,19278400
2022-07-07,16.649999618530273,16.979999542236328,16.600000381469727,16.889999389648438,16.37274169921875,15654400
2022-07-08,16.959999084472656,17.100000381469727,16.790000915527344,16.969999313354492,16.45029067993164,13124200
2022-07-11,16.829999923706055,16.959999084472656,16.520000457763672,16.860000610351562,16.34366226196289,12612900
2022-07-12,16.510000228881836,16.75,16.440000534057617,16.649999618530273,16.140090942382812,12813300
2022-07-13,16.450000762939453,16.799999237060547,16.450000762939453,16.600000381469727,16.091623306274414,10917700
2022-07-14,16.139999389648438,16.59000015258789,16.049999237060547,16.579999923706055,16.072235107421875,15673500
2022-07-15,16.829999923706055,16.90999984741211,16.549999237060547,16.760000228881836,16.24672508239746,10042700
2022-07-18,16.959999084472656,17.139999389648438,16.889999389648438,16.93000030517578,16.411518096923828,9692100
2022-07-19,17.0,17.329999923706055,16.959999084472656,17.309999465942383,16.779878616333008,12958500
2022-07-20,17.25,17.440000534057617,17.079999923706055,17.31999969482422,16.78957176208496,14958100
2022-07-21,16.770000457763672,17.700000762939453,16.760000228881836,17.65999984741211,17.119159698486328,22690600
2022-07-22,17.729999542236328,17.860000610351562,17.549999237060547,17.649999618530273,17.109466552734375,14104900
2022-07-25,17.850000381469727,18.030000686645508,17.700000762939453,18.020000457763672,17.468137741088867,13155300
2022-07-26,18.149999618530273,18.229999542236328,17.899999618530273,18.0,17.448747634887695,13926000
2022-07-27,18.059999465942383,18.110000610351562,17.719999313354492,18.059999465942383,17.50691032409668,13757700
2022-07-28,18.1299991607666,18.18000030517578,17.729999542236328,18.040000915527344,17.487524032592773,14659900
2022-07-29,17.93000030517578,18.1200008392334,17.84000015258789,17.989999771118164,17.711999893188477,18976500
2022-08-01,17.75,17.920000076293945,17.530000686645508,17.899999618530273,17.623390197753906,14157300
2022-08-02,17.90999984741211,18.0,17.6299991607666,17.829999923706055,17.554471969604492,22289100
2022-08-03,17.989999771118164,18.049999237060547,17.670000076293945,17.809999465942383,17.534780502319336,16431600
2022-08-04,17.760000228881836,17.770000457763672,17.270000457763672,17.299999237060547,17.03266143798828,14776100
2022-08-05,17.100000381469727,17.489999771118164,17.059999465942383,17.469999313354492,17.200035095214844,12123200
2022-08-08,17.479999542236328,17.790000915527344,17.479999542236328,17.68000030517578,17.406789779663086,12894300
2022-08-09,17.850000381469727,18.09000015258789,17.790000915527344,18.040000915527344,17.761228561401367,11684400
2022-08-10,18.15999984741211,18.25,17.979999542236328,18.139999389648438,17.859682083129883,10458200
2022-08-11,18.399999618530273,18.75,18.309999465942383,18.59000015258789,18.3027286529541,15805500
2022-08-12,18.579999923706055,18.709999084472656,18.479999542236328,18.690000534057617,18.40118408203125,11364000
2022-08-15,18.299999237060547,18.600000381469727,18.149999618530273,18.56999969482422,18.283037185668945,10788700
2022-08-16,18.670000076293945,18.799999237060547,18.610000610351562,18.649999618530273,18.361801147460938,10989900
2022-08-17,18.579999923706055,18.709999084472656,18.440000534057617,18.56999969482422,18.283037185668945,9371500
2022-08-18,18.700000762939453,18.950000762939453,18.690000534057617,18.93000030517578,18.637474060058594,12742000
2022-08-19,18.81999969482422,18.899999618530273,18.6299991607666,18.719999313354492,18.43071746826172,14168900
2022-08-22,18.670000076293945,18.739999771118164,18.43000030517578,18.559999465942383,18.273191452026367,13827700
2022-08-23,18.780000686645508,18.989999771118164,18.729999542236328,18.889999389648438,18.59809112548828,13019000
2022-08-24,18.899999618530273,19.229999542236328,18.84000015258789,19.200000762939453,18.903303146362305,13856100
2022-08-25,19.280000686645508,19.309999465942383,19.09000015258789,19.260000228881836,18.962373733520508,11863600
2022-08-26,19.329999923706055,19.329999923706055,18.93000030517578,18.989999771118164,18.69654655456543,13542000
2022-08-29,18.950000762939453,19.139999389648438,18.829999923706055,18.940000534057617,18.647319793701172,9039400
2022-08-30,18.739999771118164,18.739999771118164,18.420000076293945,18.479999542236328,18.194427490234375,13155600
2022-08-31,18.209999084472656,18.549999237060547,18.049999237060547,18.31999969482422,18.03689956665039,17611000
2022-09-01,18.170000076293945,18.270000457763672,17.8799991607666,18.170000076293945,17.889217376708984,15924300
2022-09-02,18.5,18.549999237060547,18.110000610351562,18.219999313354492,17.938444137573242,15079400
2022-09-06,18.420000076293945,18.489999771118164,17.75,17.770000457763672,17.495399475097656,19182200
2022-09-07,17.549999237060547,17.8799991607666,17.459999084472656,17.850000381469727,17.57416343688965,13548500
2022-09-08,18.0,18.040000915527344,17.760000228881836,18.030000686645508,17.75138282775879,18534600
2022-09-09,18.219999313354492,18.389999389648438,18.15999984741211,18.309999465942383,18.027053833007812,13597000
2022-09-12,18.5,18.770000457763672,18.450000762939453,18.739999771118164,18.450408935546875,15168100
2022-09-13,18.5,18.65999984741211,18.079999923706055,18.170000076293945,17.889217376708984,20629200
2022-09-14,18.299999237060547,18.6299991607666,18.270000457763672,18.530000686645508,18.243656158447266,19093600
2022-09-15,18.329999923706055,18.56999969482422,18.239999771118164,18.329999923706055,18.04674530029297,17174000
2022-09-16,18.229999542236328,18.229999542236328,17.700000762939453,17.850000381469727,17.57416343688965,34294100
2022-09-19,17.5,18.059999465942383,17.5,18.049999237060547,17.771072387695312,16852300
2022-09-20,17.940000534057617,17.989999771118164,17.729999542236328,17.899999618530273,17.623390197753906,16565900
2022-09-21,18.1200008392334,18.18000030517578,17.510000228881836,17.520000457763672,17.249263763427734,20654000
2022-09-22,17.729999542236328,17.729999542236328,17.31999969482422,17.31999969482422,17.052352905273438,18220700
2022-09-23,17.0,17.040000915527344,16.34000015258789,16.530000686645508,16.27456283569336,25533100
2022-09-26,16.43000030517578,16.489999771118164,16.049999237060547,16.09000015258789,15.841361045837402,28333900
2022-09-27,16.34000015258789,16.690000534057617,16.209999084472656,16.329999923706055,16.077651977539062,25387700
2022-09-28,16.40999984741211,16.950000762939453,16.350000381469727,16.84000015258789,16.579771041870117,25192000
2022-09-29,16.690000534057617,16.799999237060547,16.40999984741211,16.719999313354492,16.461624145507812,27649200
2022-09-30,16.610000610351562,16.860000610351562,16.5,16.639999389648438,16.38286018371582,30537100
2022-10-03,17.100000381469727,17.270000457763672,16.959999084472656,17.100000381469727,16.835752487182617,24702700
2022-10-04,17.31999969482422,17.68000030517578,17.25,17.670000076293945,17.396944046020508,23806600
2022-10-05,17.540000915527344,17.799999237060547,17.309999465942383,17.700000762939453,17.426481246948242,19590500
2022-10-06,17.600000381469727,17.799999237060547,17.360000610351562,17.389999389648438,17.12127113342285,19299100
2022-10-07,17.3700008392334,17.489999771118164,17.09000015258789,17.239999771118164,16.973588943481445,16677200
2022-10-10,17.299999237060547,17.579999923706055,17.040000915527344,17.06999969482422,16.806217193603516,16323800
2022-10-11,16.940000534057617,17.360000610351562,16.84000015258789,17.15999984741211,16.894824981689453,17703500
2022-10-12,17.030000686645508,17.18000030517578,16.8700008392334,17.049999237060547,16.78652572631836,14500800
2022-10-13,16.899999618530273,17.700000762939453,16.860000610351562,17.639999389648438,17.367406845092773,18393500
2022-10-14,17.56999969482422,17.75,17.15999984741211,17.190000534057617,16.924362182617188,17037800
2022-10-17,17.399999618530273,17.649999618530273,17.299999237060547,17.5,17.229572296142578,15066100
2022-10-18,17.709999084472656,17.950000762939453,17.5,17.770000457763672,17.495399475097656,19538400
2022-10-19,17.739999771118164,18.09000015258789,17.6299991607666,17.989999771118164,17.711999893188477,19257700
2022-10-20,17.34000015258789,17.68000030517578,16.959999084472656,17.1200008392334,16.855443954467773,40244300
2022-10-21,17.25,17.559999465942383,17.110000610351562,17.520000457763672,17.249263763427734,19630400
2022-10-24,17.579999923706055,17.700000762939453,17.209999084472656,17.280000686645508,17.012971878051758,21518200
2022-10-25,17.200000762939453,17.549999237060547,17.1299991607666,17.510000228881836,17.239418029785156,20557600
2022-10-26,17.6200008392334,17.850000381469727,17.290000915527344,17.729999542236328,17.456016540527344,22666000
2022-10-27,17.979999542236328,18.15999984741211,17.90999984741211,17.989999771118164,17.711999893188477,22928200
2022-10-28,17.829999923706055,17.889999389648438,17.5,17.770000457763672,17.770000457763672,18455400
2022-10-31,17.739999771118164,18.299999237060547,17.670000076293945,18.1200008392334,18.1200008392334,27183400
2022-11-01,18.25,18.34000015258789,18.110000610351562,18.239999771118164,18.239999771118164,18614800
2022-11-02,18.190000534057617,18.389999389648438,17.889999389648438,17.899999618530273,17.899999618530273,20188100
2022-11-03,17.75,18.1200008392334,17.709999084472656,18.040000915527344,18.040000915527344,16256700
2022-11-04,18.309999465942383,18.479999542236328,17.959999084472656,18.170000076293945,18.170000076293945,17824500
2022-11-07,18.25,18.389999389648438,18.139999389648438,18.25,18.25,14594400
2022-11-08,18.280000686645508,18.420000076293945,18.1299991607666,18.309999465942383,18.309999465942383,15520100
2022-11-09,18.190000534057617,18.25,17.56999969482422,17.579999923706055,17.579999923706055,15194200
2022-11-10,17.950000762939453,18.229999542236328,17.84000015258789,18.200000762939453,18.200000762939453,18505700
2022-11-11,18.40999984741211,18.790000915527344,18.309999465942383,18.690000534057617,18.690000534057617,17923100
2022-11-14,18.65999984741211,18.959999084472656,18.530000686645508,18.530000686645508,18.530000686645508,15362000
2022-11-15,18.739999771118164,18.809999465942383,18.549999237060547,18.65999984741211,18.65999984741211,14480900
2022-11-16,18.540000915527344,18.600000381469727,18.290000915527344,18.40999984741211,18.40999984741211,14532000
2022-11-17,18.200000762939453,18.309999465942383,18.0,18.299999237060547,18.299999237060547,12014500
2022-11-18,18.190000534057617,18.469999313354492,18.1299991607666,18.420000076293945,18.420000076293945,17351100
2022-11-21,18.239999771118164,18.299999237060547,17.84000015258789,18.280000686645508,18.280000686645508,12895400
2022-11-22,18.530000686645508,18.8700008392334,18.40999984741211,18.719999313354492,18.719999313354492,14890700
2022-11-23,18.540000915527344,18.729999542236328,18.469999313354492,18.649999618530273,18.649999618530273,9669600
2022-11-25,18.700000762939453,18.780000686645508,18.59000015258789,18.6299991607666,18.6299991607666,5981400
2022-11-28,18.25,18.59000015258789,18.219999313354492,18.459999084472656,18.459999084472656,16709800
2022-11-29,18.600000381469727,18.950000762939453,18.530000686645508,18.8799991607666,18.8799991607666,16437200
2022-11-30,18.989999771118164,19.139999389648438,18.770000457763672,19.1200008392334,19.1200008392334,41252500
2022-12-01,19.229999542236328,19.360000610351562,19.06999969482422,19.149999618530273,19.149999618530273,12570200
2022-12-02,19.0,19.110000610351562,18.889999389648438,19.0,19.0,9641200
2022-12-05,19.110000610351562,19.1299991607666,18.40999984741211,18.559999465942383,18.559999465942383,12111100
2022-12-06,18.5,18.649999618530273,18.0,18.100000381469727,18.100000381469727,15801200
2022-12-07,18.1200008392334,18.25,17.93000030517578,18.040000915527344,18.040000915527344,11408200
2022-12-08,18.1299991607666,18.260000228881836,17.540000915527344,17.770000457763672,17.770000457763672,17701000
2022-12-09,17.709999084472656,17.850000381469727,17.40999984741211,17.450000762939453,17.450000762939453,19193100
2022-12-12,17.5,17.829999923706055,17.389999389648438,17.81999969482422,17.81999969482422,13062200
2022-12-13,18.09000015258789,18.299999237060547,17.989999771118164,18.209999084472656,18.209999084472656,16966700
2022-12-14,18.209999084472656,18.350000381469727,18.0,18.110000610351562,18.110000610351562,13930600
2022-12-15,17.959999084472656,18.049999237060547,17.68000030517578,17.959999084472656,17.959999084472656,11533300
2022-12-16,17.670000076293945,17.780000686645508,17.40999984741211,17.690000534057617,17.690000534057617,21209900
2022-12-19,17.760000228881836,17.850000381469727,17.389999389648438,17.510000228881836,17.510000228881836,13387100
2022-12-20,17.540000915527344,17.709999084472656,17.459999084472656,17.610000610351562,17.610000610351562,11481900
2022-12-21,17.829999923706055,17.989999771118164,17.729999542236328,17.8799991607666,17.8799991607666,10626000
2022-12-22,17.809999465942383,17.860000610351562,17.399999618530273,17.739999771118164,17.739999771118164,13844700
2022-12-23,17.84000015258789,18.139999389648438,17.829999923706055,18.139999389648438,18.139999389648438,9304100
2022-12-27,18.209999084472656,18.34000015258789,18.09000015258789,18.260000228881836,18.260000228881836,8233000
2022-12-28,18.209999084472656,18.290000915527344,17.860000610351562,17.93000030517578,17.93000030517578,7938000
2022-12-29,17.920000076293945,18.25,17.8799991607666,18.149999618530273,18.149999618530273,7431000
2022-12-30,18.079999923706055,18.200000762939453,17.950000762939453,18.079999923706055,18.079999923706055,7385200
2023-01-03,18.0,18.18000030517578,17.860000610351562,18.010000228881836,18.010000228881836,10454000
2023-01-04,17.860000610351562,18.3799991607666,17.850000381469727,18.229999542236328,18.229999542236328,12069700
2023-01-05,18.1200008392334,18.239999771118164,18.020000457763672,18.209999084472656,18.209999084472656,8489500
2023-01-06,18.3700008392334,18.690000534057617,18.290000915527344,18.579999923706055,18.579999923706055,9085900
2023-01-09,18.760000228881836,18.799999237060547,18.600000381469727,18.709999084472656,18.709999084472656,17355100
2023-01-10,18.75,18.81999969482422,18.510000228881836,18.739999771118164,18.739999771118164,9544500
2023-01-11,18.8799991607666,18.899999618530273,18.579999923706055,18.780000686645508,18.780000686645508,13289300
2023-01-12,18.8799991607666,19.059999465942383,18.770000457763672,18.889999389648438,18.889999389648438,11067900
2023-01-13,18.8799991607666,18.93000030517578,18.690000534057617,18.850000381469727,18.850000381469727,8614800
