Date,Open,High,Low,Close,Adj Close,Volume
2022-01-18,48.91999816894531,49.11000061035156,48.279998779296875,48.59000015258789,47.652530670166016,7173100
2022-01-19,48.70000076293945,49.08000183105469,48.060001373291016,48.58000183105469,47.64272689819336,4956300
2022-01-20,48.560001373291016,48.84000015258789,47.11000061035156,47.27000045776367,46.35799789428711,7489900
2022-01-21,47.529998779296875,47.7599983215332,46.81999969482422,46.91999816894531,46.01475143432617,5832900
2022-01-24,47.029998779296875,48.43000030517578,46.790000915527344,47.720001220703125,46.799320220947266,8880200
2022-01-25,46.29999923706055,46.869998931884766,45.04999923706055,45.08000183105469,44.21025466918945,9981100
2022-01-26,45.040000915527344,45.33000183105469,44.18000030517578,44.380001068115234,43.52376174926758,9921800
2022-01-27,44.540000915527344,45.560001373291016,44.540000915527344,45.400001525878906,44.52408218383789,6770500
2022-01-28,43.630001068115234,44.15999984741211,42.88999938964844,43.470001220703125,42.631317138671875,10170300
2022-01-31,43.279998779296875,43.810001373291016,42.70000076293945,43.59000015258789,42.749000549316406,6861900
2022-02-01,43.5,44.369998931884766,43.150001525878906,44.130001068115234,43.27857971191406,5870600
2022-02-02,44.02000045776367,44.470001220703125,43.380001068115234,44.099998474121094,43.24916076660156,7003600
2022-02-03,44.06999969482422,45.349998474121094,44.060001373291016,45.11000061035156,44.23967361450195,5855200
2022-02-04,44.9900016784668,45.13999938964844,44.310001373291016,44.77000045776367,43.90623092651367,5992800
2022-02-07,45.02000045776367,45.2400016784668,44.16999816894531,44.66999816894531,43.808162689208984,5049300
2022-02-08,44.849998474121094,45.84000015258789,44.63999938964844,45.5,44.62214660644531,5041000
2022-02-09,45.290000915527344,45.66999816894531,44.939998626708984,45.150001525878906,44.27890396118164,3874000
2022-02-10,45.290000915527344,45.619998931884766,44.849998474121094,45.16999816894531,44.29851150512695,4799300
2022-02-11,45.45000076293945,46.66999816894531,45.34000015258789,46.27000045776367,45.37729263305664,6226600
2022-02-14,45.9900016784668,46.18000030517578,44.709999084472656,45.689998626708984,45.012779235839844,5799700
2022-02-15,45.779998779296875,46.630001068115234,45.310001373291016,46.40999984741211,45.722103118896484,5780600
2022-02-16,46.22999954223633,46.90999984741211,44.2599983215332,44.56999969482422,43.90937805175781,8416000
2022-02-17,44.349998474121094,45.66999816894531,44.349998474121094,45.22999954223633,44.55959701538086,11145200
2022-02-18,45.099998474121094,45.689998626708984,44.91999816894531,45.59000015258789,44.91426086425781,4525000
2022-02-22,45.45000076293945,45.849998474121094,44.83000183105469,45.040000915527344,44.372413635253906,5229800
2022-02-23,45.25,45.38999938964844,44.400001525878906,44.529998779296875,43.869972229003906,4070900
2022-02-24,44.439998626708984,45.310001373291016,43.13999938964844,44.439998626708984,43.78130340576172,6877700
2022-02-25,45.5,46.650001525878906,45.0,46.459999084472656,45.771366119384766,6691400
2022-02-28,45.7599983215332,47.16999816894531,45.7599983215332,46.79999923706055,46.1063232421875,8712800
2022-03-01,48.119998931884766,48.75,47.43000030517578,48.349998474121094,47.63335037231445,12129700
2022-03-02,48.09000015258789,49.4900016784668,48.09000015258789,49.369998931884766,48.63823318481445,9920000
2022-03-03,52.25,55.5,52.25,55.099998474121094,54.283302307128906,27439600
2022-03-04,54.279998779296875,58.97999954223633,54.209999084472656,58.939998626708984,58.066383361816406,21597500
2022-03-07,58.439998626708984,62.58000183105469,57.2599983215332,57.81999969482422,56.96298599243164,23454400
2022-03-08,57.380001068115234,58.84000015258789,55.65999984741211,55.709999084472656,54.88426208496094,10915700
2022-03-09,55.099998474121094,56.04999923706055,54.470001220703125,55.34000015258789,54.51974868774414,10180400
2022-03-10,55.790000915527344,57.400001525878906,55.20000076293945,57.09000015258789,56.243804931640625,9926500
2022-03-11,56.5,57.4900016784668,55.86000061035156,55.88999938964844,55.06159210205078,5621000
2022-03-14,55.59000015258789,55.88999938964844,54.279998779296875,55.41999816894531,54.59855651855469,5524100
2022-03-15,55.7400016784668,56.22999954223633,54.65999984741211,56.189998626708984,55.357147216796875,6127900
2022-03-16,55.86000061035156,56.75,54.41999816894531,54.9900016784668,54.17493438720703,7093200
2022-03-17,55.349998474121094,56.189998626708984,54.689998626708984,55.65999984741211,54.83500289916992,5364800
2022-03-18,55.77000045776367,56.38999938964844,55.15999984741211,55.81999969482422,54.99263381958008,9908000
2022-03-21,55.97999954223633,57.61000061035156,55.619998931884766,55.68000030517578,54.85470962524414,6458600
2022-03-22,56.0,56.79999923706055,55.130001068115234,56.56999969482422,55.73151397705078,7006000
2022-03-23,56.7400016784668,57.20000076293945,56.16999816894531,56.45000076293945,55.6132926940918,5209300
2022-03-24,56.599998474121094,57.880001068115234,56.41999816894531,56.75,55.90884780883789,8267000
2022-03-25,56.619998931884766,57.369998931884766,56.4900016784668,57.0,56.15514373779297,5090400
2022-03-28,56.9900016784668,57.45000076293945,56.619998931884766,57.0,56.15514373779297,5879100
2022-03-29,56.95000076293945,57.25,54.88999938964844,56.38999938964844,55.55418014526367,9428400
2022-03-30,56.2599983215332,56.77000045776367,56.029998779296875,56.369998931884766,55.53447723388672,4083700
2022-03-31,56.349998474121094,57.939998626708984,56.310001373291016,57.369998931884766,56.5196533203125,8476600
2022-04-01,57.5,57.880001068115234,56.619998931884766,57.47999954223633,56.62802505493164,4232100
2022-04-04,57.599998474121094,58.95000076293945,57.08000183105469,57.439998626708984,56.588619232177734,4999900
2022-04-05,57.470001220703125,59.130001068115234,57.29999923706055,57.650001525878906,56.795509338378906,5848300
2022-04-06,57.599998474121094,59.150001525878906,57.279998779296875,58.72999954223633,57.8594970703125,7514500
2022-04-07,59.060001373291016,60.290000915527344,58.79999923706055,59.880001068115234,58.992454528808594,6436400
2022-04-08,62.0,62.779998779296875,61.119998931884766,61.66999816894531,60.75592041015625,10513400
2022-04-11,61.939998626708984,62.349998474121094,60.45000076293945,60.650001525878906,59.751041412353516,4893700
2022-04-12,59.97999954223633,60.029998779296875,58.38999938964844,58.75,57.87919998168945,8529700
2022-04-13,58.5,58.95000076293945,57.630001068115234,58.34000015258789,57.475276947021484,6504500
2022-04-14,58.459999084472656,59.130001068115234,58.20000076293945,58.31999969482422,57.45557403564453,5301300
2022-04-18,57.90999984741211,58.59000015258789,57.61000061035156,57.81999969482422,56.96298599243164,3172800
2022-04-19,58.0,58.400001525878906,57.54999923706055,57.790000915527344,56.93342971801758,5372200
2022-04-20,58.0,58.29999923706055,57.369998931884766,57.70000076293945,56.84476852416992,6986500
2022-04-21,57.5099983215332,58.70000076293945,57.279998779296875,58.18000030517578,57.31765365600586,5673200
2022-04-22,58.810001373291016,58.970001220703125,56.97999954223633,57.0,56.15514373779297,5586700
2022-04-25,56.93000030517578,57.2400016784668,55.84000015258789,56.689998626708984,55.849735260009766,7862600
2022-04-26,56.61000061035156,56.779998779296875,55.47999954223633,55.720001220703125,54.89411544799805,5848800
2022-04-27,56.08000183105469,56.310001373291016,55.22999954223633,55.58000183105469,54.756187438964844,5304200
2022-04-28,55.63999938964844,55.77000045776367,55.099998474121094,55.4900016784668,54.66752624511719,4921800
2022-04-29,55.77000045776367,55.95000076293945,53.790000915527344,53.959999084472656,53.16019821166992,6856400
2022-05-02,54.650001525878906,54.880001068115234,53.220001220703125,53.720001220703125,52.92375946044922,7232700
2022-05-03,54.279998779296875,55.27000045776367,53.72999954223633,54.790000915527344,53.977901458740234,6058400
2022-05-04,54.25,55.97999954223633,54.25,55.77000045776367,54.9433708190918,6979500
2022-05-05,55.06999969482422,55.310001373291016,53.38999938964844,53.849998474121094,53.05183029174805,7047200
2022-05-06,53.650001525878906,55.150001525878906,53.380001068115234,53.849998474121094,53.05183029174805,5087800
2022-05-09,53.43000030517578,55.0,53.13999938964844,54.84000015258789,54.027156829833984,6677800
2022-05-10,54.65999984741211,55.2599983215332,54.41999816894531,55.189998626708984,54.37196731567383,6505200
2022-05-11,55.439998626708984,55.83000183105469,54.08000183105469,54.33000183105469,53.52471923828125,6442100
2022-05-12,55.060001373291016,55.790000915527344,53.97999954223633,54.220001220703125,53.62361526489258,4666100
2022-05-13,54.5099983215332,54.70000076293945,53.2599983215332,53.38999938964844,52.80274200439453,5355900
2022-05-16,53.869998931884766,54.040000915527344,52.650001525878906,53.20000076293945,52.61483383178711,4692300
2022-05-17,52.369998931884766,52.369998931884766,50.7599983215332,51.22999954223633,50.666500091552734,11792100
2022-05-18,49.619998931884766,49.869998931884766,47.349998474121094,47.900001525878906,47.373130798339844,10326900
2022-05-19,47.4900016784668,48.560001373291016,46.790000915527344,48.0,47.47203063964844,9137900
2022-05-20,48.29999923706055,49.11000061035156,47.65999984741211,48.65999984741211,48.12477111816406,8053000
2022-05-23,48.65999984741211,50.81999969482422,48.5,50.220001220703125,49.6676139831543,6268200
2022-05-24,49.790000915527344,51.52000045776367,49.650001525878906,51.5099983215332,50.94342041015625,5993900
2022-05-25,51.33000183105469,51.619998931884766,50.34000015258789,51.15999984741211,50.59727096557617,6797000
2022-05-26,52.150001525878906,52.58000183105469,51.81999969482422,52.13999938964844,51.566490173339844,5866700
2022-05-27,51.93000030517578,53.209999084472656,51.72999954223633,52.959999084472656,52.377471923828125,6215600
2022-05-31,52.619998931884766,53.470001220703125,52.33000183105469,52.970001220703125,52.38736343383789,18085900
2022-06-01,53.349998474121094,53.349998474121094,50.72999954223633,51.349998474121094,50.78518295288086,6045300
2022-06-02,51.63999938964844,52.900001525878906,51.439998626708984,52.880001068115234,52.29835510253906,4563300
2022-06-03,53.060001373291016,53.380001068115234,52.459999084472656,52.540000915527344,51.96209716796875,3623100
2022-06-06,52.93000030517578,52.97999954223633,52.13999938964844,52.150001525878906,51.576385498046875,3421100
2022-06-07,51.349998474121094,52.06999969482422,51.119998931884766,52.029998779296875,51.45770263671875,3389500
2022-06-08,52.2400016784668,52.27000045776367,51.16999816894531,51.220001220703125,50.6566162109375,4051200
2022-06-09,51.08000183105469,51.7599983215332,50.38999938964844,50.43000030517578,49.875301361083984,3876700
2022-06-10,50.13999938964844,51.4900016784668,50.0,51.09000015258789,50.52804183959961,4839900
2022-06-13,50.56999969482422,51.029998779296875,50.11000061035156,50.33000183105469,49.776405334472656,5447400
2022-06-14,50.45000076293945,51.119998931884766,50.099998474121094,50.38999938964844,49.83574295043945,5567500
2022-06-15,50.630001068115234,51.4900016784668,50.38999938964844,50.880001068115234,50.32035446166992,6177000
2022-06-16,48.34000015258789,50.90999984741211,48.33000183105469,49.81999969482422,49.27201461791992,13182700
2022-06-17,50.13999938964844,50.25,45.720001220703125,46.20000076293945,45.691829681396484,21124500
2022-06-21,46.08000183105469,48.650001525878906,45.900001525878906,48.400001525878906,47.86763000488281,8713900
2022-06-22,48.09000015258789,48.5099983215332,47.290000915527344,47.34000015258789,46.81929016113281,5212800
2022-06-23,48.18000030517578,48.41999816894531,47.380001068115234,47.72999954223633,47.20500183105469,6224800
2022-06-24,48.04999923706055,48.709999084472656,47.720001220703125,48.45000076293945,47.91707992553711,10800100
2022-06-27,48.56999969482422,49.20000076293945,48.34000015258789,48.70000076293945,48.164329528808594,4333700
2022-06-28,49.040000915527344,49.38999938964844,48.36000061035156,48.43000030517578,47.897300720214844,3684700
2022-06-29,48.869998931884766,49.560001373291016,48.0,48.11000061035156,47.5808219909668,4674200
2022-06-30,47.720001220703125,47.9900016784668,47.119998931884766,47.33000183105469,46.80940246582031,6448600
2022-07-01,47.61000061035156,48.13999938964844,47.09000015258789,48.13999938964844,47.61049270629883,4131000
2022-07-05,48.380001068115234,48.4900016784668,46.779998779296875,47.22999954223633,46.71050262451172,4416300
2022-07-06,47.189998626708984,47.689998626708984,46.9900016784668,47.400001525878906,46.878631591796875,4404000
2022-07-07,47.689998626708984,48.84000015258789,47.540000915527344,48.7400016784668,48.20389175415039,5002900
2022-07-08,49.0099983215332,49.25,47.720001220703125,48.02000045776367,47.4918098449707,4100000
2022-07-11,48.0,48.380001068115234,47.81999969482422,47.900001525878906,47.373130798339844,3411800
2022-07-12,47.900001525878906,48.470001220703125,47.439998626708984,47.599998474121094,47.0764274597168,4249700
2022-07-13,47.63999938964844,48.4900016784668,47.63999938964844,47.95000076293945,47.422584533691406,5326600
2022-07-14,47.310001373291016,47.91999816894531,46.689998626708984,47.5,46.97753143310547,5250900
2022-07-15,47.849998474121094,48.06999969482422,47.529998779296875,47.75,47.22478103637695,3684800
2022-07-18,47.9900016784668,48.38999938964844,47.400001525878906,47.529998779296875,47.007198333740234,3694400
2022-07-19,47.9900016784668,48.06999969482422,47.16999816894531,47.29999923706055,46.779727935791016,4363400
2022-07-20,47.29999923706055,47.47999954223633,46.77000045776367,47.20000076293945,46.68083190917969,5354400
2022-07-21,47.04999923706055,47.16999816894531,45.790000915527344,46.279998779296875,45.77094650268555,5211800
2022-07-22,46.29999923706055,46.66999816894531,46.040000915527344,46.2400016784668,45.73139190673828,4458500
2022-07-25,46.25,46.439998626708984,45.41999816894531,45.709999084472656,45.207218170166016,6041600
2022-07-26,44.86000061035156,46.099998474121094,44.34000015258789,46.02000045776367,45.51380920410156,7518500
2022-07-27,45.880001068115234,45.97999954223633,45.13999938964844,45.939998626708984,45.434688568115234,4764200
2022-07-28,45.880001068115234,46.33000183105469,45.84000015258789,46.040000915527344,45.533592224121094,3631100
2022-07-29,45.77000045776367,46.47999954223633,45.52000045776367,46.439998626708984,45.9291877746582,4180200
2022-08-01,46.2599983215332,47.369998931884766,46.2599983215332,46.7400016784668,46.22589111328125,4330600
2022-08-02,47.0,47.150001525878906,46.11000061035156,46.779998779296875,46.26544952392578,3863300
2022-08-03,46.81999969482422,47.189998626708984,46.349998474121094,46.970001220703125,46.45336151123047,3487500
2022-08-04,47.0099983215332,47.66999816894531,46.630001068115234,46.70000076293945,46.18632888793945,4882200
2022-08-05,46.93000030517578,47.310001373291016,46.81999969482422,47.25,46.730281829833984,3541600
2022-08-08,47.310001373291016,47.61000061035156,46.959999084472656,47.09000015258789,46.57204055786133,2975700
2022-08-09,47.06999969482422,47.58000183105469,46.619998931884766,46.869998931884766,46.35445785522461,4293700
2022-08-10,47.16999816894531,47.31999969482422,46.63999938964844,46.790000915527344,46.27534103393555,6233400
2022-08-11,46.939998626708984,47.790000915527344,46.709999084472656,47.189998626708984,46.670936584472656,3766800
2022-08-12,47.08000183105469,47.27000045776367,46.619998931884766,47.209999084472656,46.94939041137695,4063100
2022-08-15,47.119998931884766,47.709999084472656,46.7599983215332,47.52000045776367,47.25768280029297,4564700
2022-08-16,47.7599983215332,49.380001068115234,47.7599983215332,49.08000183105469,48.8090705871582,8608400
2022-08-17,48.91999816894531,49.349998474121094,48.459999084472656,48.54999923706055,48.2819938659668,7550800
2022-08-18,48.619998931884766,49.68000030517578,48.619998931884766,49.619998931884766,49.34608840942383,5697800
2022-08-19,49.709999084472656,50.290000915527344,49.33000183105469,49.5,49.22675323486328,6426900
2022-08-22,49.56999969482422,50.18000030517578,49.54999923706055,50.119998931884766,49.843326568603516,4404700
2022-08-23,50.119998931884766,50.34000015258789,49.16999816894531,49.599998474121094,49.32619857788086,5798200
2022-08-24,49.61000061035156,49.790000915527344,49.2400016784668,49.65999984741211,49.385868072509766,4350100
2022-08-25,49.599998474121094,49.599998474121094,48.43000030517578,49.31999969482422,49.04774475097656,4999400
2022-08-26,49.400001525878906,49.529998779296875,48.349998474121094,48.380001068115234,48.11293411254883,2886000
2022-08-29,48.119998931884766,48.52000045776367,47.720001220703125,48.29999923706055,48.03337478637695,2839600
2022-08-30,48.38999938964844,48.40999984741211,47.40999984741211,47.5099983215332,47.24773406982422,3564800
2022-08-31,47.58000183105469,48.189998626708984,47.47999954223633,47.939998626708984,47.67536163330078,5408100
2022-09-01,47.91999816894531,49.400001525878906,47.90999984741211,48.61000061035156,48.34166717529297,7283900
2022-09-02,48.900001525878906,49.349998474121094,48.290000915527344,48.43000030517578,48.16265869140625,4086400
2022-09-06,48.880001068115234,49.560001373291016,48.38999938964844,48.52000045776367,48.25216293334961,6189700
2022-09-07,48.720001220703125,49.900001525878906,48.720001220703125,49.81999969482422,49.544986724853516,6012400
2022-09-08,49.70000076293945,50.13999938964844,47.939998626708984,48.36000061035156,48.09304428100586,9401600
2022-09-09,49.34000015258789,52.0,48.560001373291016,51.939998626708984,51.653282165527344,13877700
2022-09-12,51.810001373291016,51.810001373291016,50.22999954223633,50.540000915527344,50.26101303100586,9407400
2022-09-13,50.27000045776367,51.7400016784668,49.130001068115234,49.369998931884766,49.097469329833984,6987100
2022-09-14,49.5,49.650001525878906,48.310001373291016,48.939998626708984,48.66984176635742,5937900
2022-09-15,49.150001525878906,49.189998626708984,47.470001220703125,47.880001068115234,47.61569595336914,6305800
2022-09-16,47.7599983215332,47.970001220703125,46.9900016784668,47.279998779296875,47.019004821777344,13928800
2022-09-19,46.880001068115234,47.790000915527344,46.70000076293945,47.45000076293945,47.18806838989258,5997300
2022-09-20,47.119998931884766,47.25,46.470001220703125,46.91999816894531,46.66099166870117,4566800
2022-09-21,47.02000045776367,47.150001525878906,45.27000045776367,45.27000045776367,45.020103454589844,6223700
2022-09-22,45.11000061035156,45.869998931884766,45.0099983215332,45.5,45.24883270263672,5211900
2022-09-23,45.02000045776367,45.08000183105469,44.11000061035156,44.86000061035156,44.61236572265625,5965800
2022-09-26,44.79999923706055,45.279998779296875,44.380001068115234,45.0,44.751590728759766,5785200
2022-09-27,45.18000030517578,45.29999923706055,44.189998626708984,44.290000915527344,44.04551315307617,4591200
2022-09-28,44.56999969482422,45.65999984741211,43.810001373291016,45.45000076293945,45.1991081237793,6285000
2022-09-29,45.209999084472656,45.529998779296875,44.52000045776367,44.68000030517578,44.4333610534668,4046400
2022-09-30,44.779998779296875,44.880001068115234,43.56999969482422,43.75,43.50849151611328,5625800
2022-10-03,43.83000183105469,44.08000183105469,43.290000915527344,43.75,43.50849151611328,8225500
2022-10-04,44.15999984741211,44.84000015258789,44.02000045776367,44.70000076293945,44.453250885009766,4973300
2022-10-05,44.4900016784668,44.959999084472656,44.0099983215332,44.599998474121094,44.353797912597656,4085000
2022-10-06,44.59000015258789,44.84000015258789,43.66999816894531,43.720001220703125,43.478660583496094,3836400
2022-10-07,43.65999984741211,43.779998779296875,42.810001373291016,43.0,42.76263427734375,5269900
2022-10-10,43.5099983215332,44.34000015258789,43.45000076293945,44.2599983215332,44.01567459106445,4213300
2022-10-11,44.2400016784668,45.970001220703125,44.09000015258789,45.68000030517578,45.42783737182617,7378400
2022-10-12,45.790000915527344,46.689998626708984,45.630001068115234,46.040000915527344,45.78585433959961,7441200
2022-10-13,45.7599983215332,48.36000061035156,44.779998779296875,46.56999969482422,46.31292724609375,27509100
2022-10-14,45.150001525878906,46.2400016784668,42.36000061035156,43.15999984741211,42.921749114990234,19688900
2022-10-17,43.310001373291016,43.47999954223633,41.81999969482422,42.11000061035156,41.87754821777344,11020300
2022-10-18,42.56999969482422,43.31999969482422,42.36000061035156,43.15999984741211,42.921749114990234,8771000
2022-10-19,43.279998779296875,43.65999984741211,42.90999984741211,42.939998626708984,42.70296096801758,7653200
2022-10-20,42.939998626708984,43.09000015258789,42.09000015258789,42.16999816894531,41.93721389770508,6084600
2022-10-21,42.34000015258789,43.970001220703125,42.150001525878906,43.630001068115234,43.389156341552734,7103800
2022-10-24,43.72999954223633,44.16999816894531,42.849998474121094,43.9900016784668,43.747169494628906,5418100
2022-10-25,43.83000183105469,44.93000030517578,43.75,44.77000045776367,44.52286148071289,4730700
2022-10-26,44.93000030517578,45.90999984741211,44.91999816894531,45.439998626708984,45.18916320800781,6610400
2022-10-27,45.619998931884766,46.02000045776367,45.4900016784668,45.68000030517578,45.42783737182617,3638500
2022-10-28,45.95000076293945,47.40999984741211,45.900001525878906,46.77000045776367,46.51182174682617,4052300
2022-10-31,46.7599983215332,47.47999954223633,46.72999954223633,47.290000915527344,47.028953552246094,4638000
2022-11-01,47.630001068115234,47.790000915527344,46.810001373291016,47.16999816894531,46.909610748291016,3864500
2022-11-02,47.040000915527344,47.650001525878906,46.54999923706055,46.560001373291016,46.302982330322266,4018000
2022-11-03,46.310001373291016,47.29999923706055,46.0099983215332,47.220001220703125,46.9593391418457,4107600
2022-11-04,47.43000030517578,47.619998931884766,45.619998931884766,46.400001525878906,46.14386749267578,4357800
2022-11-07,46.619998931884766,46.95000076293945,46.310001373291016,46.849998474121094,46.59137725830078,2887100
2022-11-08,46.79999923706055,47.36000061035156,46.70000076293945,47.119998931884766,46.85988998413086,3839700
2022-11-09,48.279998779296875,49.56999969482422,47.97999954223633,48.060001373291016,47.794700622558594,6522600
2022-11-10,48.61000061035156,48.63999938964844,46.959999084472656,48.11000061035156,47.844425201416016,5721900
2022-11-11,48.150001525878906,48.150001525878906,45.90999984741211,47.099998474121094,46.84000015258789,8480600
2022-11-14,47.25,47.59000015258789,46.52000045776367,46.560001373291016,46.560001373291016,5400500
2022-11-15,47.029998779296875,47.279998779296875,46.27000045776367,46.869998931884766,46.869998931884766,5276900
2022-11-16,47.0099983215332,48.119998931884766,46.83000183105469,47.83000183105469,47.83000183105469,6961900
2022-11-17,47.529998779296875,48.43000030517578,47.5,48.18000030517578,48.18000030517578,4433000
2022-11-18,48.650001525878906,48.86000061035156,47.849998474121094,48.2599983215332,48.2599983215332,4656600
2022-11-21,48.11000061035156,48.400001525878906,47.61000061035156,48.119998931884766,48.119998931884766,3524500
2022-11-22,48.540000915527344,48.66999816894531,47.959999084472656,48.08000183105469,48.08000183105469,3597200
2022-11-23,48.16999816894531,48.25,47.619998931884766,47.84000015258789,47.84000015258789,4091700
2022-11-25,47.900001525878906,49.040000915527344,47.900001525878906,49.040000915527344,49.040000915527344,2438800
2022-11-28,48.91999816894531,49.38999938964844,48.47999954223633,48.83000183105469,48.83000183105469,5846200
2022-11-29,49.0,49.7400016784668,48.709999084472656,49.349998474121094,49.349998474121094,6008000
2022-11-30,48.959999084472656,49.41999816894531,48.439998626708984,49.189998626708984,49.189998626708984,10713400
2022-12-01,50.349998474121094,50.40999984741211,47.650001525878906,48.40999984741211,48.40999984741211,10564400
2022-12-02,48.29999923706055,48.56999969482422,47.279998779296875,47.56999969482422,47.56999969482422,5145200
2022-12-05,47.209999084472656,47.41999816894531,45.54999923706055,46.06999969482422,46.06999969482422,7997900
2022-12-06,46.33000183105469,46.72999954223633,45.93000030517578,46.33000183105469,46.33000183105469,4102400
2022-12-07,46.459999084472656,47.060001373291016,46.36000061035156,46.939998626708984,46.939998626708984,4855400
2022-12-08,46.83000183105469,47.540000915527344,46.41999816894531,47.459999084472656,47.459999084472656,3792600
2022-12-09,47.189998626708984,47.5,46.459999084472656,46.470001220703125,46.470001220703125,5210300
2022-12-12,46.540000915527344,46.83000183105469,46.040000915527344,46.709999084472656,46.709999084472656,4260500
2022-12-13,46.79999923706055,46.88999938964844,45.43000030517578,45.45000076293945,45.45000076293945,6225300
2022-12-14,45.369998931884766,45.65999984741211,44.58000183105469,44.7599983215332,44.7599983215332,5731700
2022-12-15,44.2599983215332,44.45000076293945,43.31999969482422,43.4900016784668,43.4900016784668,7070200
2022-12-16,43.2599983215332,44.439998626708984,43.060001373291016,44.31999969482422,44.31999969482422,13022400
2022-12-19,44.310001373291016,44.77000045776367,43.9900016784668,44.400001525878906,44.400001525878906,4556200
2022-12-20,44.27000045776367,44.970001220703125,44.20000076293945,44.58000183105469,44.58000183105469,4444400
2022-12-21,44.54999923706055,44.810001373291016,44.310001373291016,44.459999084472656,44.459999084472656,3486200
2022-12-22,44.560001373291016,45.2599983215332,44.22999954223633,45.25,45.25,4340400
2022-12-23,45.25,46.06999969482422,45.25,45.88999938964844,45.88999938964844,4693200
2022-12-27,45.91999816894531,46.36000061035156,45.83000183105469,45.95000076293945,45.95000076293945,4601000
2022-12-28,45.939998626708984,46.15999984741211,44.56999969482422,44.58000183105469,44.58000183105469,4223900
2022-12-29,44.68000030517578,44.779998779296875,44.40999984741211,44.619998931884766,44.619998931884766,2897600
2022-12-30,44.4900016784668,44.84000015258789,44.2400016784668,44.58000183105469,44.58000183105469,3626000
2023-01-03,44.47999954223633,45.0,44.220001220703125,44.470001220703125,44.470001220703125,3570100
2023-01-04,44.400001525878906,45.5099983215332,44.06999969482422,44.970001220703125,44.970001220703125,4299700
2023-01-05,44.779998779296875,45.2400016784668,44.209999084472656,45.15999984741211,45.15999984741211,4749800
2023-01-06,45.31999969482422,45.97999954223633,45.2599983215332,45.7400016784668,45.7400016784668,4385800
2023-01-09,45.9900016784668,46.45000076293945,45.790000915527344,46.189998626708984,46.189998626708984,4736600
2023-01-10,46.27000045776367,46.63999938964844,45.79999923706055,45.97999954223633,45.97999954223633,3434600
2023-01-11,46.189998626708984,46.279998779296875,45.09000015258789,45.61000061035156,45.61000061035156,4994300
2023-01-12,45.72999954223633,45.83000183105469,45.18000030517578,45.66999816894531,45.66999816894531,3312400
2023-01-13,45.5,45.66999816894531,44.86000061035156,45.220001220703125,45.220001220703125,3428700
