Date,Open,High,Low,Close,Adj Close,Volume
2022-01-18,61.5,61.65999984741211,60.66999816894531,60.90999984741211,60.65507507324219,421400
2022-01-19,61.099998474121094,61.099998474121094,59.52000045776367,59.59000015258789,59.34060287475586,364300
2022-01-20,59.66999816894531,60.58000183105469,58.959999084472656,59.09000015258789,58.84269714355469,449800
2022-01-21,59.11000061035156,59.31999969482422,57.95000076293945,58.150001525878906,57.9066276550293,482800
2022-01-24,57.529998779296875,59.099998474121094,56.939998626708984,58.959999084472656,58.71323776245117,875000
2022-01-25,58.189998626708984,58.869998931884766,56.90999984741211,58.31999969482422,58.0759162902832,799600
2022-01-26,58.75,59.40999984741211,57.9900016784668,58.650001525878906,58.40453338623047,576600
2022-01-27,59.15999984741211,60.0099983215332,57.900001525878906,58.27000045776367,58.026126861572266,558500
2022-01-28,58.060001373291016,58.900001525878906,57.70000076293945,58.88999938964844,58.643531799316406,836900
2022-01-31,58.29999923706055,59.75,57.9900016784668,59.65999984741211,59.410308837890625,1536000
2022-02-01,59.63999938964844,60.75,59.400001525878906,60.58000183105469,60.32646179199219,641300
2022-02-02,60.52000045776367,61.459999084472656,60.5,61.38999938964844,61.13307189941406,645600
2022-02-03,61.75,61.95000076293945,60.959999084472656,61.099998474121094,60.84428405761719,479000
2022-02-04,61.0099983215332,61.86000061035156,60.810001373291016,61.27000045776367,61.013572692871094,590800
2022-02-07,61.7599983215332,63.189998626708984,60.5,60.83000183105469,60.575416564941406,881500
2022-02-08,61.29999923706055,62.040000915527344,61.209999084472656,61.75,61.49156188964844,753700
2022-02-09,62.029998779296875,62.11000061035156,61.52000045776367,61.58000183105469,61.3222770690918,485300
2022-02-10,61.0099983215332,62.45000076293945,61.0099983215332,62.099998474121094,61.84009552001953,1162400
2022-02-11,61.90999984741211,62.72999954223633,61.380001068115234,61.63999938964844,61.382022857666016,1013200
2022-02-14,61.88999938964844,62.060001373291016,60.470001220703125,61.130001068115234,60.8741569519043,1007700
2022-02-15,61.58000183105469,62.02000045776367,61.15999984741211,61.45000076293945,61.19281768798828,631000
2022-02-16,61.20000076293945,62.13999938964844,60.689998626708984,62.060001373291016,61.800262451171875,681400
2022-02-17,61.439998626708984,61.7400016784668,60.849998474121094,61.0,60.74470138549805,575500
2022-02-18,60.77000045776367,61.90999984741211,60.68000030517578,61.599998474121094,61.34218978881836,763500
2022-02-22,61.650001525878906,61.7599983215332,60.59000015258789,61.0099983215332,60.816856384277344,663300
2022-02-23,61.34000015258789,61.630001068115234,59.95000076293945,60.150001525878906,59.9595832824707,675800
2022-02-24,58.529998779296875,59.119998931884766,57.560001373291016,59.0,58.8132209777832,1050800
2022-02-25,59.650001525878906,61.93000030517578,59.63999938964844,61.83000183105469,61.63426208496094,1064300
2022-02-28,60.02000045776367,61.4900016784668,60.02000045776367,61.34000015258789,61.14581298828125,963600
2022-03-01,61.02000045776367,61.22999954223633,59.47999954223633,59.709999084472656,59.520973205566406,968700
2022-03-02,60.43000030517578,61.880001068115234,60.380001068115234,61.4900016784668,61.29534149169922,695300
2022-03-03,61.5099983215332,61.90999984741211,61.0099983215332,61.540000915527344,61.345184326171875,419800
2022-03-04,60.119998931884766,61.0,59.939998626708984,60.880001068115234,60.68727111816406,658900
2022-03-07,60.290000915527344,60.689998626708984,59.66999816894531,59.68000030517578,59.49106979370117,1012700
2022-03-08,60.439998626708984,61.20000076293945,59.7599983215332,60.060001373291016,59.869869232177734,1118800
2022-03-09,61.459999084472656,62.34000015258789,60.9900016784668,61.029998779296875,60.836795806884766,900200
2022-03-10,60.36000061035156,61.20000076293945,60.36000061035156,60.900001525878906,60.707210540771484,961600
2022-03-11,61.22999954223633,61.869998931884766,60.7599983215332,60.880001068115234,60.68727111816406,648400
2022-03-14,61.900001525878906,62.29999923706055,61.20000076293945,61.66999816894531,61.47476577758789,715900
2022-03-15,62.130001068115234,62.689998626708984,61.68000030517578,62.66999816894531,62.47160720825195,922300
2022-03-16,62.79999923706055,63.34000015258789,62.29999923706055,63.310001373291016,63.109580993652344,1526200
2022-03-17,62.88999938964844,63.79999923706055,62.47999954223633,63.79999923706055,63.598026275634766,980900
2022-03-18,63.720001220703125,63.720001220703125,62.38999938964844,63.2599983215332,63.05973434448242,2788300
2022-03-21,63.65999984741211,64.04000091552734,63.220001220703125,63.9900016784668,63.78742980957031,1001600
2022-03-22,64.19999694824219,64.9000015258789,64.02999877929688,64.52999877929688,64.32571411132812,800800
2022-03-23,64.38999938964844,64.61000061035156,63.88999938964844,63.900001525878906,63.69771194458008,466000
2022-03-24,64.0999984741211,64.7699966430664,63.939998626708984,64.61000061035156,64.40546417236328,740900
2022-03-25,64.6500015258789,65.52999877929688,64.5,65.5,65.29264831542969,1052700
2022-03-28,65.2300033569336,65.47000122070312,64.62000274658203,65.33999633789062,65.13314819335938,745900
2022-03-29,66.0,66.0,65.12000274658203,65.62000274658203,65.41226959228516,625800
2022-03-30,65.80999755859375,65.91000366210938,65.1500015258789,65.52999877929688,65.32254028320312,446300
2022-03-31,65.36000061035156,65.94999694824219,64.77999877929688,64.81999969482422,64.61479949951172,807100
2022-04-01,65.69000244140625,65.7699966430664,64.93000030517578,65.26000213623047,65.05340576171875,638700
2022-04-04,65.0,65.16999816894531,63.77000045776367,63.86000061035156,63.6578369140625,682100
2022-04-05,63.86000061035156,64.51000213623047,63.11000061035156,63.29999923706055,63.099609375,1131900
2022-04-06,63.16999816894531,63.939998626708984,62.959999084472656,63.36000061035156,63.159420013427734,887100
2022-04-07,64.11000061035156,64.11000061035156,62.77000045776367,63.560001373291016,63.358787536621094,1087800
2022-04-08,63.7599983215332,64.62999725341797,63.59000015258789,64.43000030517578,64.22602844238281,682900
2022-04-11,64.44000244140625,65.1500015258789,64.44000244140625,64.66000366210938,64.45530700683594,523500
2022-04-12,64.6500015258789,65.25,64.29000091552734,64.51000213623047,64.3057861328125,555800
2022-04-13,64.30000305175781,64.93000030517578,64.01000213623047,64.76000213623047,64.55499267578125,629100
2022-04-14,64.83000183105469,65.41999816894531,64.83000183105469,65.1500015258789,64.94375610351562,540200
2022-04-18,64.77999877929688,65.68000030517578,64.77999877929688,65.5,65.29264831542969,690000
2022-04-19,65.58000183105469,65.87999725341797,64.9800033569336,65.68000030517578,65.47207641601562,865800
2022-04-20,66.0,67.44999694824219,65.83000183105469,67.36000061035156,67.14675903320312,1287300
2022-04-21,67.5,68.19999694824219,66.5999984741211,66.66000366210938,66.448974609375,995100
2022-04-22,66.2699966430664,66.4000015258789,64.68000030517578,64.70999908447266,64.5051498413086,849800
2022-04-25,64.20999908447266,64.83000183105469,62.91999816894531,64.68000030517578,64.4752426147461,990200
2022-04-26,64.19000244140625,64.9000015258789,63.41999816894531,63.439998626708984,63.239166259765625,615700
2022-04-27,63.75,64.73999786376953,63.38999938964844,64.11000061035156,63.90704345703125,581100
2022-04-28,64.58000183105469,64.7300033569336,63.72999954223633,64.58000183105469,64.37555694580078,864700
2022-04-29,64.12999725341797,64.44999694824219,62.599998474121094,62.84000015258789,62.64106750488281,1140700
2022-05-02,62.93000030517578,63.04999923706055,60.45000076293945,61.56999969482422,61.37508773803711,1123200
2022-05-03,62.06999969482422,63.25,61.66999816894531,62.790000915527344,62.59122848510742,1143700
2022-05-04,63.060001373291016,64.88999938964844,62.970001220703125,64.8499984741211,64.64469909667969,645000
2022-05-05,64.25,64.70999908447266,63.119998931884766,63.7599983215332,63.55815124511719,604900
2022-05-06,63.720001220703125,64.7699966430664,63.22999954223633,64.44000244140625,64.23600769042969,917200
2022-05-09,64.05000305175781,64.52999877929688,62.810001373291016,63.08000183105469,62.880306243896484,825500
2022-05-10,63.45000076293945,64.22000122070312,62.279998779296875,62.72999954223633,62.53141403198242,1022700
2022-05-11,62.90999984741211,63.880001068115234,62.310001373291016,62.380001068115234,62.18252182006836,883200
2022-05-12,62.34000015258789,62.63999938964844,60.959999084472656,61.939998626708984,61.74391555786133,1040500
2022-05-13,62.41999816894531,63.40999984741211,62.38999938964844,63.150001525878906,62.9500846862793,691300
2022-05-16,63.150001525878906,63.88999938964844,62.900001525878906,63.099998474121094,62.90024185180664,1089900
2022-05-17,63.79999923706055,64.88999938964844,63.7599983215332,64.80000305175781,64.59485626220703,1304100
2022-05-18,64.4800033569336,64.6500015258789,63.279998779296875,63.459999084472656,63.25910186767578,949900
2022-05-19,62.709999084472656,63.33000183105469,61.619998931884766,62.939998626708984,62.74074935913086,1253300
2022-05-20,63.2400016784668,63.65999984741211,61.95000076293945,62.790000915527344,62.59122848510742,3710800
2022-05-23,63.88999938964844,64.44999694824219,63.38999938964844,64.0999984741211,63.89707946777344,1277700
2022-05-24,63.93000030517578,64.16000366210938,62.58000183105469,63.93000030517578,63.79030990600586,909500
2022-05-25,63.4900016784668,64.30000305175781,63.4900016784668,64.19999694824219,64.0597152709961,1487200
2022-05-26,64.87000274658203,65.06999969482422,64.68000030517578,64.77999877929688,64.6384506225586,695700
2022-05-27,64.88999938964844,65.94999694824219,64.7300033569336,65.93000030517578,65.78594207763672,910300
2022-05-31,65.51000213623047,66.33999633789062,64.93000030517578,65.48999786376953,65.3469009399414,1985800
2022-06-01,65.4800033569336,65.79000091552734,63.650001525878906,64.75,64.60851287841797,741300
2022-06-02,64.93000030517578,65.37999725341797,63.91999816894531,65.37000274658203,65.22716522216797,577700
2022-06-03,64.83999633789062,65.19000244140625,64.52999877929688,64.73999786376953,64.59854125976562,503000
2022-06-06,65.20999908447266,65.5199966430664,64.30000305175781,64.48999786376953,64.34908294677734,777800
2022-06-07,64.19999694824219,64.88999938964844,63.790000915527344,64.8499984741211,64.70829772949219,1200900
2022-06-08,64.22000122070312,64.29000091552734,63.400001525878906,63.40999984741211,63.271446228027344,687100
2022-06-09,63.369998931884766,63.459999084472656,61.540000915527344,61.56999969482422,61.43546676635742,675300
2022-06-10,60.25,61.0099983215332,60.25,60.34000015258789,60.20815658569336,1219700
2022-06-13,59.2599983215332,59.869998931884766,58.0,58.310001373291016,58.18259048461914,1086200
2022-06-14,58.5099983215332,59.33000183105469,58.34000015258789,58.540000915527344,58.412086486816406,1109100
2022-06-15,59.150001525878906,59.7400016784668,58.529998779296875,58.90999984741211,58.781280517578125,1373400
2022-06-16,57.86000061035156,58.220001220703125,56.68000030517578,56.900001525878906,56.775672912597656,1318200
2022-06-17,57.279998779296875,57.90999984741211,56.72999954223633,57.540000915527344,57.41427230834961,2174000
2022-06-21,58.709999084472656,58.95000076293945,57.88999938964844,58.4900016784668,58.36219787597656,1305500
2022-06-22,57.56999969482422,58.939998626708984,57.56999969482422,58.40999984741211,58.282371520996094,1115000
2022-06-23,58.34000015258789,58.880001068115234,57.4900016784668,58.02000045776367,57.89322280883789,703900
2022-06-24,58.400001525878906,59.900001525878906,58.400001525878906,59.77000045776367,59.639400482177734,1645600
2022-06-27,59.959999084472656,60.2400016784668,59.459999084472656,59.790000915527344,59.659358978271484,753000
2022-06-28,60.369998931884766,60.79999923706055,59.47999954223633,59.529998779296875,59.39992141723633,624300
2022-06-29,59.75,59.779998779296875,58.97999954223633,59.040000915527344,58.91099548339844,496000
2022-06-30,58.369998931884766,59.650001525878906,58.20000076293945,59.2599983215332,59.13051223754883,914500
2022-07-01,59.189998626708984,60.189998626708984,58.84000015258789,60.150001525878906,60.01856994628906,864200
2022-07-05,59.279998779296875,59.33000183105469,57.75,58.47999954223633,58.35221862792969,772000
2022-07-06,58.40999984741211,59.02000045776367,57.529998779296875,58.529998779296875,58.40210723876953,574700
2022-07-07,59.099998474121094,59.560001373291016,58.599998474121094,58.630001068115234,58.50189208984375,970100
2022-07-08,58.95000076293945,59.279998779296875,57.869998931884766,57.93000030517578,57.80342102050781,993000
2022-07-11,57.540000915527344,58.38999938964844,57.540000915527344,57.95000076293945,57.82337951660156,583300
2022-07-12,57.5099983215332,58.36000061035156,57.130001068115234,57.72999954223633,57.603858947753906,748800
2022-07-13,57.209999084472656,57.7400016784668,56.970001220703125,57.279998779296875,57.154842376708984,768300
2022-07-14,56.0,56.439998626708984,55.43000030517578,55.61000061035156,55.48849105834961,1046200
2022-07-15,56.470001220703125,56.81999969482422,56.0099983215332,56.45000076293945,56.326656341552734,796000
2022-07-18,56.93000030517578,57.25,56.119998931884766,56.2400016784668,56.11711502075195,795700
2022-07-19,56.90999984741211,57.779998779296875,56.90999984741211,57.72999954223633,57.603858947753906,676900
2022-07-20,57.56999969482422,57.95000076293945,57.25,57.70000076293945,57.57392120361328,616100
2022-07-21,57.380001068115234,57.43000030517578,56.650001525878906,57.400001525878906,57.27458190917969,494200
2022-07-22,57.5099983215332,57.84000015258789,56.66999816894531,57.04999923706055,56.92534255981445,472700
2022-07-25,57.459999084472656,58.09000015258789,57.189998626708984,57.81999969482422,57.693660736083984,437200
2022-07-26,57.849998474121094,58.209999084472656,57.52000045776367,57.869998931884766,57.74354934692383,429700
2022-07-27,58.119998931884766,58.290000915527344,57.2599983215332,58.0099983215332,57.883243560791016,733400
2022-07-28,58.08000183105469,58.290000915527344,56.52000045776367,57.7400016784668,57.61383819580078,575600
2022-07-29,57.97999954223633,58.630001068115234,57.97999954223633,58.25,58.12272262573242,693100
2022-08-01,56.47999954223633,56.97999954223633,54.630001068115234,55.650001525878906,55.528404235839844,1951800
2022-08-02,55.45000076293945,55.9900016784668,54.88999938964844,55.34000015258789,55.219078063964844,1176300
2022-08-03,55.61000061035156,55.849998474121094,54.900001525878906,55.34000015258789,55.219078063964844,1019900
2022-08-04,55.09000015258789,55.36000061035156,54.349998474121094,54.380001068115234,54.26118087768555,848300
2022-08-05,54.279998779296875,55.20000076293945,54.099998474121094,55.119998931884766,54.99955749511719,666500
2022-08-08,55.470001220703125,56.130001068115234,55.36000061035156,55.369998931884766,55.24901580810547,748300
2022-08-09,55.61000061035156,56.22999954223633,55.59000015258789,56.060001373291016,55.93750762939453,601100
2022-08-10,56.61000061035156,57.04999923706055,56.5099983215332,56.9900016784668,56.865478515625,713800
2022-08-11,57.400001525878906,57.81999969482422,57.380001068115234,57.5099983215332,57.38433837890625,499300
2022-08-12,57.72999954223633,58.720001220703125,57.72999954223633,58.709999084472656,58.58171463012695,651900
2022-08-15,58.04999923706055,58.650001525878906,57.849998474121094,58.47999954223633,58.35221862792969,560400
2022-08-16,58.290000915527344,58.939998626708984,58.290000915527344,58.79999923706055,58.73479461669922,574400
2022-08-17,58.27000045776367,58.97999954223633,58.27000045776367,58.470001220703125,58.4051628112793,1022300
2022-08-18,58.529998779296875,58.959999084472656,58.529998779296875,58.95000076293945,58.88462829589844,598500
2022-08-19,58.849998474121094,58.95000076293945,58.119998931884766,58.2400016784668,58.1754150390625,1339200
2022-08-22,57.61000061035156,57.7599983215332,56.869998931884766,56.959999084472656,56.89683532714844,726700
2022-08-23,57.290000915527344,57.38999938964844,56.72999954223633,57.0,56.936790466308594,696300
2022-08-24,56.970001220703125,57.25,56.7400016784668,57.189998626708984,57.12657928466797,755000
2022-08-25,57.54999923706055,57.959999084472656,57.130001068115234,57.95000076293945,57.885738372802734,477900
2022-08-26,58.060001373291016,58.380001068115234,56.779998779296875,56.79999923706055,56.73701095581055,652900
2022-08-29,56.439998626708984,57.04999923706055,56.20000076293945,56.47999954223633,56.41736602783203,763600
2022-08-30,56.41999816894531,56.790000915527344,55.61000061035156,55.7400016784668,55.67818832397461,925200
2022-08-31,55.90999984741211,56.11000061035156,55.29999923706055,55.310001373291016,55.24866485595703,1170200
2022-09-01,55.15999984741211,55.529998779296875,54.709999084472656,55.5099983215332,55.44844055175781,854200
2022-09-02,56.18000030517578,56.869998931884766,55.18000030517578,55.43000030517578,55.3685302734375,823500
2022-09-06,55.900001525878906,56.119998931884766,55.18000030517578,55.33000183105469,55.26864242553711,1177000
2022-09-07,55.18000030517578,56.43000030517578,55.18000030517578,56.22999954223633,56.16764450073242,1016900
2022-09-08,56.0,56.75,55.68000030517578,56.66999816894531,56.607154846191406,891300
2022-09-09,56.810001373291016,57.29999923706055,56.72999954223633,56.86000061035156,56.79694747924805,768900
2022-09-12,57.25,57.790000915527344,57.029998779296875,57.45000076293945,57.38629150390625,764500
2022-09-13,56.68000030517578,57.04999923706055,55.7400016784668,55.849998474121094,55.788063049316406,946500
2022-09-14,56.09000015258789,56.22999954223633,55.040000915527344,55.369998931884766,55.308597564697266,1242200
2022-09-15,55.54999923706055,56.08000183105469,55.29999923706055,55.41999816894531,55.35853958129883,961300
2022-09-16,55.02000045776367,55.02000045776367,53.7400016784668,53.959999084472656,53.90016174316406,2780800
2022-09-19,53.45000076293945,55.130001068115234,53.45000076293945,55.11000061035156,55.048885345458984,1150500
2022-09-20,54.599998474121094,54.77000045776367,53.25,53.79999923706055,53.74033737182617,1086900
2022-09-21,54.099998474121094,54.5,52.849998474121094,52.880001068115234,52.82136154174805,916800
2022-09-22,52.849998474121094,52.849998474121094,51.77000045776367,51.81999969482422,51.762535095214844,877700
2022-09-23,51.209999084472656,51.400001525878906,50.34000015258789,51.0,50.943443298339844,892100
2022-09-26,50.66999816894531,51.04999923706055,49.36000061035156,49.66999816894531,49.61491775512695,998100
2022-09-27,50.11000061035156,50.439998626708984,49.459999084472656,50.119998931884766,50.06441879272461,791400
2022-09-28,50.439998626708984,51.15999984741211,50.15999984741211,50.91999816894531,50.863529205322266,1133500
2022-09-29,50.54999923706055,50.90999984741211,50.04999923706055,50.77000045776367,50.71369934082031,1060000
2022-09-30,50.79999923706055,51.130001068115234,49.7599983215332,49.84000015258789,49.78472900390625,1318100
2022-10-03,50.47999954223633,51.900001525878906,49.77000045776367,51.52000045776367,51.462867736816406,990300
2022-10-04,52.0,53.279998779296875,52.0,53.189998626708984,53.13101577758789,910900
2022-10-05,52.70000076293945,53.09000015258789,52.54999923706055,52.79999923706055,52.74144744873047,774900
2022-10-06,52.36000061035156,52.630001068115234,52.119998931884766,52.150001525878906,52.09217071533203,806100
2022-10-07,51.90999984741211,51.939998626708984,51.040000915527344,51.349998474121094,51.293052673339844,760900
2022-10-10,51.619998931884766,51.97999954223633,51.27000045776367,51.43000030517578,51.37296676635742,461100
2022-10-11,51.31999969482422,52.619998931884766,51.31999969482422,51.91999816894531,51.862422943115234,627300
2022-10-12,51.790000915527344,52.06999969482422,51.47999954223633,51.47999954223633,51.42291259765625,554500
2022-10-13,51.040000915527344,53.869998931884766,50.68000030517578,53.65999984741211,53.600494384765625,878300
2022-10-14,54.189998626708984,54.59000015258789,52.88999938964844,53.0,52.941226959228516,842900
2022-10-17,53.790000915527344,54.27000045776367,53.369998931884766,53.599998474121094,53.540557861328125,889300
2022-10-18,54.779998779296875,55.119998931884766,54.20000076293945,54.61000061035156,54.549442291259766,864600
2022-10-19,54.470001220703125,55.13999938964844,54.02000045776367,54.540000915527344,54.47951889038086,617000
2022-10-20,54.040000915527344,54.88999938964844,53.560001373291016,53.63999938964844,53.58051681518555,624600
2022-10-21,53.88999938964844,55.54999923706055,53.63999938964844,55.5,55.438453674316406,874300
2022-10-24,55.84000015258789,56.4900016784668,55.59000015258789,55.849998474121094,55.788063049316406,603100
2022-10-25,55.36000061035156,55.959999084472656,55.06999969482422,55.7599983215332,55.69816207885742,715900
2022-10-26,56.220001220703125,56.29999923706055,55.7400016784668,55.970001220703125,55.90793228149414,524100
2022-10-27,56.5,57.15999984741211,56.2599983215332,56.36000061035156,56.29750061035156,768300
2022-10-28,56.790000915527344,58.060001373291016,56.720001220703125,57.9900016784668,57.92569351196289,785300
2022-10-31,57.25,57.84000015258789,56.36000061035156,57.02000045776367,56.95676803588867,1029500
2022-11-01,57.279998779296875,57.619998931884766,56.29999923706055,56.4900016784668,56.4273567199707,1014900
2022-11-02,56.22999954223633,57.0099983215332,55.41999816894531,55.5099983215332,55.44844055175781,812800
2022-11-03,54.939998626708984,55.619998931884766,54.52000045776367,55.220001220703125,55.15876388549805,554500
2022-11-04,55.91999816894531,56.33000183105469,54.9900016784668,55.470001220703125,55.40848922729492,687600
2022-11-07,55.939998626708984,55.939998626708984,55.04999923706055,55.599998474121094,55.5383415222168,688500
2022-11-08,55.59000015258789,55.869998931884766,54.93000030517578,55.650001525878906,55.588287353515625,488100
2022-11-09,55.380001068115234,55.439998626708984,54.27000045776367,54.459999084472656,54.39960479736328,662300
2022-11-10,56.0099983215332,56.63999938964844,55.59000015258789,56.59000015258789,56.527244567871094,774000
2022-11-11,57.130001068115234,57.130001068115234,55.720001220703125,55.970001220703125,55.90793228149414,659200
2022-11-14,55.97999954223633,56.790000915527344,55.41999816894531,55.4900016784668,55.428466796875,495700
2022-11-15,55.880001068115234,55.959999084472656,54.90999984741211,55.58000183105469,55.518367767333984,679400
2022-11-16,55.63999938964844,55.869998931884766,55.099998474121094,55.630001068115234,55.56830978393555,773000
2022-11-17,55.06999969482422,56.09000015258789,55.06999969482422,56.029998779296875,55.967864990234375,651600
2022-11-18,56.63999938964844,57.0099983215332,55.959999084472656,56.619998931884766,56.55720901489258,761500
2022-11-21,56.560001373291016,56.9900016784668,56.279998779296875,56.810001373291016,56.74700164794922,447000
2022-11-22,57.18000030517578,57.529998779296875,56.95000076293945,57.099998474121094,57.099998474121094,539500
2022-11-23,57.029998779296875,57.31999969482422,56.7599983215332,57.310001373291016,57.310001373291016,524400
2022-11-25,57.599998474121094,57.650001525878906,57.18000030517578,57.40999984741211,57.40999984741211,277900
2022-11-28,56.9900016784668,57.369998931884766,56.63999938964844,56.77000045776367,56.77000045776367,738700
2022-11-29,56.689998626708984,57.84000015258789,56.5099983215332,57.779998779296875,57.779998779296875,656100
2022-11-30,57.619998931884766,58.290000915527344,56.61000061035156,58.150001525878906,58.150001525878906,2660900
2022-12-01,58.65999984741211,58.869998931884766,57.650001525878906,58.040000915527344,58.040000915527344,861700
2022-12-02,57.58000183105469,57.77000045776367,56.900001525878906,57.66999816894531,57.66999816894531,699600
2022-12-05,57.369998931884766,57.40999984741211,56.099998474121094,56.33000183105469,56.33000183105469,667600
2022-12-06,56.310001373291016,57.209999084472656,56.08000183105469,57.119998931884766,57.119998931884766,875000
2022-12-07,57.029998779296875,57.63999938964844,56.16999816894531,56.2400016784668,56.2400016784668,835700
2022-12-08,56.380001068115234,56.779998779296875,56.119998931884766,56.380001068115234,56.380001068115234,522700
2022-12-09,56.189998626708984,56.849998474121094,55.939998626708984,56.47999954223633,56.47999954223633,933100
2022-12-12,56.41999816894531,56.79999923706055,56.15999984741211,56.689998626708984,56.689998626708984,750900
2022-12-13,57.90999984741211,58.119998931884766,56.459999084472656,56.75,56.75,963200
2022-12-14,56.65999984741211,57.45000076293945,55.95000076293945,56.25,56.25,1017100
2022-12-15,55.650001525878906,56.2400016784668,55.400001525878906,55.90999984741211,55.90999984741211,889300
2022-12-16,55.18000030517578,55.97999954223633,54.81999969482422,55.79999923706055,55.79999923706055,2822700
2022-12-19,55.86000061035156,56.380001068115234,54.81999969482422,54.95000076293945,54.95000076293945,1172500
2022-12-20,55.2400016784668,56.709999084472656,54.81999969482422,55.779998779296875,55.779998779296875,1406000
2022-12-21,56.349998474121094,57.43000030517578,56.27000045776367,57.41999816894531,57.41999816894531,1047300
2022-12-22,57.34000015258789,57.56999969482422,56.33000183105469,57.189998626708984,57.189998626708984,656700
2022-12-23,57.22999954223633,57.970001220703125,57.09000015258789,57.849998474121094,57.849998474121094,560100
2022-12-27,57.83000183105469,58.7599983215332,57.59000015258789,58.599998474121094,58.599998474121094,702700
2022-12-28,58.75,58.86000061035156,57.869998931884766,57.880001068115234,57.880001068115234,546600
2022-12-29,57.90999984741211,58.81999969482422,57.90999984741211,58.66999816894531,58.66999816894531,513400
2022-12-30,58.439998626708984,58.77000045776367,58.099998474121094,58.33000183105469,58.33000183105469,708200
2023-01-03,58.38999938964844,59.04999923706055,58.099998474121094,58.59000015258789,58.59000015258789,870100
2023-01-04,59.0099983215332,59.7599983215332,58.83000183105469,59.27000045776367,59.27000045776367,787600
2023-01-05,59.08000183105469,59.2400016784668,58.560001373291016,59.209999084472656,59.209999084472656,710600
2023-01-06,59.689998626708984,60.540000915527344,59.689998626708984,60.470001220703125,60.470001220703125,699100
2023-01-09,60.40999984741211,60.40999984741211,58.93000030517578,58.970001220703125,58.970001220703125,799900
2023-01-10,59.0099983215332,59.25,58.689998626708984,59.040000915527344,59.040000915527344,703100
2023-01-11,59.150001525878906,59.849998474121094,58.9900016784668,59.83000183105469,59.83000183105469,602900
2023-01-12,60.130001068115234,60.18000030517578,59.77000045776367,59.880001068115234,59.880001068115234,627500
2023-01-13,59.47999954223633,60.279998779296875,59.38999938964844,60.220001220703125,60.220001220703125,515300
