Date,Open,High,Low,Close,Adj Close,Volume
2022-01-18,40.97999954223633,41.27000045776367,40.439998626708984,40.720001220703125,38.78294372558594,1044300
2022-01-19,40.81999969482422,41.04999923706055,40.22999954223633,40.349998474121094,38.430538177490234,825100
2022-01-20,40.310001373291016,40.709999084472656,39.290000915527344,39.31999969482422,37.44953918457031,1155200
2022-01-21,39.220001220703125,39.70000076293945,38.779998779296875,39.029998779296875,37.17333221435547,1351100
2022-01-24,38.22999954223633,39.91999816894531,37.93000030517578,39.810001373291016,37.91623306274414,1732000
2022-01-25,39.04999923706055,40.68000030517578,38.689998626708984,40.20000076293945,38.287681579589844,2115900
2022-01-26,40.66999816894531,40.66999816894531,38.099998474121094,38.459999084472656,36.63044738769531,2024500
2022-01-27,38.75,39.20000076293945,37.599998474121094,37.88999938964844,36.08755874633789,1423800
2022-01-28,37.77000045776367,38.630001068115234,37.040000915527344,38.619998931884766,36.782840728759766,2189700
2022-01-31,38.52000045776367,40.0099983215332,38.27000045776367,39.849998474121094,37.95432662963867,7350300
2022-02-01,39.91999816894531,40.529998779296875,39.599998474121094,40.099998474121094,38.19242858886719,1612400
2022-02-02,40.099998474121094,40.41999816894531,39.0099983215332,39.25,37.382869720458984,1688900
2022-02-03,39.0099983215332,39.22999954223633,38.33000183105469,38.33000183105469,36.50663375854492,996200
2022-02-04,38.33000183105469,38.380001068115234,37.2599983215332,37.880001068115234,36.078041076660156,1483900
2022-02-07,37.9900016784668,38.209999084472656,37.33000183105469,37.40999984741211,35.630393981933594,1508200
2022-02-08,38.0,39.619998931884766,37.84000015258789,38.400001525878906,36.57330322265625,2571300
2022-02-09,38.16999816894531,39.2400016784668,37.93000030517578,39.06999969482422,37.21143341064453,1977100
2022-02-10,38.349998474121094,39.400001525878906,38.2599983215332,38.31999969482422,36.497108459472656,1588800
2022-02-11,38.36000061035156,39.130001068115234,37.90999984741211,38.22999954223633,36.41139221191406,1152600
2022-02-14,38.33000183105469,38.66999816894531,37.97999954223633,38.470001220703125,36.639976501464844,1241100
2022-02-15,38.91999816894531,39.400001525878906,38.81999969482422,39.16999816894531,37.306671142578125,1070900
2022-02-16,38.95000076293945,39.630001068115234,38.880001068115234,39.459999084472656,37.58287811279297,1098500
2022-02-17,39.04999923706055,39.20000076293945,38.52000045776367,38.59000015258789,36.75426483154297,1125700
2022-02-18,38.52000045776367,39.220001220703125,38.470001220703125,38.47999954223633,36.649497985839844,1475100
2022-02-22,38.04999923706055,38.130001068115234,36.470001220703125,36.560001373291016,34.82083511352539,1768200
2022-02-23,36.810001373291016,37.189998626708984,36.130001068115234,36.2599983215332,34.53510665893555,1215200
2022-02-24,35.15999984741211,36.2599983215332,34.880001068115234,36.130001068115234,34.41128921508789,1454900
2022-02-25,36.150001525878906,37.40999984741211,36.08000183105469,37.310001373291016,35.535152435302734,1222100
2022-02-28,36.72999954223633,37.349998474121094,36.54999923706055,37.08000183105469,35.316097259521484,992200
2022-03-01,36.849998474121094,37.06999969482422,35.95000076293945,36.43000030517578,34.697017669677734,1098100
2022-03-02,36.61000061035156,37.79999923706055,36.56999969482422,37.630001068115234,35.839935302734375,989400
2022-03-03,37.779998779296875,38.189998626708984,37.470001220703125,37.810001373291016,36.01137161254883,941300
2022-03-04,37.470001220703125,37.790000915527344,36.56999969482422,37.29999923706055,35.52562713623047,1078000
2022-03-07,37.13999938964844,37.209999084472656,35.33000183105469,35.790000915527344,34.08746337890625,1611600
2022-03-08,36.0,37.4900016784668,35.790000915527344,36.59000015258789,34.84940719604492,1394200
2022-03-09,37.13999938964844,37.66999816894531,36.880001068115234,36.970001220703125,35.211334228515625,701200
2022-03-10,36.41999816894531,36.65999984741211,36.06999969482422,36.380001068115234,34.64939880371094,842000
2022-03-11,36.56999969482422,36.88999938964844,36.060001373291016,36.099998474121094,34.382713317871094,819400
2022-03-14,36.16999816894531,36.31999969482422,35.47999954223633,35.810001373291016,34.50798797607422,1169200
2022-03-15,36.0,36.529998779296875,35.88999938964844,36.29999923706055,34.98017120361328,1344400
2022-03-16,36.54999923706055,37.22999954223633,36.02000045776367,36.900001525878906,35.55835723876953,1384100
2022-03-17,36.599998474121094,36.709999084472656,36.16999816894531,36.47999954223633,35.153629302978516,1468200
2022-03-18,36.31999969482422,37.099998474121094,35.720001220703125,36.97999954223633,35.63544845581055,3373100
2022-03-21,37.09000015258789,37.36000061035156,36.099998474121094,36.34000015258789,35.01871871948242,987200
2022-03-22,36.52000045776367,37.04999923706055,36.0099983215332,36.459999084472656,35.13435363769531,1116500
2022-03-23,36.29999923706055,36.400001525878906,35.720001220703125,35.77000045776367,34.469444274902344,859800
2022-03-24,35.83000183105469,36.09000015258789,35.529998779296875,35.93000030517578,34.623626708984375,778900
2022-03-25,35.970001220703125,36.27000045776367,35.79999923706055,35.970001220703125,34.66217041015625,1097300
2022-03-28,35.900001525878906,36.06999969482422,35.45000076293945,35.91999816894531,34.61398696899414,800900
2022-03-29,36.369998931884766,37.45000076293945,36.369998931884766,37.31999969482422,35.96308517456055,1091100
2022-03-30,36.97999954223633,37.130001068115234,36.209999084472656,36.459999084472656,35.13435363769531,945600
2022-03-31,36.25,36.380001068115234,34.77000045776367,34.79999923706055,33.53470993041992,1675100
2022-04-01,34.970001220703125,35.560001373291016,34.88999938964844,35.529998779296875,34.23816680908203,1781500
2022-04-04,35.75,36.04999923706055,35.33000183105469,35.81999969482422,34.51762390136719,880500
2022-04-05,35.720001220703125,35.95000076293945,35.02000045776367,35.29999923706055,34.01653289794922,933000
2022-04-06,35.060001373291016,35.83000183105469,34.849998474121094,35.66999816894531,34.37308120727539,1160800
2022-04-07,35.29999923706055,35.4900016784668,33.79999923706055,34.90999984741211,33.64071273803711,3341600
2022-04-08,35.04999923706055,36.220001220703125,34.689998626708984,35.59000015258789,34.29598617553711,1091200
2022-04-11,35.2599983215332,36.349998474121094,35.2599983215332,35.95000076293945,34.64290237426758,1137400
2022-04-12,36.25,36.689998626708984,35.59000015258789,35.70000076293945,34.4019889831543,1176900
2022-04-13,35.650001525878906,36.13999938964844,35.599998474121094,35.77000045776367,34.469444274902344,634200
2022-04-14,35.77000045776367,36.130001068115234,35.560001373291016,35.869998931884766,34.5658073425293,623400
2022-04-18,35.83000183105469,36.099998474121094,35.279998779296875,35.86000061035156,34.55617141723633,1202400
2022-04-19,35.95000076293945,37.18000030517578,35.95000076293945,37.11000061035156,35.76072311401367,985600
2022-04-20,37.38999938964844,37.70000076293945,37.130001068115234,37.470001220703125,36.10763168334961,819400
2022-04-21,36.38999938964844,37.2400016784668,36.38999938964844,36.59000015258789,35.25962829589844,1486100
2022-04-22,36.400001525878906,36.52000045776367,35.79999923706055,36.20000076293945,34.883811950683594,1065200
2022-04-25,36.22999954223633,37.22999954223633,35.439998626708984,37.18000030517578,35.82817840576172,1400900
2022-04-26,36.9900016784668,37.599998474121094,36.279998779296875,36.290000915527344,34.97053527832031,1219600
2022-04-27,36.290000915527344,36.52000045776367,35.5,35.91999816894531,34.61398696899414,1044900
2022-04-28,36.279998779296875,36.68000030517578,35.619998931884766,36.650001525878906,35.31745147705078,1451800
2022-04-29,36.90999984741211,37.54999923706055,35.540000915527344,35.630001068115234,34.33453369140625,4924900
2022-05-02,35.689998626708984,36.58000183105469,35.369998931884766,36.189998626708984,34.874168395996094,1354900
2022-05-03,36.52000045776367,38.52000045776367,36.02000045776367,38.34000015258789,36.94599914550781,2121600
2022-05-04,37.7599983215332,38.2400016784668,36.720001220703125,38.130001068115234,36.74363327026367,2749000
2022-05-05,37.7599983215332,38.130001068115234,36.47999954223633,36.91999816894531,35.577632904052734,1267700
2022-05-06,36.709999084472656,37.33000183105469,35.97999954223633,37.25,35.8956298828125,1404200
2022-05-09,36.7599983215332,37.45000076293945,36.68000030517578,36.93000030517578,35.58726501464844,1067500
2022-05-10,37.41999816894531,37.4900016784668,35.599998474121094,36.15999984741211,34.84526443481445,1063900
2022-05-11,36.36000061035156,36.5099983215332,35.0099983215332,35.04999923706055,33.77561950683594,914700
2022-05-12,35.0,36.400001525878906,34.68000030517578,36.38999938964844,35.066898345947266,1146600
2022-05-13,36.81999969482422,37.9900016784668,36.65999984741211,37.540000915527344,36.17509078979492,1437600
2022-05-16,37.34000015258789,37.459999084472656,36.689998626708984,37.08000183105469,35.731815338134766,953300
2022-05-17,37.7400016784668,38.08000183105469,37.11000061035156,38.04999923706055,36.66654586791992,1174300
2022-05-18,37.38999938964844,37.970001220703125,36.849998474121094,37.220001220703125,35.866722106933594,1074800
2022-05-19,36.81999969482422,37.58000183105469,36.72999954223633,36.91999816894531,35.577632904052734,1103400
2022-05-20,37.25,37.29999923706055,36.290000915527344,37.0099983215332,35.66436004638672,1054200
2022-05-23,37.40999984741211,37.540000915527344,36.84000015258789,37.0099983215332,35.66436004638672,760000
2022-05-24,36.959999084472656,37.02000045776367,35.95000076293945,36.470001220703125,35.14399337768555,827900
2022-05-25,36.040000915527344,37.7400016784668,36.040000915527344,37.650001525878906,36.281089782714844,796000
2022-05-26,38.08000183105469,39.040000915527344,38.08000183105469,38.91999816894531,37.50490951538086,989800
2022-05-27,39.02000045776367,39.810001373291016,38.959999084472656,39.810001373291016,38.362552642822266,1127800
2022-05-31,39.34000015258789,39.4900016784668,38.58000183105469,39.16999816894531,37.74582290649414,1065400
2022-06-01,39.060001373291016,39.31999969482422,38.2599983215332,38.61000061035156,37.20618438720703,858000
2022-06-02,39.02000045776367,39.27000045776367,38.529998779296875,39.2400016784668,37.81327819824219,688700
2022-06-03,38.880001068115234,39.09000015258789,38.5099983215332,38.630001068115234,37.22545623779297,814100
2022-06-06,38.90999984741211,39.2599983215332,38.56999969482422,38.939998626708984,37.5241813659668,1263300
2022-06-07,38.619998931884766,39.27000045776367,38.27000045776367,39.22999954223633,37.80364227294922,761300
2022-06-08,38.880001068115234,39.209999084472656,38.58000183105469,38.810001373291016,37.39891052246094,622100
2022-06-09,38.529998779296875,39.150001525878906,38.470001220703125,38.599998474121094,37.1965446472168,820500
2022-06-10,38.16999816894531,38.16999816894531,37.209999084472656,37.22999954223633,35.87636184692383,1061800
2022-06-13,36.4900016784668,37.06999969482422,36.0099983215332,36.20000076293945,34.883811950683594,1245900
2022-06-14,35.380001068115234,35.560001373291016,34.040000915527344,34.369998931884766,33.52786636352539,2193400
2022-06-15,34.56999969482422,35.880001068115234,34.470001220703125,35.11000061035156,34.249732971191406,1765800
2022-06-16,34.27000045776367,34.52000045776367,33.189998626708984,33.38999938964844,32.571876525878906,2180200
2022-06-17,33.599998474121094,34.720001220703125,33.36000061035156,34.5099983215332,33.664432525634766,2196800
2022-06-21,35.060001373291016,35.2599983215332,34.61000061035156,34.650001525878906,33.80101013183594,1051200
2022-06-22,34.09000015258789,34.93000030517578,34.02000045776367,34.59000015258789,33.74247741699219,1133200
2022-06-23,34.34000015258789,35.459999084472656,34.34000015258789,35.43000030517578,34.561893463134766,805900
2022-06-24,35.81999969482422,36.66999816894531,35.529998779296875,36.54999923706055,35.654449462890625,1063100
2022-06-27,36.54999923706055,36.7599983215332,36.130001068115234,36.189998626708984,35.30327224731445,690600
2022-06-28,36.41999816894531,36.70000076293945,35.52000045776367,35.529998779296875,34.65944290161133,740700
2022-06-29,35.54999923706055,35.66999816894531,34.459999084472656,34.65999984741211,33.810760498046875,981900
2022-06-30,34.16999816894531,34.810001373291016,33.560001373291016,34.58000183105469,33.732723236083984,908600
2022-07-01,34.599998474121094,35.27000045776367,34.439998626708984,35.189998626708984,34.32777404785156,693600
2022-07-05,34.650001525878906,35.81999969482422,34.20000076293945,35.779998779296875,34.9033203125,901200
2022-07-06,35.7599983215332,36.119998931884766,34.869998931884766,35.34000015258789,34.474098205566406,666800
2022-07-07,35.34000015258789,36.060001373291016,35.33000183105469,35.869998931884766,34.991111755371094,592600
2022-07-08,35.91999816894531,36.2400016784668,35.709999084472656,35.970001220703125,35.08866500854492,532200
2022-07-11,35.810001373291016,36.15999984741211,35.63999938964844,35.72999954223633,34.85454559326172,521200
2022-07-12,35.810001373291016,37.27000045776367,35.810001373291016,37.0,36.09342575073242,712500
2022-07-13,36.709999084472656,36.88999938964844,36.13999938964844,36.66999816894531,35.77151107788086,600400
2022-07-14,36.099998474121094,36.38999938964844,35.79999923706055,36.25,35.36180114746094,894300
2022-07-15,36.9900016784668,37.18000030517578,36.40999984741211,36.86000061035156,35.95685958862305,664400
2022-07-18,37.08000183105469,37.650001525878906,36.86000061035156,36.959999084472656,36.054405212402344,524900
2022-07-19,37.38999938964844,38.279998779296875,37.36000061035156,37.900001525878906,36.97137451171875,958500
2022-07-20,38.029998779296875,38.34000015258789,37.709999084472656,38.33000183105469,37.390838623046875,756800
2022-07-21,38.209999084472656,38.88999938964844,37.86000061035156,38.86000061035156,37.90785217285156,639200
2022-07-22,39.119998931884766,39.31999969482422,38.54999923706055,38.95000076293945,37.99564743041992,736000
2022-07-25,38.95000076293945,39.099998474121094,38.4900016784668,38.709999084472656,37.76152420043945,968500
2022-07-26,38.31999969482422,38.95000076293945,38.13999938964844,38.599998474121094,37.65422058105469,1089100
2022-07-27,38.380001068115234,38.88999938964844,37.70000076293945,38.63999938964844,37.69324493408203,1051300
2022-07-28,38.54999923706055,40.18000030517578,38.459999084472656,40.119998931884766,39.13697814941406,2018100
2022-07-29,40.189998626708984,40.189998626708984,39.34000015258789,39.63999938964844,38.668739318847656,4122800
2022-08-01,39.5099983215332,39.709999084472656,38.72999954223633,39.470001220703125,38.502906799316406,1625300
2022-08-02,39.540000915527344,40.029998779296875,39.029998779296875,39.689998626708984,38.71751403808594,1503100
2022-08-03,39.90999984741211,40.720001220703125,39.779998779296875,40.400001525878906,39.41012191772461,1197200
2022-08-04,40.369998931884766,40.63999938964844,40.119998931884766,40.540000915527344,39.546688079833984,1007600
2022-08-05,40.38999938964844,40.779998779296875,40.189998626708984,40.529998779296875,39.536930084228516,834800
2022-08-08,40.58000183105469,41.470001220703125,40.47999954223633,40.5099983215332,39.51742172241211,774500
2022-08-09,40.2599983215332,40.43000030517578,39.63999938964844,39.790000915527344,38.815067291259766,676600
2022-08-10,40.439998626708984,41.18000030517578,40.439998626708984,40.959999084472656,39.95639419555664,653300
2022-08-11,41.2400016784668,41.7599983215332,41.119998931884766,41.349998474121094,40.33684158325195,577700
2022-08-12,41.5,41.650001525878906,41.290000915527344,41.4900016784668,40.47341537475586,475000
2022-08-15,41.25,41.4900016784668,40.869998931884766,41.06999969482422,40.06370162963867,701500
2022-08-16,40.869998931884766,41.939998626708984,40.779998779296875,41.630001068115234,40.609981536865234,743100
2022-08-17,41.06999969482422,41.349998474121094,40.68000030517578,41.040000915527344,40.03443908691406,796500
2022-08-18,41.15999984741211,41.5099983215332,40.93000030517578,41.34000015258789,40.32708740234375,549200
2022-08-19,40.970001220703125,41.38999938964844,40.66999816894531,40.97999954223633,39.97590637207031,491000
2022-08-22,40.4900016784668,40.650001525878906,39.36000061035156,39.58000183105469,38.61021423339844,978200
2022-08-23,39.58000183105469,40.15999984741211,39.5099983215332,39.66999816894531,38.698001861572266,810200
2022-08-24,39.72999954223633,39.72999954223633,39.040000915527344,39.560001373291016,38.590702056884766,726600
2022-08-25,39.41999816894531,40.31999969482422,39.41999816894531,40.04999923706055,39.06869125366211,306500
2022-08-26,40.040000915527344,40.4900016784668,38.93000030517578,38.95000076293945,37.99564743041992,718800
2022-08-29,38.7400016784668,39.56999969482422,38.61000061035156,39.38999938964844,38.42486572265625,758500
2022-08-30,39.63999938964844,39.63999938964844,38.58000183105469,38.7400016784668,37.790794372558594,680800
2022-08-31,38.630001068115234,38.689998626708984,37.91999816894531,38.220001220703125,37.28353500366211,803000
2022-09-01,38.040000915527344,38.08000183105469,37.369998931884766,37.79999923706055,36.87382507324219,806500
2022-09-02,38.119998931884766,38.290000915527344,37.45000076293945,37.709999084472656,36.78602981567383,593600
2022-09-06,37.68000030517578,37.7400016784668,36.2599983215332,36.38999938964844,35.49837112426758,816200
2022-09-07,36.41999816894531,37.83000183105469,36.38999938964844,37.79999923706055,36.87382507324219,932700
2022-09-08,37.54999923706055,38.0099983215332,36.86000061035156,37.97999954223633,37.049415588378906,628900
2022-09-09,38.2599983215332,38.869998931884766,38.15999984741211,38.7400016784668,37.790794372558594,539100
2022-09-12,38.95000076293945,39.63999938964844,38.939998626708984,39.119998931884766,38.16148376464844,700400
2022-09-13,38.16999816894531,38.529998779296875,37.7400016784668,37.88999938964844,36.96161651611328,744300
2022-09-14,37.47999954223633,37.54999923706055,36.25,36.81999969482422,36.3398323059082,862600
2022-09-15,36.779998779296875,37.65999984741211,36.54999923706055,36.75,36.270748138427734,861900
2022-09-16,36.439998626708984,36.939998626708984,36.099998474121094,36.279998779296875,35.8068733215332,1905400
2022-09-19,36.040000915527344,37.040000915527344,36.040000915527344,37.040000915527344,36.55696487426758,725000
2022-09-20,36.560001373291016,36.560001373291016,36.0099983215332,36.31999969482422,35.84635543823242,484600
2022-09-21,36.58000183105469,36.810001373291016,35.7599983215332,35.790000915527344,35.32326889038086,538500
2022-09-22,35.63999938964844,35.63999938964844,34.790000915527344,34.81999969482422,34.36591720581055,576100
2022-09-23,34.52000045776367,34.54999923706055,33.529998779296875,34.08000183105469,33.63556671142578,1242200
2022-09-26,34.0,34.439998626708984,33.31999969482422,33.349998474121094,32.91508483886719,1108600
2022-09-27,33.66999816894531,34.0,32.970001220703125,33.38999938964844,32.95456314086914,916900
2022-09-28,33.7400016784668,34.91999816894531,33.65999984741211,34.68000030517578,34.22774124145508,815400
2022-09-29,34.189998626708984,34.29999923706055,33.04999923706055,33.5099983215332,33.072998046875,715700
2022-09-30,33.5099983215332,33.849998474121094,33.15999984741211,33.220001220703125,32.786781311035156,788800
2022-10-03,33.439998626708984,34.439998626708984,33.40999984741211,34.029998779296875,33.58621597290039,847100
2022-10-04,34.630001068115234,35.58000183105469,34.630001068115234,35.560001373291016,35.09626770019531,703800
2022-10-05,34.97999954223633,35.47999954223633,34.79999923706055,35.119998931884766,34.66200256347656,569500
2022-10-06,34.91999816894531,35.2400016784668,34.7599983215332,34.970001220703125,34.51396179199219,571200
2022-10-07,34.5,34.5099983215332,33.9900016784668,34.27000045776367,33.823089599609375,561000
2022-10-10,34.43000030517578,34.81999969482422,34.27000045776367,34.68000030517578,34.22774124145508,538000
2022-10-11,31.170000076293945,32.540000915527344,30.280000686645508,32.16999816894531,31.750473022460938,3112100
2022-10-12,32.06999969482422,32.529998779296875,31.579999923706055,32.209999084472656,31.78995132446289,1372200
2022-10-13,31.649999618530273,32.7400016784668,31.149999618530273,32.31999969482422,31.898517608642578,1013200
2022-10-14,32.7400016784668,32.93000030517578,31.75,31.90999984741211,31.493864059448242,883800
2022-10-17,32.54999923706055,33.04999923706055,32.45000076293945,32.529998779296875,32.105777740478516,963400
2022-10-18,33.0,33.5099983215332,32.470001220703125,32.81999969482422,32.391998291015625,1268000
2022-10-19,32.529998779296875,32.529998779296875,31.110000610351562,31.510000228881836,31.09908103942871,1010300
2022-10-20,31.399999618530273,31.860000610351562,30.670000076293945,30.950000762939453,30.546384811401367,1302600
2022-10-21,30.850000381469727,31.540000915527344,30.549999237060547,31.270000457763672,30.862211227416992,823600
2022-10-24,31.389999389648438,31.989999771118164,31.15999984741211,31.860000610351562,31.444517135620117,699700
2022-10-25,31.799999237060547,32.95000076293945,31.799999237060547,32.83000183105469,32.40187072753906,878800
2022-10-26,32.93000030517578,33.220001220703125,32.41999816894531,32.689998626708984,32.26369094848633,653200
2022-10-27,32.689998626708984,33.4900016784668,32.68000030517578,32.900001525878906,32.47095489501953,964100
2022-10-28,32.93000030517578,33.5099983215332,32.790000915527344,33.41999816894531,32.98417282104492,579600
2022-10-31,33.18000030517578,33.790000915527344,32.97999954223633,33.75,33.30986785888672,2255000
2022-11-01,34.380001068115234,34.709999084472656,33.099998474121094,33.29999923706055,32.86573791503906,1349800
2022-11-02,33.099998474121094,33.599998474121094,32.2400016784668,32.2599983215332,31.839298248291016,826400
2022-11-03,32.060001373291016,32.630001068115234,31.6200008392334,32.18000030517578,31.760343551635742,733900
2022-11-04,32.63999938964844,33.5099983215332,32.63999938964844,33.380001068115234,32.94469451904297,651000
2022-11-07,33.470001220703125,33.970001220703125,33.18000030517578,33.93000030517578,33.48752212524414,668800
2022-11-08,34.060001373291016,34.36000061035156,33.61000061035156,34.09000015258789,33.64543533325195,584800
2022-11-09,33.77000045776367,34.40999984741211,33.56999969482422,33.83000183105469,33.38882827758789,550000
2022-11-10,35.16999816894531,36.22999954223633,35.16999816894531,35.599998474121094,35.1357421875,738000
2022-11-11,35.70000076293945,36.459999084472656,35.65999984741211,36.36000061035156,35.885833740234375,721000
2022-11-14,35.900001525878906,36.119998931884766,35.06999969482422,35.06999969482422,34.61265563964844,910200
2022-11-15,35.63999938964844,36.2599983215332,35.459999084472656,36.0,35.5305290222168,905000
2022-11-16,35.66999816894531,35.72999954223633,34.16999816894531,34.630001068115234,34.17839431762695,1057400
2022-11-17,34.060001373291016,34.45000076293945,33.59000015258789,34.45000076293945,34.00074005126953,644700
2022-11-18,34.88999938964844,35.11000061035156,34.380001068115234,34.709999084472656,34.25735092163086,564100
2022-11-21,34.54999923706055,34.970001220703125,34.38999938964844,34.900001525878906,34.44487380981445,632400
2022-11-22,35.15999984741211,35.869998931884766,35.15999984741211,35.66999816894531,35.204830169677734,815700
2022-11-23,35.540000915527344,35.900001525878906,35.540000915527344,35.650001525878906,35.18509292602539,389400
2022-11-25,35.70000076293945,36.08000183105469,35.5099983215332,35.77000045776367,35.30352783203125,208500
2022-11-28,35.439998626708984,35.83000183105469,34.959999084472656,35.11000061035156,34.65213394165039,371100
2022-11-29,35.0,35.2400016784668,34.900001525878906,35.18000030517578,34.721221923828125,318700
2022-11-30,35.150001525878906,35.619998931884766,34.56999969482422,35.61000061035156,35.14561462402344,826800
2022-12-01,35.75,36.400001525878906,35.540000915527344,35.7400016784668,35.27391815185547,702900
2022-12-02,35.27000045776367,35.54999923706055,35.08000183105469,35.310001373291016,34.849525451660156,622000
2022-12-05,35.060001373291016,35.2599983215332,34.58000183105469,34.91999816894531,34.4646110534668,685400
2022-12-06,34.83000183105469,35.150001525878906,34.47999954223633,35.02000045776367,34.56330871582031,883000
2022-12-07,34.84000015258789,35.11000061035156,34.56999969482422,34.720001220703125,34.26721954345703,627000
2022-12-08,34.709999084472656,35.34000015258789,34.65999984741211,35.2400016784668,34.78044128417969,544700
2022-12-09,35.029998779296875,35.58000183105469,34.90999984741211,35.209999084472656,34.75082778930664,709500
2022-12-12,33.68000030517578,33.97999954223633,32.5,33.540000915527344,33.10260772705078,1893900
2022-12-13,34.560001373291016,34.90999984741211,33.630001068115234,33.7400016784668,33.30000305175781,1563900
2022-12-14,33.349998474121094,33.52000045776367,32.90999984741211,33.13999938964844,33.13999938964844,949900
2022-12-15,32.529998779296875,32.7599983215332,32.279998779296875,32.369998931884766,32.369998931884766,1060700
2022-12-16,32.0,32.29999923706055,31.719999313354492,32.119998931884766,32.119998931884766,1998200
2022-12-19,32.150001525878906,32.52000045776367,31.59000015258789,31.739999771118164,31.739999771118164,962100
2022-12-20,31.559999465942383,31.90999984741211,31.280000686645508,31.59000015258789,31.59000015258789,785500
2022-12-21,31.979999542236328,32.31999969482422,31.979999542236328,32.060001373291016,32.060001373291016,650100
2022-12-22,31.959999084472656,31.959999084472656,31.350000381469727,31.920000076293945,31.920000076293945,586900
2022-12-23,31.959999084472656,32.34000015258789,31.700000762939453,32.34000015258789,32.34000015258789,588700
2022-12-27,32.2599983215332,32.56999969482422,32.20000076293945,32.5,32.5,553000
2022-12-28,32.58000183105469,32.70000076293945,31.899999618530273,31.969999313354492,31.969999313354492,623300
2022-12-29,32.16999816894531,32.47999954223633,32.060001373291016,32.2599983215332,32.2599983215332,724800
2022-12-30,32.040000915527344,32.380001068115234,31.899999618530273,32.22999954223633,32.22999954223633,830300
2023-01-03,32.540000915527344,32.869998931884766,32.150001525878906,32.630001068115234,32.630001068115234,1049500
2023-01-04,32.939998626708984,33.77000045776367,32.849998474121094,33.59000015258789,33.59000015258789,795300
2023-01-05,33.290000915527344,33.630001068115234,32.959999084472656,33.470001220703125,33.470001220703125,792700
2023-01-06,33.72999954223633,34.0,33.560001373291016,33.81999969482422,33.81999969482422,807800
2023-01-09,33.90999984741211,34.41999816894531,33.61000061035156,33.9900016784668,33.9900016784668,934400
2023-01-10,34.0,34.400001525878906,33.81999969482422,34.349998474121094,34.349998474121094,586000
2023-01-11,34.470001220703125,35.13999938964844,34.45000076293945,35.119998931884766,35.119998931884766,1009600
2023-01-12,35.33000183105469,35.5099983215332,34.9900016784668,35.4900016784668,35.4900016784668,668900
2023-01-13,35.16999816894531,35.560001373291016,35.16999816894531,35.349998474121094,35.349998474121094,788200
