Date,Open,High,Low,Close,Adj Close,Volume
2022-01-18,272.7699890136719,275.0199890136719,270.4200134277344,271.7799987792969,269.4456481933594,860700
2022-01-19,272.3299865722656,275.75,271.0899963378906,272.0199890136719,269.6835632324219,980800
2022-01-20,274.1400146484375,278.5400085449219,270.44000244140625,270.8699951171875,268.54345703125,710400
2022-01-21,272.7900085449219,275.25,270.8800048828125,271.57000732421875,269.2374572753906,1989300
2022-01-24,272.32000732421875,273.1199951171875,264.2200012207031,272.1499938964844,269.81243896484375,1053900
2022-01-25,268.95001220703125,272.04998779296875,265.3299865722656,268.04998779296875,265.7476501464844,924200
2022-01-26,266.5,271.9800109863281,264.95001220703125,266.79998779296875,264.50836181640625,779900
2022-01-27,267.4700012207031,270.2200012207031,264.2900085449219,265.7300109863281,263.4476013183594,789200
2022-01-28,263.8399963378906,270.3399963378906,260.5400085449219,270.0799865722656,267.76019287109375,904600
2022-01-31,268.5899963378906,272.0400085449219,265.5400085449219,271.3599853515625,269.02923583984375,944600
2022-02-01,273.0,273.6099853515625,267.4100036621094,272.9599914550781,270.6155090332031,872100
2022-02-02,272.05999755859375,275.760009765625,269.739990234375,273.17999267578125,270.8336181640625,697200
2022-02-03,271.80999755859375,280.4200134277344,271.80999755859375,278.0299987792969,275.6419372558594,955200
2022-02-04,276.6099853515625,280.3599853515625,275.9200134277344,277.4800109863281,275.0966796875,496500
2022-02-07,277.3800048828125,278.510009765625,273.44000244140625,274.55999755859375,272.2017517089844,536800
2022-02-08,273.4700012207031,279.8999938964844,272.8800048828125,278.19000244140625,275.8005676269531,1138500
2022-02-09,280.0,282.8999938964844,279.95001220703125,281.6499938964844,279.2308349609375,835400
2022-02-10,287.0799865722656,290.20001220703125,276.1199951171875,282.19000244140625,279.7662048339844,2015300
2022-02-11,283.4599914550781,286.3500061035156,271.5799865722656,276.260009765625,273.88714599609375,1709200
2022-02-14,275.17999267578125,278.6099853515625,271.3299865722656,272.67999267578125,270.337890625,849400
2022-02-15,273.9800109863281,276.0299987792969,262.260009765625,264.6199951171875,262.3471374511719,1703600
2022-02-16,264.0,270.7099914550781,261.4599914550781,269.6199951171875,267.30419921875,1154100
2022-02-17,268.8900146484375,269.45001220703125,261.29998779296875,261.9200134277344,259.67034912109375,916800
2022-02-18,261.75,267.0,261.2699890136719,264.4700012207031,262.19842529296875,774600
2022-02-22,264.5,267.7699890136719,263.5400085449219,266.5199890136719,264.2308044433594,923000
2022-02-23,266.9700012207031,272.2099914550781,266.4100036621094,268.4800109863281,266.1739807128906,1650700
2022-02-24,264.989990234375,271.8800048828125,263.8599853515625,271.7099914550781,269.376220703125,969000
2022-02-25,272.0,278.32000732421875,271.19000244140625,276.6300048828125,274.2539978027344,580500
2022-02-28,272.5400085449219,274.67999267578125,268.67999267578125,271.260009765625,268.93011474609375,1099800
2022-03-01,270.4100036621094,273.20001220703125,267.3599853515625,269.04998779296875,266.73907470703125,970700
2022-03-02,268.4599914550781,274.1000061035156,265.55999755859375,270.44000244140625,268.1171569824219,1974200
2022-03-03,273.7799987792969,273.7799987792969,267.32000732421875,270.45001220703125,268.1270751953125,988300
2022-03-04,268.6600036621094,269.8599853515625,265.55999755859375,269.1400146484375,266.8283386230469,1023200
2022-03-07,268.92999267578125,269.6700134277344,262.82000732421875,266.75,264.4588317871094,1088700
2022-03-08,265.20001220703125,266.0,258.7099914550781,259.82000732421875,257.5883483886719,974500
2022-03-09,265.42999267578125,267.3500061035156,260.94000244140625,265.6300048828125,263.3484802246094,804500
2022-03-10,262.2099914550781,266.80999755859375,261.239990234375,266.2200012207031,263.93341064453125,552400
2022-03-11,266.95001220703125,269.8599853515625,265.29998779296875,265.489990234375,263.20965576171875,620400
2022-03-14,266.95001220703125,269.3399963378906,264.0799865722656,265.6600036621094,263.3782043457031,762600
2022-03-15,267.1000061035156,272.07000732421875,266.8999938964844,271.5299987792969,269.19775390625,571600
2022-03-16,272.20001220703125,275.2099914550781,270.6300048828125,274.0199890136719,271.6663818359375,604700
2022-03-17,273.45001220703125,275.80999755859375,271.5,274.3299865722656,271.97369384765625,598300
2022-03-18,273.3399963378906,275.45001220703125,269.8500061035156,275.2300109863281,272.8659973144531,1354000
2022-03-21,275.010009765625,278.6700134277344,274.55999755859375,276.6600036621094,274.2837219238281,564300
2022-03-22,277.1600036621094,281.2200012207031,275.4599914550781,277.44000244140625,275.0570068359375,540600
2022-03-23,276.2300109863281,276.7099914550781,270.0899963378906,271.69000244140625,269.3564147949219,1014500
2022-03-24,272.9200134277344,273.29998779296875,270.2699890136719,271.44000244140625,269.1085510253906,594100
2022-03-25,272.9800109863281,274.3299865722656,271.04998779296875,273.9599914550781,271.6069030761719,863400
2022-03-28,273.739990234375,276.4200134277344,271.54998779296875,276.4200134277344,274.0458068847656,482100
2022-03-29,277.1099853515625,279.3999938964844,275.54998779296875,276.75,274.3729553222656,533700
2022-03-30,276.3299865722656,276.3699951171875,266.989990234375,269.0,266.68951416015625,1008000
2022-03-31,268.6300048828125,270.5199890136719,263.6499938964844,263.6600036621094,261.3954162597656,907200
2022-04-01,264.3800048828125,264.6499938964844,261.0799865722656,263.1700134277344,260.90960693359375,623400
2022-04-04,263.20001220703125,264.55999755859375,260.3900146484375,263.3299865722656,261.06817626953125,1057200
2022-04-05,262.92999267578125,268.3699951171875,262.70001220703125,264.25,261.9803161621094,721700
2022-04-06,262.989990234375,265.4200134277344,261.260009765625,264.8800048828125,262.60491943359375,662300
2022-04-07,263.79998779296875,272.0899963378906,263.79998779296875,271.8900146484375,269.5547180175781,706800
2022-04-08,272.2300109863281,278.1400146484375,271.3900146484375,276.75,274.3729553222656,763300
2022-04-11,275.95001220703125,278.79998779296875,272.05999755859375,272.4200134277344,270.0801696777344,672600
2022-04-12,271.1000061035156,275.3500061035156,268.010009765625,268.6600036621094,266.3524475097656,470800
2022-04-13,267.7900085449219,270.1000061035156,266.7799987792969,268.92999267578125,266.6201171875,470100
2022-04-14,270.0899963378906,271.0799865722656,267.1099853515625,269.0400085449219,266.72918701171875,1439600
2022-04-18,268.7699890136719,270.8699951171875,266.1000061035156,267.1199951171875,264.8256530761719,603600
2022-04-19,267.82000732421875,271.760009765625,267.7799987792969,271.1400146484375,268.8111572265625,504800
2022-04-20,272.19000244140625,278.3999938964844,270.95001220703125,277.8699951171875,275.4833068847656,662500
2022-04-21,279.0,280.7200012207031,275.79998779296875,276.29998779296875,273.9267578125,493500
2022-04-22,273.4200134277344,274.3599853515625,268.1000061035156,268.5199890136719,266.213623046875,627100
2022-04-25,266.7099914550781,268.4200134277344,258.6199951171875,264.1000061035156,261.83160400390625,674500
2022-04-26,261.1199951171875,261.3999938964844,249.9600067138672,250.11000061035156,247.96176147460938,1784900
2022-04-27,250.1199951171875,255.75999450683594,245.97999572753906,253.0399932861328,250.8665771484375,1660500
2022-04-28,239.38999938964844,243.13999938964844,232.00999450683594,240.66000366210938,238.59292602539062,1828300
2022-04-29,240.19000244140625,249.6699981689453,239.91000366210938,240.27999877929688,238.2161865234375,1136400
2022-05-02,239.7100067138672,243.22999572753906,238.3800048828125,243.00999450683594,240.92274475097656,1236300
2022-05-03,241.50999450683594,250.83999633789062,241.10000610351562,245.30999755859375,243.20298767089844,852000
2022-05-04,243.3000030517578,254.99000549316406,242.8000030517578,253.6999969482422,251.52093505859375,830400
2022-05-05,251.74000549316406,254.35000610351562,247.00999450683594,251.9499969482422,249.7859649658203,767600
2022-05-06,250.4199981689453,252.77999877929688,248.22000122070312,251.49000549316406,249.3299102783203,562700
2022-05-09,249.02999877929688,249.25999450683594,240.7100067138672,241.25999450683594,239.18777465820312,680300
2022-05-10,242.82000732421875,243.92999267578125,238.00999450683594,240.63999938964844,238.57310485839844,654700
2022-05-11,239.41000366210938,243.0399932861328,237.61000061035156,238.58999633789062,236.5406951904297,692200
2022-05-12,236.3300018310547,244.97999572753906,236.3300018310547,244.63999938964844,242.5387420654297,906300
2022-05-13,245.0399932861328,248.00999450683594,243.0500030517578,244.6199951171875,242.5189208984375,495600
2022-05-16,243.1699981689453,244.57000732421875,238.25,242.3800048828125,240.29815673828125,627000
2022-05-17,244.1199951171875,249.47999572753906,244.10000610351562,247.75,245.6220245361328,892400
2022-05-18,245.22999572753906,248.08999633789062,241.47000122070312,242.4499969482422,241.068115234375,506500
2022-05-19,240.4600067138672,248.82000732421875,240.14999389648438,246.42999267578125,245.0254364013672,598900
2022-05-20,247.8699951171875,250.0,242.8300018310547,248.5500030517578,247.13336181640625,815000
2022-05-23,250.52999877929688,250.91000366210938,247.50999450683594,249.5,248.0779571533203,602100
2022-05-24,249.77999877929688,252.1199951171875,247.61000061035156,249.14999389648438,247.7299346923828,1464000
2022-05-25,249.55999755859375,250.4199981689453,245.3300018310547,247.39999389648438,245.9899139404297,674800
2022-05-26,248.1199951171875,251.9499969482422,248.1199951171875,250.14999389648438,248.7242431640625,570200
2022-05-27,251.49000549316406,258.6700134277344,250.0,257.8699951171875,256.4002380371094,649800
2022-05-31,252.3300018310547,255.2899932861328,246.1199951171875,246.72000122070312,245.3137969970703,2637900
2022-06-01,245.1300048828125,248.47000122070312,242.47000122070312,245.77999877929688,244.379150390625,785300
2022-06-02,246.8000030517578,249.14999389648438,243.75,248.7899932861328,247.37197875976562,549900
2022-06-03,246.57000732421875,247.08999633789062,241.1300048828125,243.64999389648438,242.26129150390625,674100
2022-06-06,244.3800048828125,246.0500030517578,241.6199951171875,241.97999572753906,240.60081481933594,693900
2022-06-07,239.63999938964844,245.86000061035156,239.63999938964844,245.49000549316406,244.0908203125,760300
2022-06-08,244.0,244.39999389648438,236.75,237.36000061035156,236.0071563720703,1004000
2022-06-09,236.22999572753906,239.0,229.25999450683594,229.7899932861328,228.48028564453125,1719800
2022-06-10,226.88999938964844,228.27999877929688,222.5500030517578,224.57000732421875,223.2900390625,910100
2022-06-13,219.2100067138672,221.5,215.42999267578125,216.47000122070312,215.2362060546875,896600
2022-06-14,215.94000244140625,216.36000061035156,212.39999389648438,213.86000061035156,212.64108276367188,921200
2022-06-15,215.17999267578125,220.85000610351562,214.75,218.9600067138672,217.71202087402344,885400
2022-06-16,213.94000244140625,218.8800048828125,212.63999938964844,218.13999938964844,216.89669799804688,1014200
2022-06-17,219.52999877929688,227.72000122070312,219.10000610351562,226.22000122070312,224.93063354492188,2186000
2022-06-21,229.07000732421875,231.32000732421875,227.77000427246094,229.5399932861328,228.23170471191406,1258800
2022-06-22,229.1300048828125,234.6300048828125,228.64999389648438,233.25999450683594,231.93051147460938,971600
2022-06-23,234.4499969482422,241.35000610351562,233.77000427246094,239.6199951171875,238.25425720214844,860900
2022-06-24,241.3300018310547,242.57000732421875,238.69000244140625,242.55999755859375,241.17750549316406,782600
2022-06-27,241.35000610351562,242.74000549316406,238.91000366210938,241.30999755859375,239.9346160888672,613100
2022-06-28,243.63999938964844,243.7899932861328,235.72999572753906,235.9600067138672,234.61512756347656,608300
2022-06-29,236.22000122070312,241.10000610351562,235.4199981689453,240.0,238.63209533691406,744300
2022-06-30,237.5,237.86000061035156,233.4499969482422,234.36000061035156,233.0242462158203,867100
2022-07-01,235.32000732421875,241.47000122070312,235.0399932861328,240.94000244140625,239.56674194335938,436000
2022-07-05,237.6699981689453,240.39999389648438,235.41000366210938,239.99000549316406,238.62216186523438,546400
2022-07-06,239.50999450683594,244.8800048828125,239.50999450683594,243.8800048828125,242.489990234375,659700
2022-07-07,242.86000061035156,245.75,242.36000061035156,244.38999938964844,242.9970703125,633000
2022-07-08,243.47999572753906,246.69000244140625,242.50999450683594,243.94000244140625,242.5496368408203,366700
2022-07-11,242.8699951171875,244.5500030517578,241.9600067138672,242.6300048828125,241.2471160888672,389400
2022-07-12,242.52000427246094,244.67999267578125,238.91000366210938,239.91000366210938,238.54261779785156,441100
2022-07-13,237.3000030517578,241.05999755859375,236.41000366210938,240.2899932861328,238.92044067382812,548000
2022-07-14,237.33999633789062,240.83999633789062,235.39999389648438,240.3699951171875,238.99998474121094,587200
2022-07-15,244.33999633789062,245.2100067138672,240.27999877929688,244.50999450683594,243.1163787841797,579100
2022-07-18,244.9199981689453,245.7899932861328,240.02999877929688,240.8800048828125,239.50709533691406,662100
2022-07-19,243.57000732421875,246.25,241.77000427246094,245.94000244140625,244.53823852539062,505000
2022-07-20,246.11000061035156,247.72000122070312,244.67999267578125,245.27999877929688,243.8820037841797,559800
2022-07-21,246.33999633789062,249.22999572753906,244.99000549316406,249.08999633789062,247.6702880859375,722900
2022-07-22,250.0800018310547,251.55999755859375,244.83999633789062,246.33999633789062,244.9359588623047,518500
2022-07-25,246.5800018310547,247.97999572753906,245.52999877929688,246.88999938964844,245.48281860351562,406500
2022-07-26,246.86000061035156,247.22000122070312,244.30999755859375,246.9199981689453,245.5126495361328,532200
2022-07-27,246.25,250.85000610351562,244.47000122070312,249.47000122070312,248.04812622070312,728300
2022-07-28,248.39999389648438,254.22999572753906,241.3300018310547,252.3800048828125,250.94154357910156,971000
2022-07-29,253.25,263.1300048828125,251.86000061035156,262.19000244140625,260.69561767578125,1070200
2022-08-01,260.8699951171875,262.5299987792969,256.760009765625,257.94000244140625,256.4698486328125,760800
2022-08-02,257.260009765625,257.55999755859375,252.1199951171875,252.49000549316406,251.05091857910156,647800
2022-08-03,254.13999938964844,256.80999755859375,252.64999389648438,252.77999877929688,251.33924865722656,643500
2022-08-04,253.6999969482422,256.4800109863281,251.92999267578125,252.38999938964844,250.95147705078125,403000
2022-08-05,250.77000427246094,255.3699951171875,250.11000061035156,254.6699981689453,253.21847534179688,588500
2022-08-08,255.86000061035156,257.8900146484375,255.25999450683594,255.80999755859375,254.3519744873047,392000
2022-08-09,255.0,257.7200012207031,252.47999572753906,252.85000610351562,251.4088592529297,471800
2022-08-10,255.0399932861328,259.2799987792969,255.0,259.1099853515625,257.6331481933594,418600
2022-08-11,259.8999938964844,262.67999267578125,257.29998779296875,258.739990234375,257.2652893066406,428100
2022-08-12,258.9200134277344,259.94000244140625,256.95001220703125,259.4200134277344,257.9414367675781,434500
2022-08-15,259.2200012207031,262.70001220703125,258.3599853515625,260.1499938964844,258.6672668457031,304300
2022-08-16,258.6600036621094,260.70001220703125,257.94000244140625,259.1499938964844,257.6729431152344,268400
2022-08-17,256.82000732421875,257.54998779296875,251.3000030517578,253.3000030517578,252.55796813964844,427500
2022-08-18,253.1999969482422,253.72999572753906,248.8699951171875,250.4199981689453,249.6864013671875,473300
2022-08-19,251.1300048828125,252.1199951171875,248.1300048828125,249.30999755859375,248.57965087890625,443600
2022-08-22,248.0,250.10000610351562,243.36000061035156,243.49000549316406,242.77671813964844,413600
2022-08-23,242.83999633789062,242.9499969482422,238.36000061035156,238.85000610351562,238.1503143310547,712600
2022-08-24,239.08999633789062,239.08999633789062,231.3800048828125,232.8000030517578,232.11802673339844,1000700
2022-08-25,234.19000244140625,237.11000061035156,231.16000366210938,237.05999755859375,236.36553955078125,816100
2022-08-26,235.5399932861328,236.6199951171875,228.75,229.16000366210938,228.4886932373047,466400
2022-08-29,227.9499969482422,231.60000610351562,226.83999633789062,229.6699981689453,228.9971923828125,406900
2022-08-30,230.5500030517578,230.5800018310547,227.77000427246094,228.00999450683594,227.34205627441406,504100
2022-08-31,228.77999877929688,229.33999633789062,223.0399932861328,225.27000427246094,224.61009216308594,744600
2022-09-01,224.86000061035156,227.14999389648438,223.50999450683594,227.08999633789062,226.42474365234375,401000
2022-09-02,227.80999755859375,229.02000427246094,224.75999450683594,225.74000549316406,225.07870483398438,384400
2022-09-06,225.0,229.67999267578125,224.72000122070312,226.10000610351562,225.43765258789062,583700
2022-09-07,226.75,232.5399932861328,226.3300018310547,231.94000244140625,231.2605438232422,634200
2022-09-08,231.35000610351562,238.33999633789062,231.27000427246094,238.27000427246094,237.57200622558594,794700
2022-09-09,238.27999877929688,240.3800048828125,237.86000061035156,238.32000732421875,237.62185668945312,448500
2022-09-12,238.63999938964844,241.6999969482422,238.3300018310547,241.27000427246094,240.56321716308594,414600
2022-09-13,237.1300048828125,237.13999938964844,228.0500030517578,228.42999267578125,227.7608184814453,629800
2022-09-14,228.4199981689453,228.77000427246094,220.9499969482422,222.9600067138672,222.30685424804688,889300
2022-09-15,224.7899932861328,227.9600067138672,223.57000732421875,224.1199951171875,223.46343994140625,639200
2022-09-16,223.33999633789062,225.27999877929688,221.3000030517578,223.99000549316406,223.33383178710938,1117200
2022-09-19,221.36000061035156,223.6699981689453,220.47000122070312,223.5500030517578,222.89512634277344,514800
2022-09-20,221.30999755859375,221.30999755859375,218.32000732421875,220.2100067138672,219.56491088867188,506600
2022-09-21,221.1999969482422,222.4199981689453,213.24000549316406,213.39999389648438,212.7748565673828,553900
2022-09-22,212.25,213.97999572753906,210.39999389648438,213.02999877929688,212.40594482421875,477200
2022-09-23,212.2100067138672,213.5800018310547,208.6199951171875,211.66000366210938,211.0399627685547,432600
2022-09-26,210.89999389648438,212.1300048828125,208.61000061035156,210.42999267578125,209.8135528564453,482700
2022-09-27,211.75999450683594,213.02999877929688,206.10000610351562,206.63999938964844,206.03465270996094,471300
2022-09-28,208.74000549316406,212.8699951171875,207.25999450683594,212.02000427246094,211.39889526367188,611900
2022-09-29,210.22000122070312,211.02000427246094,207.44000244140625,208.0,207.3906707763672,740400
2022-09-30,208.9499969482422,211.24000549316406,204.58999633789062,204.80999755859375,204.21002197265625,720100
2022-10-03,206.91000366210938,212.99000549316406,205.75999450683594,211.8000030517578,211.17955017089844,754700
2022-10-04,213.7100067138672,216.94000244140625,213.7100067138672,216.00999450683594,215.377197265625,606400
2022-10-05,213.5800018310547,216.6999969482422,211.24000549316406,215.02999877929688,214.40008544921875,481500
2022-10-06,213.97000122070312,213.97000122070312,209.4600067138672,210.27000427246094,209.65402221679688,605200
2022-10-07,208.05999755859375,208.9499969482422,203.85000610351562,205.61000061035156,205.00767517089844,1003300
2022-10-10,206.25,207.27999877929688,204.25,205.7100067138672,205.10739135742188,478500
2022-10-11,205.0,206.3300018310547,201.77999877929688,204.3000030517578,203.70152282714844,820200
2022-10-12,204.74000549316406,206.3800048828125,202.55999755859375,204.8300018310547,204.22996520996094,557800
2022-10-13,201.44000244140625,210.60000610351562,200.32000732421875,209.2899932861328,208.67689514160156,542500
2022-10-14,211.36000061035156,213.38999938964844,208.66000366210938,208.66000366210938,208.0487518310547,631500
2022-10-17,211.33999633789062,213.35000610351562,210.8300018310547,212.42999267578125,211.8076934814453,543800
2022-10-18,216.97999572753906,217.50999450683594,211.80999755859375,212.99000549316406,212.36605834960938,512400
2022-10-19,211.77999877929688,211.77999877929688,206.6199951171875,208.82000732421875,208.20828247070312,768000
2022-10-20,209.5399932861328,215.33999633789062,208.2899932861328,211.16000366210938,210.5414276123047,944500
2022-10-21,210.55999755859375,213.47000122070312,206.66000366210938,211.7100067138672,211.08981323242188,1943700
2022-10-24,214.1300048828125,216.82000732421875,213.4199981689453,214.7100067138672,214.08102416992188,706200
2022-10-25,215.5800018310547,229.30999755859375,215.2899932861328,228.2100067138672,227.54147338867188,1496800
2022-10-26,229.07000732421875,232.72999572753906,227.77000427246094,229.9499969482422,229.2763671875,1123600
2022-10-27,213.8699951171875,220.94000244140625,206.75999450683594,216.3000030517578,215.66636657714844,1564300
2022-10-28,215.1699981689453,225.02999877929688,213.6300048828125,224.2899932861328,223.63294982910156,1145800
2022-10-31,222.89999389648438,227.02000427246094,221.86000061035156,221.86000061035156,221.21006774902344,922900
2022-11-01,223.27000427246094,224.55999755859375,221.3000030517578,222.55999755859375,221.90802001953125,646400
2022-11-02,222.1199951171875,230.4600067138672,220.80999755859375,224.5800018310547,223.92210388183594,1074100
2022-11-03,221.0500030517578,225.0800018310547,219.82000732421875,223.5800018310547,222.92503356933594,1035900
2022-11-04,225.86000061035156,228.02999877929688,220.85000610351562,227.99000549316406,227.32211303710938,1119500
2022-11-07,229.97999572753906,234.5,227.63999938964844,233.77000427246094,233.08518981933594,873900
2022-11-08,232.6699981689453,236.6300048828125,232.2899932861328,235.58999633789062,234.89984130859375,875100
2022-11-09,234.42999267578125,236.13999938964844,230.3800048828125,230.5399932861328,229.86463928222656,969900
2022-11-10,237.32000732421875,243.47999572753906,236.42999267578125,243.07000732421875,242.35794067382812,957000
2022-11-11,243.41000366210938,250.52000427246094,242.0399932861328,248.97000122070312,248.24066162109375,948400
2022-11-14,248.11000061035156,249.14999389648438,245.1300048828125,245.1300048828125,244.4119110107422,789700
2022-11-15,246.4499969482422,249.2899932861328,243.91000366210938,245.77999877929688,245.05999755859375,586500
2022-11-16,246.22999572753906,246.55999755859375,242.30999755859375,243.8000030517578,243.8000030517578,513000
2022-11-17,240.77000427246094,242.42999267578125,228.1999969482422,232.97000122070312,232.97000122070312,1793900
2022-11-18,235.24000549316406,236.97999572753906,227.2899932861328,230.17999267578125,230.17999267578125,946100
2022-11-21,228.6699981689453,236.50999450683594,228.22000122070312,235.8800048828125,235.8800048828125,913500
2022-11-22,237.3000030517578,237.97999572753906,235.0,236.75,236.75,641000
2022-11-23,237.13999938964844,239.08999633789062,236.49000549316406,238.2899932861328,238.2899932861328,472500
2022-11-25,238.97999572753906,241.3800048828125,238.6300048828125,241.3699951171875,241.3699951171875,211100
2022-11-28,240.4499969482422,241.17999267578125,237.80999755859375,238.36000061035156,238.36000061035156,485400
2022-11-29,238.2899932861328,241.5,237.02000427246094,239.77999877929688,239.77999877929688,628400
2022-11-30,239.30999755859375,240.72999572753906,226.27999877929688,240.6999969482422,240.6999969482422,1668300
2022-12-01,243.27999877929688,244.97000122070312,240.6999969482422,241.77000427246094,241.77000427246094,569300
2022-12-02,238.91000366210938,241.91000366210938,237.5,241.57000732421875,241.57000732421875,749100
2022-12-05,239.38999938964844,240.02000427246094,233.88999938964844,236.38999938964844,236.38999938964844,676900
2022-12-06,236.22000122070312,237.5800018310547,233.14999389648438,234.14999389648438,234.14999389648438,597300
2022-12-07,234.2100067138672,236.1199951171875,232.97000122070312,233.67999267578125,233.67999267578125,726700
2022-12-08,234.35000610351562,236.0800018310547,231.25999450683594,235.67999267578125,235.67999267578125,522700
2022-12-09,235.39999389648438,236.17999267578125,233.0399932861328,233.55999755859375,233.55999755859375,438000
2022-12-12,231.32000732421875,231.32000732421875,225.6199951171875,227.5500030517578,227.5500030517578,1006500
2022-12-13,232.85000610351562,233.77000427246094,228.47999572753906,231.1300048828125,231.1300048828125,600200
2022-12-14,230.0,234.00999450683594,227.74000549316406,230.6199951171875,230.6199951171875,719600
2022-12-15,227.6699981689453,232.5800018310547,226.5800018310547,229.2899932861328,229.2899932861328,920200
2022-12-16,226.41000366210938,228.02000427246094,225.08999633789062,226.99000549316406,226.99000549316406,1146000
2022-12-19,226.0,229.69000244140625,222.8800048828125,229.00999450683594,229.00999450683594,725100
2022-12-20,228.83999633789062,231.27999877929688,225.97000122070312,226.77999877929688,226.77999877929688,770200
2022-12-21,229.16000366210938,232.6999969482422,228.3000030517578,231.92999267578125,231.92999267578125,624600
2022-12-22,230.33999633789062,231.99000549316406,227.9600067138672,231.7100067138672,231.7100067138672,414900
2022-12-23,231.25,232.35000610351562,229.2899932861328,231.64999389648438,231.64999389648438,374800
2022-12-27,231.4199981689453,233.39999389648438,230.3800048828125,232.9600067138672,232.9600067138672,340200
2022-12-28,233.80999755859375,235.4499969482422,230.47999572753906,231.27000427246094,231.27000427246094,350000
2022-12-29,232.74000549316406,236.4199981689453,232.50999450683594,235.49000549316406,235.49000549316406,374900
2022-12-30,234.7100067138672,235.74000549316406,233.47000122070312,235.47999572753906,235.47999572753906,666400
2023-01-03,236.5,238.1999969482422,234.4600067138672,237.77999877929688,237.77999877929688,664900
2023-01-04,240.39999389648438,241.30999755859375,237.77999877929688,239.6999969482422,239.6999969482422,607300
2023-01-05,237.47999572753906,240.44000244140625,235.72999572753906,239.97000122070312,239.97000122070312,662800
2023-01-06,241.99000549316406,243.60000610351562,239.1199951171875,243.02000427246094,243.02000427246094,481600
2023-01-09,244.47000122070312,245.64999389648438,242.08999633789062,243.4499969482422,243.4499969482422,592400
2023-01-10,243.66000366210938,245.75,243.5500030517578,245.2899932861328,245.2899932861328,373800
2023-01-11,247.64999389648438,254.42999267578125,247.64999389648438,254.22000122070312,254.22000122070312,961200
2023-01-12,254.5399932861328,254.69000244140625,250.3800048828125,252.3300018310547,252.3300018310547,702100
2023-01-13,251.3699951171875,253.80999755859375,249.35000610351562,251.7100067138672,251.7100067138672,601400
