Date,Open,High,Low,Close,Adj Close,Volume
2022-01-18,227.89999389648438,229.07000732421875,224.33999633789062,228.9499969482422,224.6340789794922,1913500
2022-01-19,227.64999389648438,232.13999938964844,227.02000427246094,227.6699981689453,223.37820434570312,1658700
2022-01-20,227.22000122070312,229.0399932861328,224.25999450683594,224.4600067138672,220.22872924804688,1008500
2022-01-21,225.07000732421875,225.36000061035156,220.0800018310547,220.75,216.5886688232422,1480400
2022-01-24,218.22999572753906,225.7899932861328,213.3300018310547,225.0500030517578,220.80758666992188,2552600
2022-01-25,223.22000122070312,226.4199981689453,219.74000549316406,224.4499969482422,220.21890258789062,1933500
2022-01-26,225.5500030517578,227.52999877929688,221.6699981689453,222.6300048828125,218.43321228027344,2220800
2022-01-27,222.6199951171875,224.1300048828125,213.82000732421875,216.27000427246094,212.19309997558594,2272400
2022-01-28,216.9499969482422,218.67999267578125,214.22000122070312,218.6699981689453,214.5478515625,2106500
2022-01-31,210.52999877929688,211.82000732421875,207.8000030517578,209.2899932861328,205.34466552734375,4447100
2022-02-01,207.39999389648438,210.6199951171875,206.0399932861328,209.9199981689453,205.96279907226562,2809000
2022-02-02,209.19000244140625,212.44000244140625,207.75999450683594,211.74000549316406,207.74850463867188,2152400
2022-02-03,210.77999877929688,214.61000061035156,210.2100067138672,213.57000732421875,209.54400634765625,1213800
2022-02-04,212.88999938964844,214.99000549316406,211.61000061035156,213.24000549316406,209.22023010253906,1056700
2022-02-07,214.52999877929688,218.00999450683594,213.1999969482422,217.4600067138672,213.3606719970703,1353700
2022-02-08,218.3000030517578,219.66000366210938,216.02999877929688,218.94000244140625,214.81277465820312,881200
2022-02-09,219.72999572753906,221.75,219.39999389648438,220.55999755859375,216.40223693847656,807700
2022-02-10,219.02000427246094,220.9499969482422,214.41000366210938,215.22000122070312,211.16290283203125,1134900
2022-02-11,215.22000122070312,223.36000061035156,214.52999877929688,222.97000122070312,218.76678466796875,1576100
2022-02-14,222.13999938964844,223.5500030517578,217.67999267578125,219.82000732421875,215.6761932373047,1239400
2022-02-15,219.99000549316406,221.1199951171875,216.32000732421875,217.0399932861328,212.94857788085938,1494800
2022-02-16,216.14999389648438,222.27000427246094,216.14999389648438,221.6199951171875,217.4422607421875,938700
2022-02-17,220.25,223.3300018310547,219.75,221.0,216.83392333984375,760500
2022-02-18,220.3300018310547,222.14999389648438,217.10000610351562,217.6199951171875,213.51763916015625,2082300
2022-02-22,219.80999755859375,220.8800048828125,217.0,218.9600067138672,214.83238220214844,1276700
2022-02-23,220.60000610351562,221.5,215.9600067138672,216.2899932861328,212.2127227783203,1100500
2022-02-24,220.0,228.69000244140625,217.1999969482422,228.47000122070312,224.16311645507812,2560900
2022-02-25,228.0,233.8800048828125,226.67999267578125,233.50999450683594,229.1081085205078,1222200
2022-02-28,236.99000549316406,252.35000610351562,236.0,252.30999755859375,247.5537109375,3524800
2022-03-01,252.61000061035156,261.9800109863281,252.61000061035156,255.0800018310547,250.27151489257812,3016200
2022-03-02,251.5500030517578,254.5,244.00999450683594,253.57000732421875,248.78997802734375,2227900
2022-03-03,254.0,256.0299987792969,251.22999572753906,255.47999572753906,250.66395568847656,1422100
2022-03-04,257.8399963378906,269.6000061035156,256.30999755859375,266.8800048828125,261.8490905761719,1685600
2022-03-07,269.95001220703125,279.7099914550781,268.739990234375,270.739990234375,265.6362609863281,2261500
2022-03-08,269.8999938964844,270.25,261.1400146484375,261.8599853515625,256.9236755371094,2303200
2022-03-09,258.5400085449219,261.70001220703125,252.19000244140625,255.52999877929688,250.7130126953125,2131900
2022-03-10,254.47000122070312,260.20001220703125,252.2100067138672,254.0,250.3089599609375,1550000
2022-03-11,254.99000549316406,257.0,249.8000030517578,250.0,246.36709594726562,2112900
2022-03-14,251.75999450683594,253.44000244140625,246.33999633789062,250.11000061035156,246.47549438476562,1904000
2022-03-15,251.10000610351562,258.6099853515625,247.88999938964844,258.1099853515625,254.35922241210938,1719000
2022-03-16,254.64999389648438,257.7699890136719,241.8000030517578,243.42999267578125,239.892578125,2349800
2022-03-17,246.13999938964844,250.30999755859375,243.86000061035156,248.7899932861328,245.17466735839844,1199100
2022-03-18,249.72000122070312,251.10000610351562,243.17999267578125,246.4499969482422,242.86868286132812,1974400
2022-03-21,249.61000061035156,255.74000549316406,248.22999572753906,253.86000061035156,250.17098999023438,981700
2022-03-22,252.82000732421875,253.27999877929688,246.94000244140625,251.99000549316406,248.32818603515625,1674800
2022-03-23,254.4199981689453,256.0299987792969,251.7899932861328,255.25999450683594,251.5506591796875,1055600
2022-03-24,255.47000122070312,259.0,253.5500030517578,256.8800048828125,253.14712524414062,1263800
2022-03-25,256.8699951171875,258.9700012207031,256.0299987792969,257.8500061035156,254.10301208496094,739400
2022-03-28,256.17999267578125,256.3800048828125,248.52000427246094,249.4499969482422,245.82508850097656,1230400
2022-03-29,245.80999755859375,247.58999633789062,240.0800018310547,246.60000610351562,243.01651000976562,2131400
2022-03-30,248.4199981689453,253.55999755859375,248.4199981689453,251.80999755859375,248.15078735351562,1246300
2022-03-31,250.41000366210938,253.97999572753906,248.47000122070312,248.47000122070312,244.8593292236328,851400
2022-04-01,249.1699981689453,253.2899932861328,248.72999572753906,253.1699981689453,249.49102783203125,855000
2022-04-04,253.8000030517578,253.8000030517578,251.17999267578125,252.63999938964844,248.96873474121094,960100
2022-04-05,252.77999877929688,258.5199890136719,252.77999877929688,256.44000244140625,252.7135009765625,1300000
2022-04-06,255.4199981689453,261.0799865722656,254.8800048828125,257.8999938964844,254.1522979736328,1151300
2022-04-07,256.3999938964844,261.1000061035156,254.16000366210938,260.79998779296875,257.0101623535156,992500
2022-04-08,261.239990234375,264.04998779296875,256.82000732421875,258.0299987792969,254.28041076660156,882600
2022-04-11,259.5,262.42999267578125,255.3699951171875,256.57000732421875,252.8416290283203,768400
2022-04-12,256.82000732421875,259.45001220703125,255.88999938964844,257.20001220703125,253.4624786376953,876700
2022-04-13,258.4200134277344,260.5799865722656,253.5500030517578,254.25,250.5553436279297,892700
2022-04-14,256.0,258.4200134277344,255.72999572753906,257.4100036621094,253.66940307617188,1048900
2022-04-18,257.510009765625,261.489990234375,255.60000610351562,259.7300109863281,255.95571899414062,907800
2022-04-19,258.9100036621094,264.7099914550781,256.3900146484375,257.7300109863281,253.9847869873047,986500
2022-04-20,257.6400146484375,260.6300048828125,255.22999572753906,257.82000732421875,254.07347106933594,621100
2022-04-21,258.1499938964844,258.1499938964844,245.13999938964844,246.08999633789062,242.51390075683594,1251800
2022-04-22,246.77999877929688,250.92999267578125,245.77999877929688,247.8800048828125,244.2779083251953,854800
2022-04-25,246.8000030517578,247.4499969482422,237.05999755859375,242.9199981689453,239.38998413085938,1297600
2022-04-26,244.3000030517578,246.22999572753906,240.30999755859375,240.35000610351562,236.85733032226562,1014800
2022-04-27,240.3699951171875,244.39999389648438,238.6699981689453,241.05999755859375,237.5570068359375,843200
2022-04-28,240.92999267578125,240.92999267578125,235.74000549316406,239.08999633789062,235.61563110351562,1248200
2022-04-29,250.89999389648438,253.86000061035156,231.4199981689453,232.25999450683594,228.8848876953125,1613700
2022-05-02,230.42999267578125,238.8699951171875,230.38999938964844,235.2100067138672,231.79202270507812,1307300
2022-05-03,236.75999450683594,239.9600067138672,236.1699981689453,237.52999877929688,234.07830810546875,1004800
2022-05-04,239.3000030517578,243.67999267578125,238.7100067138672,241.8000030517578,238.2862548828125,1248800
2022-05-05,242.30999755859375,242.97000122070312,238.1999969482422,241.47999572753906,237.9709014892578,1599200
2022-05-06,240.38999938964844,244.3699951171875,240.02000427246094,243.8300018310547,240.28675842285156,1265300
2022-05-09,242.61000061035156,244.25,238.61000061035156,239.25,235.77330017089844,1429900
2022-05-10,239.52999877929688,241.74000549316406,236.55999755859375,237.67999267578125,234.22610473632812,1212100
2022-05-11,236.30999755859375,242.5399932861328,235.72000122070312,238.47999572753906,235.0144805908203,811900
2022-05-12,238.47999572753906,240.02999877929688,233.47999572753906,235.55999755859375,232.13693237304688,1432400
2022-05-13,235.82000732421875,236.9199981689453,232.75,236.17999267578125,232.74790954589844,1046900
2022-05-16,236.32000732421875,240.47000122070312,235.22000122070312,238.9600067138672,235.48753356933594,850100
2022-05-17,239.89999389648438,242.99000549316406,237.91000366210938,241.61000061035156,238.09901428222656,824600
2022-05-18,241.0,242.00999450683594,236.6300048828125,237.85000610351562,234.39366149902344,971700
2022-05-19,237.85000610351562,238.94000244140625,229.72000122070312,232.74000549316406,229.35792541503906,1246300
2022-05-20,233.02000427246094,233.55999755859375,227.38999938964844,229.39999389648438,226.06643676757812,1913900
2022-05-23,231.5,234.39999389648438,230.0,233.8300018310547,230.4320831298828,821900
2022-05-24,233.6300048828125,238.1999969482422,232.99000549316406,237.66000366210938,234.2064208984375,669100
2022-05-25,238.6300048828125,238.99000549316406,235.83999633789062,236.64999389648438,233.21107482910156,724100
2022-05-26,238.2100067138672,239.66000366210938,236.16000366210938,236.7899932861328,233.34906005859375,584100
2022-05-27,237.8300018310547,240.94000244140625,235.7899932861328,240.9199981689453,237.41903686523438,668000
2022-05-31,238.7100067138672,241.72999572753906,237.02000427246094,240.89999389648438,237.3993377685547,1338000
2022-06-01,242.27000427246094,242.33999633789062,239.5399932861328,241.49000549316406,237.9807586669922,901500
2022-06-02,240.63999938964844,241.72999572753906,236.1699981689453,240.69000244140625,238.29757690429688,1045600
2022-06-03,239.77000427246094,243.9600067138672,238.7899932861328,243.13999938964844,240.72323608398438,587100
2022-06-06,243.6300048828125,244.92999267578125,240.75,241.10000610351562,238.70352172851562,575500
2022-06-07,239.82000732421875,247.33999633789062,238.89999389648438,246.38999938964844,243.94093322753906,630000
2022-06-08,245.4600067138672,246.82000732421875,243.9600067138672,244.4600067138672,242.03012084960938,935500
2022-06-09,244.0,245.6199951171875,240.47999572753906,240.58999633789062,238.19857788085938,766600
2022-06-10,239.64999389648438,241.7100067138672,237.1999969482422,240.42999267578125,238.0401611328125,897900
2022-06-13,237.0800018310547,237.17999267578125,232.0,233.25,230.93153381347656,1014100
2022-06-14,232.47999572753906,233.1199951171875,225.14999389648438,226.9199981689453,224.66444396972656,941200
2022-06-15,227.8699951171875,229.02000427246094,222.5,226.6999969482422,224.44662475585938,858400
2022-06-16,224.97999572753906,226.27000427246094,221.3000030517578,222.0800018310547,219.87255859375,863000
2022-06-17,222.27000427246094,223.77000427246094,217.77999877929688,221.57000732421875,219.3676300048828,1925800
2022-06-21,224.13999938964844,230.27999877929688,223.36000061035156,229.60000610351562,227.31781005859375,809500
2022-06-22,226.32000732421875,232.30999755859375,226.02999877929688,229.63999938964844,227.357421875,843300
2022-06-23,229.9600067138672,231.89999389648438,226.1199951171875,228.38999938964844,226.11984252929688,464100
2022-06-24,230.16000366210938,233.97000122070312,228.5,233.5500030517578,231.22854614257812,827300
2022-06-27,233.99000549316406,238.49000549316406,233.02000427246094,236.80999755859375,234.45614624023438,608000
2022-06-28,237.19000244140625,240.67999267578125,235.27000427246094,235.82000732421875,233.4759979248047,780700
2022-06-29,237.5,238.0,234.74000549316406,237.80999755859375,235.4462127685547,558300
2022-06-30,236.77999877929688,241.89999389648438,235.4600067138672,241.6999969482422,239.29754638671875,1053400
2022-07-01,242.13999938964844,244.63999938964844,238.5500030517578,243.24000549316406,240.82223510742188,564100
2022-07-05,239.85000610351562,240.89999389648438,227.27000427246094,230.9600067138672,228.664306640625,911300
2022-07-06,232.10000610351562,240.0,232.10000610351562,239.60000610351562,237.2184295654297,1052500
2022-07-07,239.4199981689453,244.2899932861328,237.35000610351562,238.57000732421875,236.19866943359375,622100
2022-07-08,239.11000061035156,240.50999450683594,237.58999633789062,238.1699981689453,235.80262756347656,471700
2022-07-11,236.8699951171875,239.44000244140625,235.3699951171875,238.55999755859375,236.18875122070312,558400
2022-07-12,236.4499969482422,237.0,231.5399932861328,232.19000244140625,229.88206481933594,1008900
2022-07-13,229.2100067138672,233.22000122070312,226.97000122070312,227.02000427246094,224.76345825195312,927600
2022-07-14,223.42999267578125,224.3300018310547,219.11000061035156,221.91000366210938,219.70425415039062,1118600
2022-07-15,225.22999572753906,225.85000610351562,221.67999267578125,223.83999633789062,221.6150665283203,1106200
2022-07-18,224.94000244140625,225.8300018310547,219.92999267578125,220.1199951171875,217.93203735351562,1293500
2022-07-19,219.11000061035156,226.63999938964844,218.5800018310547,225.63999938964844,223.39718627929688,1810400
2022-07-20,226.16000366210938,227.05999755859375,223.7100067138672,224.3699951171875,222.13980102539062,1448100
2022-07-21,223.63999938964844,225.19000244140625,221.24000549316406,224.08999633789062,221.86257934570312,1067600
2022-07-22,225.47999572753906,229.02000427246094,224.3000030517578,225.1300048828125,222.8922576904297,720700
2022-07-25,225.22000122070312,228.25,224.88999938964844,226.3000030517578,224.0506134033203,552900
2022-07-26,226.3000030517578,227.60000610351562,223.14999389648438,223.75,221.52597045898438,718500
2022-07-27,223.67999267578125,225.3800048828125,220.8699951171875,223.89999389648438,221.67446899414062,1049000
2022-07-28,225.0500030517578,232.0800018310547,223.07000732421875,231.7899932861328,229.4860382080078,1253900
2022-07-29,229.1699981689453,241.11000061035156,228.08999633789062,239.97000122070312,237.58474731445312,1759300
2022-08-01,240.50999450683594,243.92999267578125,238.39999389648438,241.0,238.60450744628906,1138800
2022-08-02,242.6699981689453,248.52999877929688,239.97000122070312,243.97000122070312,241.5449676513672,1049300
2022-08-03,243.2899932861328,243.60000610351562,235.0,241.36000061035156,238.96092224121094,984800
2022-08-04,241.97000122070312,242.99000549316406,237.67999267578125,237.85000610351562,235.48582458496094,944200
2022-08-05,236.50999450683594,237.91000366210938,232.9199981689453,234.5800018310547,232.24832153320312,1355000
2022-08-08,235.32000732421875,236.39999389648438,228.82000732421875,231.75,229.44644165039062,1046200
2022-08-09,232.8000030517578,234.47999572753906,231.0399932861328,233.5,231.17904663085938,1200200
2022-08-10,234.77999877929688,235.1699981689453,232.60000610351562,234.67999267578125,232.34732055664062,725500
2022-08-11,234.75,235.9600067138672,230.35000610351562,231.2899932861328,228.9910125732422,1051800
2022-08-12,231.8699951171875,236.75,230.69000244140625,236.74000549316406,234.3868408203125,1024200
2022-08-15,235.97000122070312,241.61000061035156,235.47000122070312,240.02999877929688,237.64413452148438,663900
2022-08-16,239.8800048828125,240.92999267578125,238.05999755859375,239.3300018310547,236.9510955810547,450600
2022-08-17,237.57000732421875,242.36000061035156,237.0,239.8800048828125,237.49563598632812,614800
2022-08-18,241.6199951171875,242.92999267578125,238.11000061035156,238.3800048828125,236.0105438232422,545100
2022-08-19,237.9499969482422,239.55999755859375,237.4499969482422,238.42999267578125,236.06002807617188,607900
2022-08-22,237.35000610351562,238.4199981689453,230.47999572753906,231.1999969482422,228.9019012451172,1108900
2022-08-23,232.25,234.86000061035156,230.69000244140625,232.13999938964844,229.8325653076172,1515600
2022-08-24,232.75,234.67999267578125,231.89999389648438,233.0800018310547,230.7632293701172,896900
2022-08-25,233.8000030517578,238.57000732421875,233.4499969482422,238.44000244140625,236.0699462890625,838000
2022-08-26,239.39999389648438,240.58999633789062,233.91000366210938,234.05999755859375,231.7334747314453,705700
2022-08-29,232.02000427246094,235.50999450683594,230.80999755859375,233.27999877929688,230.96124267578125,684500
2022-08-30,234.60000610351562,234.83999633789062,230.42999267578125,231.24000549316406,228.9415283203125,637400
2022-08-31,231.3000030517578,233.5,227.67999267578125,228.19000244140625,225.92184448242188,1412300
2022-09-01,226.22999572753906,228.80999755859375,226.0500030517578,227.49000549316406,226.3397216796875,834700
2022-09-02,228.6199951171875,231.0500030517578,225.69000244140625,227.1999969482422,226.05117797851562,1092600
2022-09-06,227.19000244140625,231.50999450683594,226.74000549316406,229.77000427246094,228.60818481445312,1258700
2022-09-07,228.6699981689453,233.77000427246094,228.16000366210938,233.14999389648438,231.97108459472656,928300
2022-09-08,233.08999633789062,234.50999450683594,231.00999450683594,233.72000122070312,232.5382080078125,767500
2022-09-09,234.08999633789062,237.32000732421875,233.74000549316406,236.13999938964844,234.9459686279297,847800
2022-09-12,236.14999389648438,236.24000549316406,234.14999389648438,234.75,233.56300354003906,752500
2022-09-13,232.38999938964844,235.75999450683594,225.3800048828125,226.3300018310547,225.18557739257812,1484300
2022-09-14,227.24000549316406,234.0800018310547,226.8699951171875,233.9600067138672,232.77700805664062,1004500
2022-09-15,233.0,233.47999572753906,226.74000549316406,228.42999267578125,227.2749481201172,944000
2022-09-16,226.3699951171875,230.33999633789062,225.50999450683594,230.00999450683594,228.8469696044922,1706800
2022-09-19,229.14999389648438,232.1999969482422,225.77000427246094,230.07000732421875,228.90667724609375,853300
2022-09-20,229.64999389648438,229.64999389648438,225.1699981689453,228.47000122070312,227.31475830078125,682100
2022-09-21,233.58999633789062,237.1199951171875,228.67999267578125,228.72000122070312,227.56349182128906,961300
2022-09-22,228.1300048828125,228.16000366210938,223.99000549316406,226.00999450683594,224.8671875,906900
2022-09-23,224.0500030517578,224.52999877929688,217.52000427246094,220.38999938964844,219.27560424804688,859500
2022-09-26,219.4499969482422,220.77000427246094,215.25999450683594,215.6699981689453,214.57948303222656,799600
2022-09-27,216.9499969482422,218.39999389648438,212.3000030517578,212.55999755859375,211.48519897460938,645500
2022-09-28,210.60000610351562,216.10000610351562,207.36000061035156,214.57000732421875,213.48504638671875,970300
2022-09-29,214.0500030517578,215.19000244140625,207.9199981689453,209.35000610351562,208.29144287109375,703600
2022-09-30,207.11000061035156,210.67999267578125,206.88999938964844,207.8300018310547,206.7791290283203,1070300
2022-10-03,210.42999267578125,219.52999877929688,210.0,217.39999389648438,216.30072021484375,1063100
2022-10-04,219.69000244140625,224.38999938964844,218.7100067138672,224.1199951171875,222.9867401123047,1071500
2022-10-05,222.13999938964844,223.52000427246094,220.5,220.83999633789062,219.72332763671875,710500
2022-10-06,220.0,222.49000549316406,219.9199981689453,220.5,219.3850555419922,990600
2022-10-07,219.7899932861328,224.50999450683594,219.38999938964844,224.32000732421875,223.1857452392578,1270400
2022-10-10,226.5399932861328,231.69000244140625,225.61000061035156,230.44000244140625,229.27479553222656,1695900
2022-10-11,229.07000732421875,235.10000610351562,229.07000732421875,231.5,230.32943725585938,1593300
2022-10-12,230.49000549316406,231.97000122070312,223.75999450683594,224.1699981689453,223.0364990234375,1061600
2022-10-13,222.8000030517578,228.32000732421875,222.14999389648438,227.52999877929688,226.37950134277344,1135300
2022-10-14,227.11000061035156,228.1699981689453,218.05999755859375,218.50999450683594,217.4051055908203,1401100
2022-10-17,220.0,226.1999969482422,219.91000366210938,223.55999755859375,222.42958068847656,812700
2022-10-18,227.5800018310547,237.22999572753906,226.4600067138672,236.5800018310547,235.3837432861328,1442500
2022-10-19,236.94000244140625,240.86000061035156,235.24000549316406,237.61000061035156,236.40853881835938,932900
2022-10-20,237.72000122070312,239.36000061035156,236.24000549316406,239.0,237.79150390625,1444000
2022-10-21,240.0,248.74000549316406,239.6999969482422,247.1999969482422,245.95004272460938,1711700
2022-10-24,249.25999450683594,250.32000732421875,246.52000427246094,248.11000061035156,246.85545349121094,1296200
2022-10-25,246.88999938964844,249.11000061035156,244.6999969482422,248.22999572753906,246.97483825683594,1058700
2022-10-26,249.97999572753906,252.6999969482422,248.0,249.99000549316406,248.7259521484375,1214300
2022-10-27,250.75,255.10000610351562,250.1199951171875,252.8000030517578,251.521728515625,1169300
2022-10-28,242.0,250.8699951171875,233.24000549316406,248.74000549316406,247.48226928710938,2513000
2022-10-31,245.22000122070312,250.0399932861328,242.41000366210938,246.47000122070312,245.22373962402344,1274200
2022-11-01,247.1300048828125,249.08999633789062,240.8300018310547,241.14999389648438,239.93063354492188,1128800
2022-11-02,240.5399932861328,243.4199981689453,238.72999572753906,238.80999755859375,237.6024627685547,1259800
2022-11-03,235.5,237.66000366210938,234.39999389648438,234.97999572753906,233.79183959960938,1321900
2022-11-04,234.99000549316406,234.99000549316406,225.27000427246094,229.3300018310547,228.17041015625,1548500
2022-11-07,229.5800018310547,231.89999389648438,228.52999877929688,230.5800018310547,229.41409301757812,1277100
2022-11-08,229.3800048828125,236.36000061035156,228.74000549316406,236.08999633789062,234.89622497558594,1420600
2022-11-09,236.1300048828125,239.14999389648438,233.52000427246094,237.6699981689453,236.46823120117188,1594100
2022-11-10,240.7100067138672,242.60000610351562,234.27000427246094,239.33999633789062,238.12979125976562,1425100
2022-11-11,229.50999450683594,232.3800048828125,220.77999877929688,224.75,223.6135711669922,3025400
2022-11-14,226.0500030517578,227.61000061035156,217.33999633789062,217.8000030517578,216.69871520996094,2243200
2022-11-15,219.10000610351562,225.0,215.0,221.24000549316406,220.12132263183594,2251700
2022-11-16,221.63999938964844,223.41000366210938,219.25,221.5,220.3800048828125,1034300
2022-11-17,219.0,223.22999572753906,218.44000244140625,221.5,221.5,1243600
2022-11-18,222.77000427246094,225.16000366210938,220.6999969482422,224.0,224.0,797500
2022-11-21,223.57000732421875,226.82000732421875,223.25,225.35000610351562,225.35000610351562,865900
2022-11-22,226.49000549316406,227.97000122070312,224.69000244140625,225.32000732421875,225.32000732421875,660000
2022-11-23,225.2100067138672,228.25999450683594,224.1699981689453,226.42999267578125,226.42999267578125,795900
2022-11-25,227.97999572753906,228.9600067138672,226.86000061035156,228.67999267578125,228.67999267578125,232300
2022-11-28,227.91000366210938,229.10000610351562,224.74000549316406,225.86000061035156,225.86000061035156,621200
2022-11-29,226.08999633789062,227.67999267578125,225.16000366210938,225.61000061035156,225.61000061035156,531600
2022-11-30,225.19000244140625,227.1199951171875,221.72000122070312,227.0800018310547,227.0800018310547,2026100
2022-12-01,228.35000610351562,229.13999938964844,223.24000549316406,225.38999938964844,225.38999938964844,1181600
2022-12-02,224.3300018310547,230.72999572753906,223.97000122070312,230.0,230.0,999900
2022-12-05,227.25,227.91000366210938,224.39999389648438,224.7100067138672,224.7100067138672,597700
2022-12-06,226.0,226.0,218.6199951171875,218.75999450683594,218.75999450683594,697700
2022-12-07,218.60000610351562,221.1199951171875,216.19000244140625,217.91000366210938,217.91000366210938,1075200
2022-12-08,219.7899932861328,220.08999633789062,217.13999938964844,217.80999755859375,217.80999755859375,1111700
2022-12-09,216.5800018310547,219.2100067138672,215.1199951171875,215.52999877929688,215.52999877929688,786700
2022-12-12,216.5,218.14999389648438,215.50999450683594,217.58999633789062,217.58999633789062,884400
2022-12-13,220.22000122070312,220.4199981689453,215.0399932861328,216.14999389648438,216.14999389648438,1442000
2022-12-14,216.8800048828125,220.10000610351562,216.00999450683594,218.0399932861328,218.0399932861328,775600
2022-12-15,220.3000030517578,221.02999877929688,213.61000061035156,216.47999572753906,216.47999572753906,1034200
2022-12-16,214.22000122070312,215.77999877929688,210.50999450683594,213.27000427246094,213.27000427246094,2182700
2022-12-19,207.1999969482422,208.63999938964844,203.8300018310547,205.5500030517578,205.5500030517578,3032900
2022-12-20,202.97000122070312,207.25,202.97000122070312,205.60000610351562,205.60000610351562,1741500
2022-12-21,206.50999450683594,207.5800018310547,204.36000061035156,206.97999572753906,206.97999572753906,1797800
2022-12-22,206.27999877929688,207.1999969482422,202.30999755859375,204.80999755859375,204.80999755859375,1112200
2022-12-23,204.8300018310547,206.5500030517578,204.0,206.24000549316406,206.24000549316406,731000
2022-12-27,207.0,209.3000030517578,206.39999389648438,206.4499969482422,206.4499969482422,637900
2022-12-28,207.14999389648438,207.99000549316406,204.22999572753906,204.55999755859375,204.55999755859375,764600
2022-12-29,204.6699981689453,208.10000610351562,204.66000366210938,206.66000366210938,206.66000366210938,898200
2022-12-30,206.82000732421875,208.75,205.39999389648438,208.2100067138672,208.2100067138672,716600
2023-01-03,207.58999633789062,209.02999877929688,205.6199951171875,206.92999267578125,206.92999267578125,949200
2023-01-04,206.1999969482422,209.3800048828125,204.5,206.92999267578125,206.92999267578125,925100
2023-01-05,206.36000061035156,206.8699951171875,203.64999389648438,206.1300048828125,206.1300048828125,886300
2023-01-06,207.8300018310547,210.92999267578125,203.4199981689453,206.17999267578125,206.17999267578125,1031200
2023-01-09,206.22999572753906,206.22999572753906,199.50999450683594,201.07000732421875,201.07000732421875,1604600
2023-01-10,201.82000732421875,203.02000427246094,199.8699951171875,201.9499969482422,201.9499969482422,1084600
2023-01-11,201.9499969482422,202.50999450683594,199.1699981689453,199.91000366210938,199.91000366210938,1854300
2023-01-12,199.57000732421875,201.9600067138672,197.02000427246094,199.75,199.75,2112500
2023-01-13,196.8300018310547,199.50999450683594,193.8699951171875,197.16000366210938,197.16000366210938,1778800
