Date,Open,High,Low,Close,Adj Close,Volume
2022-01-18,370.45001220703125,377.3599853515625,368.8599853515625,376.5400085449219,366.905517578125,2471600
2022-01-19,375.5,381.45001220703125,374.17999267578125,377.3299865722656,367.67529296875,3336700
2022-01-20,377.010009765625,381.1499938964844,374.010009765625,375.1300048828125,365.5316162109375,2109100
2022-01-21,374.0,377.1000061035156,369.67999267578125,371.20001220703125,361.7021789550781,2795400
2022-01-24,369.54998779296875,374.5400085449219,365.3399963378906,373.3299865722656,363.77764892578125,3022300
2022-01-25,377.8500061035156,388.0,370.7799987792969,387.1700134277344,377.2635498046875,3182400
2022-01-26,388.0,393.6300048828125,383.70001220703125,391.239990234375,381.2294006347656,3640500
2022-01-27,389.3900146484375,395.6000061035156,384.739990234375,389.0799865722656,379.12469482421875,2566200
2022-01-28,389.1000061035156,393.3299865722656,384.7799987792969,393.1499938964844,383.0905456542969,2145100
2022-01-31,390.5,390.989990234375,384.67999267578125,389.1300048828125,379.17340087890625,2363400
2022-02-01,390.2200012207031,390.510009765625,386.2099914550781,387.010009765625,377.1076354980469,1951100
2022-02-02,386.1099853515625,388.3500061035156,385.010009765625,387.3399963378906,377.42919921875,1620600
2022-02-03,388.17999267578125,392.1700134277344,386.3900146484375,389.70001220703125,379.72882080078125,1649000
2022-02-04,388.0,392.8399963378906,385.32000732421875,389.3299865722656,379.3682861328125,1645800
2022-02-07,392.0,395.5799865722656,388.29998779296875,392.3399963378906,382.3012390136719,1243000
2022-02-08,395.67999267578125,396.8399963378906,390.6000061035156,396.0400085449219,385.9065856933594,1311400
2022-02-09,395.5,397.6199951171875,393.69000244140625,394.5400085449219,384.4449768066406,1541900
2022-02-10,393.0400085449219,395.6600036621094,383.92999267578125,385.42999267578125,375.5680236816406,2301100
2022-02-11,386.760009765625,398.8500061035156,385.3500061035156,396.19000244140625,386.0527648925781,3276400
2022-02-14,393.9800109863281,395.5199890136719,383.7900085449219,386.9700012207031,377.06866455078125,2799800
2022-02-15,381.9100036621094,387.29998779296875,378.32000732421875,382.2200012207031,372.4402160644531,2418600
2022-02-16,382.8500061035156,388.7099914550781,382.0,386.8999938964844,377.0004577636719,1776800
2022-02-17,386.1199951171875,391.69000244140625,385.7699890136719,388.7699890136719,378.82257080078125,1248800
2022-02-18,389.1400146484375,391.0799865722656,385.7099914550781,386.4599914550781,376.57171630859375,1459900
2022-02-22,391.2699890136719,393.4200134277344,385.07000732421875,386.20001220703125,376.318359375,1680900
2022-02-23,389.1700134277344,390.2799987792969,384.5,388.8999938964844,378.94927978515625,1839500
2022-02-24,398.2300109863281,398.9800109863281,387.4200134277344,395.7099914550781,385.58502197265625,4140900
2022-02-25,395.2300109863281,414.45001220703125,395.2200012207031,409.489990234375,399.0124206542969,3376300
2022-02-28,413.80999755859375,433.8999938964844,413.5,433.79998779296875,425.6106262207031,5808600
2022-03-01,435.0,458.5299987792969,435.0,456.6099853515625,447.9900207519531,5719300
2022-03-02,445.3699951171875,451.55999755859375,429.2799987792969,450.0,441.50482177734375,5003400
2022-03-03,444.7200012207031,455.8999938964844,437.44000244140625,447.82000732421875,439.3659973144531,4603500
2022-03-04,450.04998779296875,462.6600036621094,443.07000732421875,458.1499938964844,449.5009765625,3320300
2022-03-07,463.010009765625,479.989990234375,463.0,466.1499938964844,457.3499755859375,5210100
2022-03-08,463.7799987792969,468.0,448.3599853515625,448.989990234375,440.5138854980469,4133700
2022-03-09,437.5,455.739990234375,432.42999267578125,448.7200012207031,440.2489929199219,3477300
2022-03-10,450.6300048828125,456.9599914550781,442.239990234375,444.3599853515625,435.9712829589844,3049600
2022-03-11,442.0,448.69000244140625,438.6099853515625,439.0400085449219,430.7517395019531,2649100
2022-03-14,449.44000244140625,449.7799987792969,439.2099914550781,444.45001220703125,436.05963134765625,2475700
2022-03-15,444.75,450.4200134277344,440.2799987792969,448.6700134277344,440.199951171875,1778700
2022-03-16,435.04998779296875,436.8900146484375,411.3599853515625,421.3399963378906,413.3858947753906,5815500
2022-03-17,427.05999755859375,431.7799987792969,424.79998779296875,428.5899963378906,420.4990234375,2947700
2022-03-18,434.6700134277344,437.489990234375,421.70001220703125,426.17999267578125,418.1344909667969,5215700
2022-03-21,431.6300048828125,447.92999267578125,431.6300048828125,440.0,431.6936340332031,3245200
2022-03-22,439.45001220703125,443.8399963378906,434.19000244140625,440.5899963378906,432.2724914550781,2113800
2022-03-23,444.0,447.5,442.3500061035156,445.25,436.84454345703125,1715100
2022-03-24,445.29998779296875,451.5,443.2300109863281,449.7300109863281,441.23992919921875,1375400
2022-03-25,450.0299987792969,457.5299987792969,450.0,453.6600036621094,445.0957336425781,1646300
2022-03-28,449.32000732421875,450.4599914550781,443.30999755859375,444.9800109863281,436.5796203613281,1676200
2022-03-29,433.25,438.1199951171875,429.32000732421875,437.1499938964844,428.89739990234375,2451100
2022-03-30,439.32000732421875,447.05999755859375,439.30999755859375,445.95001220703125,437.5312805175781,1719500
2022-03-31,441.9599914550781,448.8699951171875,441.0,441.3999938964844,433.06719970703125,1660700
2022-04-01,442.2200012207031,448.989990234375,438.82000732421875,445.9800109863281,437.56072998046875,1174200
2022-04-04,447.4800109863281,448.0,439.54998779296875,444.010009765625,435.6279296875,1166300
2022-04-05,445.0,454.80999755859375,443.3800048828125,447.239990234375,438.79693603515625,2240200
2022-04-06,446.3800048828125,457.55999755859375,446.3800048828125,454.5799865722656,445.9983825683594,1941400
2022-04-07,453.0,467.3999938964844,450.7900085449219,465.510009765625,456.7220458984375,2032700
2022-04-08,467.7200012207031,471.5899963378906,459.6099853515625,461.5199890136719,452.8073425292969,1710700
2022-04-11,463.7900085449219,474.45001220703125,462.19000244140625,464.25,455.48583984375,1911200
2022-04-12,466.20001220703125,471.739990234375,461.3800048828125,467.54998779296875,458.7235107421875,1502300
2022-04-13,471.0,474.6099853515625,466.25,469.19000244140625,460.33258056640625,1212400
2022-04-14,471.9100036621094,473.7300109863281,466.0400085449219,467.6600036621094,458.8314514160156,1965200
2022-04-18,467.0,471.9700012207031,459.1099853515625,467.44000244140625,458.6156311035156,1638900
2022-04-19,462.489990234375,475.5,458.42999267578125,459.8999938964844,451.2179260253906,2044000
2022-04-20,459.8800048828125,461.3599853515625,452.7799987792969,453.8699951171875,445.3017578125,1636200
2022-04-21,455.0,455.95001220703125,438.8500061035156,439.5400085449219,431.2423400878906,1937600
2022-04-22,440.8900146484375,450.8999938964844,438.3900146484375,445.7900085449219,437.37432861328125,1451700
2022-04-25,443.0,444.82000732421875,433.2699890136719,442.8900146484375,434.5290832519531,1499800
2022-04-26,447.0400085449219,452.32000732421875,443.17999267578125,446.0899963378906,437.66864013671875,1440400
2022-04-27,446.2300109863281,452.0,439.2699890136719,444.9800109863281,436.5796203613281,1017500
2022-04-28,449.0,449.0,437.5199890136719,441.7099914550781,433.371337890625,1348800
2022-04-29,444.42999267578125,445.010009765625,430.3800048828125,432.1199951171875,423.9623718261719,1479500
2022-05-02,429.6000061035156,437.489990234375,426.1499938964844,430.80999755859375,422.6771240234375,1397100
2022-05-03,434.3800048828125,437.6000061035156,430.9599914550781,434.7699890136719,426.56231689453125,1332000
2022-05-04,437.0299987792969,445.989990234375,434.8900146484375,445.739990234375,437.32525634765625,1172600
2022-05-05,445.739990234375,447.4700012207031,438.6099853515625,443.1499938964844,434.78411865234375,1183800
2022-05-06,441.5299987792969,449.5799865722656,439.9100036621094,449.42999267578125,440.94561767578125,1409800
2022-05-09,447.0299987792969,448.7799987792969,437.1199951171875,438.8399963378906,430.5555114746094,1354500
2022-05-10,439.94000244140625,446.5,437.5,439.1300048828125,430.8400573730469,978500
2022-05-11,437.5,444.989990234375,436.6199951171875,440.4100036621094,432.0958557128906,1018200
2022-05-12,439.260009765625,441.32000732421875,428.3500061035156,434.5899963378906,426.3857727050781,1390200
2022-05-13,435.3599853515625,437.7099914550781,429.0,435.1700134277344,426.9548034667969,1114700
2022-05-16,435.0,440.3699951171875,432.1600036621094,437.54998779296875,429.28985595703125,1004700
2022-05-17,439.80999755859375,442.2200012207031,431.260009765625,441.0,432.6747131347656,798100
2022-05-18,441.0,442.07000732421875,433.1000061035156,434.3299865722656,426.130615234375,986900
2022-05-19,430.8500061035156,432.989990234375,419.2900085449219,425.6199951171875,417.5850830078125,1539800
2022-05-20,428.0,428.0,417.2900085449219,424.1499938964844,416.142822265625,1632500
2022-05-23,427.44000244140625,435.6499938964844,427.44000244140625,433.0299987792969,424.8551940917969,1038200
2022-05-24,433.0,443.30999755859375,433.0,442.7799987792969,434.421142578125,1034100
2022-05-25,443.4800109863281,448.6300048828125,441.29998779296875,447.5400085449219,439.09124755859375,1032200
2022-05-26,450.0,454.05999755859375,447.7699890136719,447.989990234375,439.53277587890625,1143100
2022-05-27,451.1400146484375,451.4700012207031,444.4599914550781,450.55999755859375,442.05426025390625,1265800
2022-05-31,443.0,445.0,438.4100036621094,440.1099853515625,434.5017395019531,2539100
2022-06-01,443.0299987792969,443.8500061035156,436.489990234375,439.29998779296875,433.7020568847656,1199000
2022-06-02,441.760009765625,442.5400085449219,430.44000244140625,441.1099853515625,435.4889831542969,1210000
2022-06-03,440.0,446.5799865722656,439.1600036621094,442.69000244140625,437.04888916015625,928000
2022-06-06,443.82000732421875,446.0,441.55999755859375,443.4100036621094,437.75970458984375,690000
2022-06-07,442.0,456.6700134277344,441.3999938964844,456.29998779296875,450.4854431152344,1126000
2022-06-08,452.0,454.6400146484375,442.9100036621094,443.4100036621094,437.75970458984375,1151600
2022-06-09,443.4200134277344,443.54998779296875,432.5,432.7200012207031,427.2059326171875,995100
2022-06-10,431.0,434.3500061035156,425.75,430.19000244140625,424.7081604003906,1165700
2022-06-13,424.3999938964844,428.3599853515625,421.5199890136719,423.92999267578125,418.5279235839844,1483000
2022-06-14,424.010009765625,424.1600036621094,411.1099853515625,416.1700134277344,410.8668212890625,1497800
2022-06-15,417.55999755859375,419.0,408.8699951171875,414.1000061035156,408.82318115234375,1241700
2022-06-16,410.42999267578125,412.8900146484375,403.0199890136719,404.7900085449219,399.6318359375,1580300
2022-06-17,403.57000732421875,405.3999938964844,394.6600036621094,404.010009765625,398.8617858886719,3757100
2022-06-21,412.0,420.5,409.010009765625,418.9599914550781,413.6212463378906,1474400
2022-06-22,414.05999755859375,420.4200134277344,411.7900085449219,415.45001220703125,410.156005859375,1073300
2022-06-23,415.3699951171875,416.2699890136719,407.17999267578125,410.6199951171875,405.3875427246094,988700
2022-06-24,415.8399963378906,419.4800109863281,410.67999267578125,419.0400085449219,413.70025634765625,1768000
2022-06-27,419.0400085449219,423.19000244140625,417.4700012207031,419.25,413.9075622558594,779000
2022-06-28,423.0,427.55999755859375,419.3500061035156,420.7099914550781,415.3489685058594,953300
2022-06-29,423.05999755859375,424.4100036621094,416.42999267578125,418.8900146484375,413.55218505859375,733800
2022-06-30,418.1600036621094,430.32000732421875,416.8800048828125,429.9599914550781,424.4811096191406,1269500
2022-07-01,429.739990234375,434.9599914550781,424.4800109863281,433.5199890136719,427.9957275390625,1296900
2022-07-05,424.7900085449219,425.7699890136719,407.2099914550781,415.25,409.95855712890625,1712800
2022-07-06,416.8999938964844,427.8599853515625,415.2799987792969,425.8900146484375,420.4629821777344,1044900
2022-07-07,424.4800109863281,428.0,419.54998779296875,422.19000244140625,416.8100891113281,1177100
2022-07-08,425.5400085449219,426.9700012207031,419.9700012207031,420.3500061035156,414.9935607910156,682000
2022-07-11,417.8999938964844,423.0,415.3800048828125,419.07000732421875,413.7298583984375,602600
2022-07-12,419.4700012207031,419.8900146484375,412.6000061035156,413.989990234375,408.714599609375,680500
2022-07-13,409.1099853515625,417.7699890136719,407.7300109863281,408.0,402.8009338378906,1155500
2022-07-14,403.19000244140625,405.3699951171875,397.5199890136719,400.30999755859375,395.2088928222656,1160700
2022-07-15,403.7099914550781,403.7099914550781,397.80999755859375,398.3800048828125,393.3034973144531,1223200
2022-07-18,399.9700012207031,400.0,387.0299987792969,387.2799987792969,382.3449401855469,2759700
2022-07-19,378.82000732421875,390.57000732421875,373.6700134277344,390.3800048828125,385.40545654296875,3023800
2022-07-20,390.6600036621094,397.4800109863281,385.6700134277344,395.2200012207031,390.18377685546875,1560300
2022-07-21,394.32000732421875,395.54998779296875,389.6400146484375,395.20001220703125,390.1640319824219,941000
2022-07-22,399.95001220703125,401.9700012207031,393.4599914550781,394.739990234375,389.70989990234375,769400
2022-07-25,394.3699951171875,403.7300109863281,393.6300048828125,399.79998779296875,394.7054138183594,1038300
2022-07-26,400.17999267578125,402.9800109863281,396.57000732421875,396.80999755859375,391.7535095214844,992400
2022-07-27,397.7900085449219,399.25,394.0,398.5400085449219,393.46148681640625,838600
2022-07-28,399.1499938964844,406.7699890136719,396.1400146484375,406.0799865722656,400.9053955078125,1014600
2022-07-29,406.489990234375,414.1499938964844,402.0,413.80999755859375,408.5368957519531,1493500
2022-08-01,418.239990234375,428.5,416.6400146484375,419.2799987792969,413.9371643066406,1721900
2022-08-02,425.010009765625,432.8399963378906,419.1000061035156,428.7799987792969,423.3161315917969,2453900
2022-08-03,427.2699890136719,431.760009765625,419.6400146484375,429.29998779296875,423.8294982910156,1330500
2022-08-04,430.7099914550781,434.6499938964844,426.8900146484375,428.1300048828125,422.6744079589844,1126400
2022-08-05,425.260009765625,427.8399963378906,419.5299987792969,426.4100036621094,420.976318359375,932500
2022-08-08,427.5,429.3699951171875,421.67999267578125,423.8599853515625,418.45880126953125,814800
2022-08-09,426.95001220703125,431.8800048828125,425.70001220703125,428.54998779296875,423.08905029296875,747400
2022-08-10,430.07000732421875,432.25,426.3399963378906,429.989990234375,424.51068115234375,1409300
2022-08-11,429.239990234375,432.489990234375,427.20001220703125,428.8500061035156,423.38525390625,949300
2022-08-12,428.8999938964844,434.2900085449219,427.19000244140625,434.239990234375,428.70654296875,978000
2022-08-15,432.67999267578125,439.9700012207031,429.8599853515625,438.010009765625,432.42852783203125,884900
2022-08-16,436.9200134277344,445.0,436.9200134277344,440.1600036621094,434.5511169433594,851100
2022-08-17,436.1300048828125,445.489990234375,435.0,441.5899963378906,435.962890625,996500
2022-08-18,441.9100036621094,444.5799865722656,436.8699951171875,439.3500061035156,433.75146484375,866500
2022-08-19,438.4800109863281,440.9200134277344,436.0400085449219,440.0299987792969,434.42279052734375,1013600
2022-08-22,438.510009765625,441.6400146484375,431.8399963378906,432.3299865722656,426.82086181640625,1086700
2022-08-23,432.92999267578125,434.7300109863281,430.29998779296875,433.1199951171875,427.600830078125,915200
2022-08-24,433.989990234375,435.45001220703125,430.94000244140625,433.7099914550781,428.18328857421875,740200
2022-08-25,433.7099914550781,438.8399963378906,432.42999267578125,438.6400146484375,433.0505065917969,727600
2022-08-26,440.3999938964844,442.7799987792969,430.94000244140625,431.1300048828125,425.6361999511719,876200
2022-08-29,427.6600036621094,433.8999938964844,426.4800109863281,429.67999267578125,424.20465087890625,868100
2022-08-30,429.44000244140625,430.3699951171875,424.010009765625,425.1099853515625,419.69287109375,976100
2022-08-31,422.3599853515625,424.739990234375,420.0199890136719,420.1099853515625,417.50653076171875,909300
2022-09-01,418.239990234375,423.5799865722656,417.79998779296875,422.6099853515625,419.99102783203125,948800
2022-09-02,424.989990234375,425.69000244140625,417.54998779296875,418.57000732421875,415.97607421875,869800
2022-09-06,419.010009765625,423.2699890136719,415.7799987792969,417.7799987792969,415.19097900390625,962500
2022-09-07,415.3500061035156,420.8999938964844,412.260009765625,420.1400146484375,417.536376953125,1255700
2022-09-08,419.57000732421875,421.07000732421875,414.7699890136719,419.6499938964844,417.04937744140625,1112600
2022-09-09,420.69000244140625,423.6199951171875,419.0199890136719,421.5299987792969,418.917724609375,1284600
2022-09-12,421.0,421.489990234375,417.5,418.6400146484375,416.045654296875,1349700
2022-09-13,417.32000732421875,420.79998779296875,407.3599853515625,409.3299865722656,406.7933349609375,1621200
2022-09-14,410.19000244140625,418.3999938964844,408.29998779296875,416.6300048828125,414.048095703125,1004100
2022-09-15,414.8299865722656,414.8299865722656,410.7300109863281,413.5899963378906,411.0269470214844,1189200
2022-09-16,411.25,415.7699890136719,410.010009765625,414.2900085449219,411.7226257324219,2023300
2022-09-19,414.0,417.6400146484375,412.7300109863281,416.5199890136719,413.93878173828125,695500
2022-09-20,416.0,421.4100036621094,412.3399963378906,420.5799865722656,417.9736022949219,1112100
2022-09-21,427.989990234375,433.7900085449219,420.0299987792969,420.20001220703125,417.5959777832031,2106400
2022-09-22,419.8299865722656,424.7200012207031,413.0,422.0799865722656,419.4643249511719,1409900
2022-09-23,419.7799987792969,420.010009765625,407.5799865722656,413.07000732421875,410.5101623535156,1874600
2022-09-26,411.69000244140625,412.2099914550781,406.510009765625,407.6499938964844,405.1237487792969,1208300
2022-09-27,409.20001220703125,410.32000732421875,398.3699951171875,399.739990234375,397.26275634765625,1051900
2022-09-28,397.20001220703125,402.0899963378906,391.1000061035156,400.0,397.5211486816406,1161500
2022-09-29,398.9800109863281,399.4100036621094,385.8900146484375,389.7900085449219,387.37445068359375,1127700
2022-09-30,381.6300048828125,389.8999938964844,381.54998779296875,386.2900085449219,383.8961181640625,1343700
2022-10-03,389.739990234375,402.8299865722656,389.0799865722656,399.739990234375,397.26275634765625,1273800
2022-10-04,403.1099853515625,407.8399963378906,399.8299865722656,406.1099853515625,403.5932922363281,1060000
2022-10-05,406.1099853515625,407.6600036621094,400.7799987792969,402.510009765625,400.015625,828400
2022-10-06,401.6199951171875,403.6000061035156,398.0799865722656,399.6099853515625,397.1335754394531,746700
2022-10-07,398.55999755859375,404.6700134277344,396.010009765625,403.9599914550781,401.45660400390625,1124700
2022-10-10,407.5899963378906,418.6300048828125,406.1499938964844,409.989990234375,407.4492492675781,1112500
2022-10-11,405.6600036621094,416.1600036621094,405.6600036621094,411.05999755859375,408.51263427734375,1013600
2022-10-12,406.92999267578125,408.8999938964844,397.1400146484375,397.4200134277344,394.9571533203125,921700
2022-10-13,393.0,407.04998779296875,391.2200012207031,405.9599914550781,403.4442138671875,1012700
2022-10-14,404.3299865722656,405.3800048828125,388.1000061035156,389.4100036621094,386.9967956542969,1369100
2022-10-17,393.0,400.6099853515625,392.1499938964844,397.30999755859375,394.84783935546875,1617200
2022-10-18,403.1499938964844,435.510009765625,401.5400085449219,431.8399963378906,429.1638488769531,4588500
2022-10-19,433.9700012207031,447.57000732421875,430.3500061035156,439.9599914550781,437.2335205078125,2623700
2022-10-20,439.6199951171875,445.30999755859375,437.95001220703125,444.3399963378906,441.58636474609375,1781300
2022-10-21,443.7200012207031,454.69000244140625,440.1499938964844,454.6099853515625,451.792724609375,1620200
2022-10-24,459.0799865722656,466.17999267578125,455.55999755859375,457.4599914550781,454.62506103515625,2013600
2022-10-25,454.04998779296875,463.5400085449219,452.19000244140625,460.1499938964844,457.29840087890625,1537000
2022-10-26,462.1700134277344,470.6400146484375,460.4599914550781,462.55999755859375,459.6934814453125,1554600
2022-10-27,464.5799865722656,474.17999267578125,464.3999938964844,471.92999267578125,469.0054016113281,1513700
2022-10-28,474.0,491.1400146484375,472.29998779296875,484.8699951171875,481.8652038574219,2045300
2022-10-31,480.45001220703125,488.2300109863281,479.42999267578125,486.67999267578125,483.66400146484375,1288200
2022-11-01,486.0299987792969,491.1600036621094,483.8699951171875,485.6300048828125,482.6205139160156,1229700
2022-11-02,484.5400085449219,488.8800048828125,481.5,482.05999755859375,479.0726318359375,1291800
2022-11-03,479.7699890136719,489.9700012207031,478.54998779296875,484.82000732421875,481.8155212402344,1291100
2022-11-04,485.1600036621094,486.5,472.57000732421875,481.6700134277344,478.68505859375,1481100
2022-11-07,482.4800109863281,489.9599914550781,480.9599914550781,488.6300048828125,485.6019287109375,944800
2022-11-08,488.8800048828125,494.6600036621094,486.8399963378906,494.1199951171875,491.0578918457031,1221000
2022-11-09,489.75,492.44000244140625,484.239990234375,485.17999267578125,482.17327880859375,1383200
2022-11-10,488.260009765625,491.2200012207031,479.70001220703125,490.7699890136719,487.7286376953125,1601000
2022-11-11,480.739990234375,483.8299865722656,462.6099853515625,463.8599853515625,460.98541259765625,3061800
2022-11-14,467.3500061035156,471.9800109863281,459.3699951171875,462.0400085449219,459.17669677734375,2286700
2022-11-15,465.8399963378906,474.989990234375,458.04998779296875,467.25,464.3544006347656,3272800
2022-11-16,465.239990234375,469.260009765625,461.5899963378906,466.239990234375,463.35064697265625,1022600
2022-11-17,465.0,474.7799987792969,464.260009765625,472.7699890136719,469.8401794433594,1401900
2022-11-18,473.6300048828125,480.8699951171875,472.7699890136719,476.82000732421875,473.8651123046875,2160300
2022-11-21,478.489990234375,483.9599914550781,478.2300109863281,480.94000244140625,477.9595642089844,1730500
2022-11-22,482.9700012207031,484.260009765625,479.2799987792969,479.5,476.52850341796875,838400
2022-11-23,479.7799987792969,482.989990234375,478.7200012207031,481.07000732421875,478.0887756347656,1020200
2022-11-25,484.29998779296875,484.5,481.4200134277344,483.4599914550781,480.4639587402344,321500
2022-11-28,480.1099853515625,485.239990234375,480.0,483.2099914550781,480.2154846191406,939000
2022-11-29,483.1000061035156,485.1000061035156,481.739990234375,484.1000061035156,481.1000061035156,802600
2022-11-30,480.0,485.95001220703125,477.7300109863281,485.19000244140625,485.19000244140625,1470000
2022-12-01,486.5199890136719,488.0,480.6700134277344,483.69000244140625,483.69000244140625,913600
2022-12-02,481.80999755859375,498.95001220703125,481.80999755859375,496.2300109863281,496.2300109863281,1744400
2022-12-05,490.8699951171875,494.9800109863281,488.32000732421875,490.6700134277344,490.6700134277344,1357200
2022-12-06,491.32000732421875,491.32000732421875,482.20001220703125,484.0,484.0,1076500
2022-12-07,484.29998779296875,489.239990234375,480.4800109863281,481.20001220703125,481.20001220703125,999800
2022-12-08,485.260009765625,488.80999755859375,481.54998779296875,485.3800048828125,485.3800048828125,762200
2022-12-09,485.6400146484375,490.3599853515625,483.2099914550781,483.5799865722656,483.5799865722656,856400
2022-12-12,484.95001220703125,487.1700134277344,482.5,486.32000732421875,486.32000732421875,1129200
2022-12-13,490.0,490.3699951171875,478.6700134277344,480.2200012207031,480.2200012207031,1730900
2022-12-14,481.19000244140625,488.2699890136719,480.1400146484375,485.19000244140625,485.19000244140625,1071800
2022-12-15,481.0,485.1000061035156,475.1199951171875,478.7900085449219,478.7900085449219,1067300
2022-12-16,475.6300048828125,482.6099853515625,473.6700134277344,481.7900085449219,481.7900085449219,2590600
2022-12-19,481.7799987792969,487.9800109863281,479.92999267578125,481.7900085449219,481.7900085449219,929700
2022-12-20,482.8800048828125,491.45001220703125,481.82000732421875,486.1499938964844,486.1499938964844,1014300
2022-12-21,487.8800048828125,490.57000732421875,485.69000244140625,487.6499938964844,487.6499938964844,988300
2022-12-22,486.5,486.82000732421875,473.95001220703125,479.29998779296875,479.29998779296875,1520700
2022-12-23,479.5,484.17999267578125,478.3599853515625,483.2900085449219,483.2900085449219,661600
2022-12-27,485.0,489.239990234375,483.5,485.5,485.5,788800
2022-12-28,486.1499938964844,489.0,482.8999938964844,483.2200012207031,483.2200012207031,810300
2022-12-29,484.0,489.57000732421875,483.29998779296875,487.04998779296875,487.04998779296875,764000
2022-12-30,488.0,489.80999755859375,481.239990234375,486.489990234375,486.489990234375,909500
2023-01-03,483.3900146484375,484.25,474.010009765625,477.5299987792969,477.5299987792969,1657200
2023-01-04,473.25,479.70001220703125,469.29998779296875,476.5,476.5,1391300
2023-01-05,475.69000244140625,478.1400146484375,469.8999938964844,477.07000732421875,477.07000732421875,1210100
2023-01-06,480.0,488.0,465.7699890136719,473.239990234375,473.239990234375,1969200
2023-01-09,467.7900085449219,470.7900085449219,455.29998779296875,458.989990234375,458.989990234375,2377000
2023-01-10,462.17999267578125,465.4700012207031,456.8999938964844,462.2900085449219,462.2900085449219,1003400
2023-01-11,463.3699951171875,465.54998779296875,461.0400085449219,463.0,463.0,1056400
2023-01-12,462.989990234375,465.8800048828125,459.19000244140625,461.739990234375,461.739990234375,936600
2023-01-13,446.5,453.7099914550781,444.739990234375,449.8299865722656,449.8299865722656,2208600
