Date,Open,High,Low,Close,Adj Close,Volume
2022-01-18,59.90999984741211,59.95000076293945,58.630001068115234,59.66999816894531,57.89982986450195,952000
2022-01-19,59.40999984741211,59.970001220703125,58.880001068115234,59.41999816894531,57.65724563598633,1619400
2022-01-20,59.72999954223633,60.22999954223633,59.38999938964844,59.72999954223633,57.95805358886719,1002500
2022-01-21,60.189998626708984,60.77000045776367,59.56999969482422,59.7599983215332,57.987159729003906,988900
2022-01-24,59.56999969482422,59.880001068115234,57.16999816894531,58.75,57.00712585449219,1893600
2022-01-25,58.369998931884766,58.779998779296875,57.83000183105469,58.310001373291016,56.58018112182617,1275900
2022-01-26,58.209999084472656,59.18000030517578,57.619998931884766,58.099998474121094,56.376407623291016,1197400
2022-01-27,58.400001525878906,59.369998931884766,58.099998474121094,58.90999984741211,57.16238021850586,1163100
2022-01-28,58.5099983215332,59.36000061035156,57.75,59.310001373291016,57.97169876098633,1011800
2022-01-31,58.93000030517578,59.91999816894531,58.689998626708984,59.86000061035156,58.50928497314453,910800
2022-02-01,59.70000076293945,59.95000076293945,58.040000915527344,58.65999984741211,57.33636474609375,1369500
2022-02-02,58.59000015258789,59.97999954223633,58.470001220703125,59.86000061035156,58.50928497314453,1712200
2022-02-03,59.66999816894531,60.2400016784668,59.540000915527344,59.86000061035156,58.50928497314453,683700
2022-02-04,59.5099983215332,59.790000915527344,58.459999084472656,59.130001068115234,57.79575729370117,857500
2022-02-07,59.0,59.619998931884766,58.58000183105469,59.099998474121094,57.76643371582031,725200
2022-02-08,59.47999954223633,59.77000045776367,59.15999984741211,59.470001220703125,58.128089904785156,997100
2022-02-09,59.630001068115234,60.06999969482422,58.93000030517578,59.119998931884766,57.785980224609375,720800
2022-02-10,58.619998931884766,58.83000183105469,57.09000015258789,57.22999954223633,55.93863296508789,862000
2022-02-11,57.22999954223633,57.86000061035156,57.18000030517578,57.45000076293945,56.15366744995117,1066900
2022-02-14,57.7400016784668,57.810001373291016,56.150001525878906,56.869998931884766,55.586753845214844,1028300
2022-02-15,57.060001373291016,57.47999954223633,56.119998931884766,56.349998474121094,55.07848358154297,802500
2022-02-16,56.439998626708984,56.59000015258789,55.77000045776367,56.33000183105469,55.05894088745117,795100
2022-02-17,56.20000076293945,56.7400016784668,55.720001220703125,56.619998931884766,55.34239196777344,1001100
2022-02-18,56.4900016784668,57.59000015258789,55.95000076293945,57.099998474121094,55.811561584472656,1565300
2022-02-22,57.119998931884766,57.310001373291016,56.29999923706055,56.70000076293945,55.42059326171875,1029800
2022-02-23,56.7599983215332,56.959999084472656,55.91999816894531,55.959999084472656,54.69728469848633,1005600
2022-02-24,55.810001373291016,56.029998779296875,54.79999923706055,55.93000030517578,54.667964935302734,1351400
2022-02-25,56.2400016784668,57.900001525878906,56.2400016784668,57.869998931884766,56.564186096191406,1209700
2022-02-28,57.630001068115234,58.540000915527344,57.459999084472656,58.400001525878906,57.08223342895508,2403200
2022-03-01,58.130001068115234,59.0,56.79999923706055,57.27000045776367,55.977725982666016,1265800
2022-03-02,57.4900016784668,58.06999969482422,57.15999984741211,57.63999938964844,56.339378356933594,1096600
2022-03-03,57.97999954223633,59.34000015258789,57.91999816894531,59.06999969482422,57.73711013793945,1441300
2022-03-04,58.90999984741211,60.63999938964844,58.810001373291016,60.59000015258789,59.22281265258789,1038800
2022-03-07,60.59000015258789,61.02000045776367,59.97999954223633,60.7599983215332,59.388973236083984,930800
2022-03-08,61.040000915527344,61.38999938964844,59.9900016784668,60.4900016784668,59.12506866455078,1702300
2022-03-09,60.83000183105469,60.93000030517578,59.52000045776367,59.75,58.40176773071289,1150500
2022-03-10,59.34000015258789,60.279998779296875,59.119998931884766,60.13999938964844,58.78296661376953,839500
2022-03-11,60.25,60.86000061035156,59.91999816894531,60.22999954223633,58.87093734741211,1044800
2022-03-14,60.45000076293945,61.0,59.869998931884766,60.33000183105469,58.968685150146484,922000
2022-03-15,60.70000076293945,61.349998474121094,60.209999084472656,61.279998779296875,59.89724349975586,1068000
2022-03-16,61.130001068115234,61.209999084472656,59.880001068115234,60.86000061035156,59.48672103881836,1280600
2022-03-17,60.75,61.5,60.560001373291016,60.97999954223633,59.60401153564453,1011500
2022-03-18,61.189998626708984,61.220001220703125,60.029998779296875,60.310001373291016,58.94913101196289,2835200
2022-03-21,60.310001373291016,61.43000030517578,60.310001373291016,60.939998626708984,59.56491470336914,944500
2022-03-22,61.0099983215332,61.099998474121094,59.75,59.90999984741211,58.55815887451172,1558800
2022-03-23,59.900001525878906,60.7400016784668,59.59000015258789,60.40999984741211,59.046875,982900
2022-03-24,60.40999984741211,60.95000076293945,60.31999969482422,60.560001373291016,59.1934928894043,800100
2022-03-25,60.77000045776367,61.84000015258789,60.61000061035156,61.83000183105469,60.43483352661133,710600
2022-03-28,61.95000076293945,62.130001068115234,61.36000061035156,62.0,60.60099792480469,530600
2022-03-29,61.75,62.290000915527344,61.369998931884766,62.20000076293945,60.79648971557617,1202800
2022-03-30,62.209999084472656,62.880001068115234,61.90999984741211,62.880001068115234,61.46113967895508,784400
2022-03-31,63.08000183105469,63.2400016784668,62.40999984741211,62.47999954223633,61.070167541503906,1622000
2022-04-01,62.59000015258789,63.29999923706055,62.06999969482422,63.290000915527344,61.86189270019531,1312200
2022-04-04,62.939998626708984,63.11000061035156,61.90999984741211,62.689998626708984,61.275428771972656,767800
2022-04-05,62.70000076293945,64.0199966430664,62.70000076293945,63.279998779296875,61.852115631103516,1004600
2022-04-06,63.58000183105469,65.22000122070312,63.380001068115234,65.16000366210938,63.689697265625,1438300
2022-04-07,65.23999786376953,65.23999786376953,64.16000366210938,64.33000183105469,62.878421783447266,1345700
2022-04-08,64.61000061035156,65.16999816894531,64.06999969482422,64.81999969482422,63.35736846923828,1003700
2022-04-11,65.08999633789062,65.37000274658203,64.2699966430664,64.3499984741211,62.89796829223633,866600
2022-04-12,63.95000076293945,64.9000015258789,63.68000030517578,64.62999725341797,63.17164993286133,1521800
2022-04-13,64.77999877929688,64.88999938964844,63.349998474121094,63.59000015258789,62.15511703491211,1216600
2022-04-14,63.869998931884766,64.0,63.29999923706055,63.38999938964844,61.959632873535156,1382700
2022-04-18,63.349998474121094,63.90999984741211,62.529998779296875,62.709999084472656,61.29497528076172,1134800
2022-04-19,62.9900016784668,63.93000030517578,62.720001220703125,63.880001068115234,62.438575744628906,984100
2022-04-20,64.41999816894531,65.23999786376953,64.19999694824219,65.11000061035156,63.64082336425781,1148700
2022-04-21,64.8499984741211,65.26000213623047,64.37000274658203,64.44999694824219,62.99571228027344,969700
2022-04-22,64.37999725341797,64.47000122070312,63.029998779296875,63.119998931884766,61.69572448730469,1427700
2022-04-25,63.41999816894531,63.65999984741211,61.0,62.06999969482422,60.66941452026367,1753000
2022-04-26,62.09000015258789,62.849998474121094,61.56999969482422,61.630001068115234,60.23934555053711,1219100
2022-04-27,61.779998779296875,62.02000045776367,60.709999084472656,60.81999969482422,59.44762420654297,1465000
2022-04-28,60.380001068115234,61.36000061035156,60.290000915527344,61.22999954223633,60.27252197265625,1738100
2022-04-29,61.470001220703125,61.560001373291016,58.650001525878906,58.810001373291016,57.89036178588867,2526300
2022-05-02,58.93000030517578,59.349998474121094,57.16999816894531,57.849998474121094,56.94537353515625,2629600
2022-05-03,58.2400016784668,58.7400016784668,57.459999084472656,57.79999923706055,56.896156311035156,1922500
2022-05-04,57.93000030517578,59.27000045776367,57.79999923706055,59.209999084472656,58.28410720825195,1920600
2022-05-05,59.15999984741211,59.91999816894531,58.349998474121094,58.86000061035156,57.93958282470703,1712400
2022-05-06,58.810001373291016,59.22999954223633,58.040000915527344,58.7400016784668,57.82146072387695,1579000
2022-05-09,58.68000030517578,59.279998779296875,57.810001373291016,58.720001220703125,57.80177307128906,1238000
2022-05-10,58.9900016784668,59.790000915527344,57.720001220703125,58.029998779296875,57.12255859375,1745700
2022-05-11,57.880001068115234,59.369998931884766,57.880001068115234,58.209999084472656,57.29974365234375,1976600
2022-05-12,58.33000183105469,58.70000076293945,57.16999816894531,58.02000045776367,57.11271667480469,1461100
2022-05-13,58.189998626708984,58.58000183105469,57.16999816894531,58.439998626708984,57.52614974975586,1621800
2022-05-16,58.529998779296875,59.060001373291016,58.060001373291016,58.86000061035156,57.93958282470703,1742700
2022-05-17,59.4900016784668,59.849998474121094,58.560001373291016,59.75,58.8156623840332,1669700
2022-05-18,60.25,60.529998779296875,58.77000045776367,58.939998626708984,58.01832962036133,1601000
2022-05-19,58.810001373291016,58.95000076293945,57.88999938964844,58.5,57.58521270751953,1752800
2022-05-20,58.5,59.369998931884766,57.90999984741211,58.66999816894531,57.7525520324707,3017200
2022-05-23,59.09000015258789,59.369998931884766,58.209999084472656,59.0,58.077388763427734,1806900
2022-05-24,59.27000045776367,61.40999984741211,59.02000045776367,61.31999969482422,60.36111068725586,2805900
2022-05-25,61.18000030517578,61.41999816894531,60.65999984741211,61.25,60.29220962524414,2783800
2022-05-26,61.47999954223633,62.86000061035156,61.27000045776367,62.459999084472656,61.4832878112793,3348200
2022-05-27,62.27000045776367,63.790000915527344,61.86000061035156,63.779998779296875,62.78264236450195,2763700
2022-05-31,63.209999084472656,63.88999938964844,62.369998931884766,63.81999969482422,62.822021484375,10778100
2022-06-01,63.88999938964844,63.88999938964844,62.619998931884766,63.189998626708984,62.201866149902344,2392100
2022-06-02,63.470001220703125,63.619998931884766,61.41999816894531,62.400001525878906,61.424224853515625,1533600
2022-06-03,62.27000045776367,62.75,62.06999969482422,62.11000061035156,61.13875961303711,1227900
2022-06-06,62.47999954223633,63.43000030517578,62.400001525878906,62.529998779296875,61.552188873291016,1493800
2022-06-07,62.63999938964844,63.189998626708984,62.27000045776367,63.16999816894531,62.18218231201172,1967100
2022-06-08,62.869998931884766,62.88999938964844,61.02000045776367,61.119998931884766,60.16423797607422,1301600
2022-06-09,60.9900016784668,61.56999969482422,59.599998474121094,59.630001068115234,58.697540283203125,1120100
2022-06-10,58.81999969482422,59.84000015258789,58.400001525878906,59.31999969482422,58.39238739013672,1364100
2022-06-13,58.65999984741211,58.83000183105469,57.09000015258789,57.380001068115234,56.482723236083984,1478400
2022-06-14,57.68000030517578,57.849998474121094,55.09000015258789,55.61000061035156,54.74040222167969,1092600
2022-06-15,56.0099983215332,56.959999084472656,54.970001220703125,55.7400016784668,54.868370056152344,2053500
2022-06-16,55.15999984741211,55.40999984741211,54.290000915527344,54.970001220703125,54.11041259765625,1645900
2022-06-17,54.83000183105469,55.630001068115234,54.20000076293945,54.75,53.89385223388672,2712400
2022-06-21,54.90999984741211,55.470001220703125,54.58000183105469,55.220001220703125,54.356502532958984,1516000
2022-06-22,54.97999954223633,55.959999084472656,54.97999954223633,55.52000045776367,54.65180969238281,1479600
2022-06-23,55.619998931884766,56.709999084472656,55.5099983215332,56.529998779296875,55.64601516723633,1482300
2022-06-24,56.709999084472656,57.4900016784668,56.459999084472656,57.31999969482422,56.42366409301758,2422000
2022-06-27,57.119998931884766,57.959999084472656,56.970001220703125,57.93000030517578,57.02412414550781,1496700
2022-06-28,58.150001525878906,58.68000030517578,57.97999954223633,58.029998779296875,57.12255859375,1237900
2022-06-29,57.9900016784668,58.72999954223633,57.81999969482422,57.970001220703125,57.063499450683594,1201600
2022-06-30,57.880001068115234,59.040000915527344,57.5,58.61000061035156,57.69348907470703,1712100
2022-07-01,58.72999954223633,60.2400016784668,58.54999923706055,60.06999969482422,59.13066101074219,1826300
2022-07-05,59.849998474121094,60.279998779296875,56.7599983215332,57.91999816894531,57.014278411865234,1425400
2022-07-06,57.97999954223633,58.91999816894531,57.5099983215332,58.380001068115234,57.46708679199219,1421300
2022-07-07,58.47999954223633,59.0099983215332,57.79999923706055,57.810001373291016,56.90599822998047,1054400
2022-07-08,57.86000061035156,57.86000061035156,57.220001220703125,57.34000015258789,56.44335174560547,981600
2022-07-11,57.349998474121094,58.13999938964844,57.150001525878906,57.91999816894531,57.014278411865234,815000
2022-07-12,57.959999084472656,58.529998779296875,57.529998779296875,57.81999969482422,56.91584014892578,1020600
2022-07-13,57.56999969482422,58.2599983215332,57.25,57.77000045776367,56.86662673950195,748100
2022-07-14,56.869998931884766,57.9900016784668,56.86000061035156,57.880001068115234,56.97490692138672,722600
2022-07-15,57.779998779296875,58.34000015258789,57.34000015258789,58.15999984741211,57.250526428222656,841100
2022-07-18,58.04999923706055,58.119998931884766,56.75,56.810001373291016,55.92163848876953,1111500
2022-07-19,57.27000045776367,57.31999969482422,56.84000015258789,57.16999816894531,56.276004791259766,1620000
2022-07-20,57.29999923706055,57.41999816894531,56.40999984741211,56.41999816894531,55.5377311706543,1347100
2022-07-21,56.4900016784668,56.560001373291016,56.04999923706055,56.54999923706055,55.66570281982422,1676100
2022-07-22,56.83000183105469,57.439998626708984,56.650001525878906,57.43000030517578,56.53194046020508,891600
2022-07-25,57.349998474121094,57.9900016784668,57.209999084472656,57.900001525878906,56.99459457397461,893200
2022-07-26,58.06999969482422,58.75,57.93000030517578,58.650001525878906,57.73286819458008,829900
2022-07-27,58.34000015258789,58.880001068115234,58.0,58.709999084472656,57.791927337646484,1001300
2022-07-28,58.77000045776367,60.11000061035156,58.72999954223633,60.029998779296875,59.52522659301758,1096000
2022-07-29,59.59000015258789,61.27000045776367,59.59000015258789,60.93000030517578,60.417659759521484,1176800
2022-08-01,60.7400016784668,61.02000045776367,60.25,60.900001525878906,60.38791275024414,1587800
2022-08-02,60.970001220703125,61.38999938964844,60.599998474121094,60.790000915527344,60.278839111328125,1843700
2022-08-03,60.689998626708984,61.43000030517578,59.22999954223633,61.27000045776367,60.75480270385742,1761700
2022-08-04,61.36000061035156,61.72999954223633,60.79999923706055,61.150001525878906,60.63581085205078,1337200
2022-08-05,61.04999923706055,61.38999938964844,59.900001525878906,61.279998779296875,60.76471710205078,1775700
2022-08-08,61.66999816894531,62.11000061035156,60.72999954223633,61.04999923706055,60.536651611328125,1661400
2022-08-09,61.08000183105469,61.939998626708984,60.97999954223633,61.849998474121094,61.32992172241211,1326700
2022-08-10,62.209999084472656,62.36000061035156,61.529998779296875,61.939998626708984,61.419166564941406,1380400
2022-08-11,61.970001220703125,62.79999923706055,61.470001220703125,61.63999938964844,61.12168884277344,1788500
2022-08-12,62.68000030517578,63.369998931884766,62.36000061035156,63.349998474121094,62.81731033325195,1866100
2022-08-15,63.400001525878906,63.900001525878906,63.15999984741211,63.849998474121094,63.313106536865234,1222900
2022-08-16,63.83000183105469,64.4000015258789,63.56999969482422,64.05999755859375,63.521339416503906,1037300
2022-08-17,63.81999969482422,64.51000213623047,63.81999969482422,64.26000213623047,63.719661712646484,1526100
2022-08-18,64.44000244140625,64.62000274658203,63.91999816894531,64.16999816894531,63.63041305541992,1004200
2022-08-19,64.04000091552734,64.3499984741211,63.77000045776367,64.04000091552734,63.50151062011719,1461900
2022-08-22,63.95000076293945,64.08999633789062,63.16999816894531,63.31999969482422,62.78756332397461,996500
2022-08-23,63.279998779296875,63.279998779296875,62.560001373291016,62.79999923706055,62.271934509277344,871600
2022-08-24,62.810001373291016,62.970001220703125,62.38999938964844,62.720001220703125,62.19260787963867,723500
2022-08-25,62.88999938964844,63.189998626708984,62.369998931884766,63.11000061035156,62.57933044433594,652500
2022-08-26,63.29999923706055,63.41999816894531,62.22999954223633,62.27000045776367,61.74639129638672,883100
2022-08-29,62.04999923706055,62.95000076293945,61.56999969482422,62.5,61.974456787109375,803000
2022-08-30,62.47999954223633,62.540000915527344,61.290000915527344,61.54999923706055,61.03244400024414,792200
2022-08-31,61.709999084472656,61.91999816894531,60.9900016784668,61.040000915527344,60.526737213134766,1582100
2022-09-01,61.18000030517578,62.11000061035156,60.88999938964844,62.060001373291016,61.53815841674805,1124200
2022-09-02,62.18000030517578,62.84000015258789,61.369998931884766,61.4900016784668,60.97295379638672,1316400
2022-09-06,61.4900016784668,62.34000015258789,60.95000076293945,61.15999984741211,60.64572525024414,1432500
2022-09-07,61.56999969482422,63.2599983215332,61.56999969482422,63.11000061035156,62.57933044433594,881600
2022-09-08,62.880001068115234,63.459999084472656,62.52000045776367,62.84000015258789,62.31159973144531,1113200
2022-09-09,62.970001220703125,63.369998931884766,62.61000061035156,63.06999969482422,62.53966522216797,662900
2022-09-12,63.279998779296875,63.599998474121094,62.90999984741211,63.47999954223633,62.94621658325195,1827800
2022-09-13,63.279998779296875,63.279998779296875,61.02000045776367,61.41999816894531,60.90353775024414,1518100
2022-09-14,61.43000030517578,62.20000076293945,61.20000076293945,61.91999816894531,61.39933395385742,1273000
2022-09-15,61.43000030517578,61.4900016784668,60.189998626708984,60.22999954223633,59.72354507446289,1796000
2022-09-16,60.459999084472656,61.0099983215332,60.22999954223633,60.86000061035156,60.34824752807617,2890200
2022-09-19,60.790000915527344,61.90999984741211,60.470001220703125,61.88999938964844,61.36958694458008,1563300
2022-09-20,61.5,61.5,60.439998626708984,61.130001068115234,60.6159782409668,1019200
2022-09-21,61.54999923706055,62.04999923706055,60.290000915527344,60.290000915527344,59.783042907714844,1013500
2022-09-22,60.13999938964844,60.54999923706055,59.7400016784668,60.0099983215332,59.505393981933594,1055700
2022-09-23,59.630001068115234,59.72999954223633,58.65999984741211,59.52000045776367,59.01951599121094,1204400
2022-09-26,59.189998626708984,59.369998931884766,57.59000015258789,58.029998779296875,57.54204559326172,1149900
2022-09-27,58.040000915527344,58.310001373291016,56.56999969482422,56.84000015258789,56.36205291748047,1209700
2022-09-28,57.290000915527344,57.68000030517578,56.45000076293945,57.209999084472656,56.728939056396484,1211400
2022-09-29,56.880001068115234,56.970001220703125,54.47999954223633,54.540000915527344,54.081390380859375,1583700
2022-09-30,54.77000045776367,55.029998779296875,52.810001373291016,52.9900016784668,52.54442596435547,2358900
2022-10-03,53.75,54.84000015258789,53.31999969482422,54.33000183105469,53.8731575012207,2225200
2022-10-04,54.52000045776367,55.5099983215332,54.31999969482422,55.0099983215332,54.54743576049805,2806500
2022-10-05,54.43000030517578,54.43000030517578,52.61000061035156,53.04999923706055,52.603919982910156,2264000
2022-10-06,52.939998626708984,52.939998626708984,51.20000076293945,51.25,50.81905746459961,2586700
2022-10-07,51.2400016784668,51.38999938964844,49.2599983215332,49.650001525878906,49.23250961303711,2724700
2022-10-10,50.08000183105469,50.47999954223633,49.79999923706055,49.869998931884766,49.45065689086914,1625000
2022-10-11,49.58000183105469,50.970001220703125,49.58000183105469,50.279998779296875,49.85721206665039,2358700
2022-10-12,50.11000061035156,50.130001068115234,48.029998779296875,48.060001373291016,47.655879974365234,2185000
2022-10-13,47.459999084472656,49.66999816894531,47.189998626708984,49.4900016784668,49.073856353759766,2112700
2022-10-14,49.90999984741211,50.20000076293945,48.369998931884766,48.93000030517578,48.5185661315918,2273100
2022-10-17,49.779998779296875,50.38999938964844,49.529998779296875,49.7400016784668,49.321754455566406,1828300
2022-10-18,50.310001373291016,51.220001220703125,50.29999923706055,50.91999816894531,50.49182891845703,1698700
2022-10-19,50.2400016784668,50.599998474121094,49.84000015258789,50.349998474121094,49.92662048339844,1079600
2022-10-20,49.86000061035156,50.04999923706055,48.5,48.70000076293945,48.29050064086914,2541500
2022-10-21,48.9900016784668,50.130001068115234,48.529998779296875,49.7599983215332,49.341583251953125,2324200
2022-10-24,50.189998626708984,50.61000061035156,49.400001525878906,49.810001373291016,49.39116668701172,1911200
2022-10-25,49.90999984741211,50.939998626708984,49.83000183105469,50.720001220703125,50.293514251708984,2674400
2022-10-26,51.15999984741211,51.400001525878906,50.439998626708984,50.630001068115234,50.20426940917969,1876400
2022-10-27,51.18000030517578,51.93000030517578,50.83000183105469,50.900001525878906,50.47200012207031,1688000
2022-10-28,50.88999938964844,52.47999954223633,50.81999969482422,52.369998931884766,52.369998931884766,1343900
2022-10-31,52.5099983215332,52.5099983215332,51.7400016784668,52.16999816894531,52.16999816894531,1671900
2022-11-01,52.43000030517578,52.72999954223633,51.810001373291016,52.630001068115234,52.630001068115234,1683200
2022-11-02,52.279998779296875,53.68000030517578,52.119998931884766,52.119998931884766,52.119998931884766,1725800
2022-11-03,51.7400016784668,52.4900016784668,51.13999938964844,52.150001525878906,52.150001525878906,1382900
2022-11-04,52.150001525878906,52.83000183105469,51.689998626708984,52.72999954223633,52.72999954223633,1341900
2022-11-07,52.779998779296875,52.959999084472656,50.83000183105469,51.56999969482422,51.56999969482422,2444700
2022-11-08,51.5,53.41999816894531,51.060001373291016,52.97999954223633,52.97999954223633,2948200
2022-11-09,52.83000183105469,54.119998931884766,52.77000045776367,53.34000015258789,53.34000015258789,2063900
2022-11-10,54.68000030517578,55.630001068115234,53.709999084472656,55.52000045776367,55.52000045776367,2730800
2022-11-11,55.13999938964844,55.40999984741211,53.84000015258789,53.93000030517578,53.93000030517578,2150800
2022-11-14,54.040000915527344,54.25,53.31999969482422,53.31999969482422,53.31999969482422,1277700
2022-11-15,53.77000045776367,54.02000045776367,52.88999938964844,53.630001068115234,53.630001068115234,1209600
2022-11-16,53.630001068115234,54.720001220703125,53.630001068115234,54.5099983215332,54.5099983215332,1197100
2022-11-17,53.97999954223633,54.119998931884766,53.189998626708984,53.77000045776367,53.77000045776367,1178200
2022-11-18,54.33000183105469,55.40999984741211,54.290000915527344,55.2599983215332,55.2599983215332,1537500
2022-11-21,55.380001068115234,55.88999938964844,55.130001068115234,55.34000015258789,55.34000015258789,1099100
2022-11-22,54.130001068115234,55.84000015258789,53.81999969482422,55.41999816894531,55.41999816894531,1438800
2022-11-23,55.36000061035156,56.0099983215332,55.220001220703125,55.970001220703125,55.970001220703125,947700
2022-11-25,56.25,56.66999816894531,56.209999084472656,56.45000076293945,56.45000076293945,337500
2022-11-28,55.959999084472656,56.209999084472656,55.5099983215332,55.779998779296875,55.779998779296875,1281000
2022-11-29,55.31999969482422,55.54999923706055,54.61000061035156,55.06999969482422,55.06999969482422,1674000
2022-11-30,54.9900016784668,56.52000045776367,54.7599983215332,56.29999923706055,56.29999923706055,1643700
2022-12-01,56.86000061035156,57.310001373291016,55.16999816894531,55.529998779296875,55.529998779296875,1999500
2022-12-02,54.849998474121094,55.13999938964844,54.2400016784668,54.79999923706055,54.79999923706055,1233100
2022-12-05,54.31999969482422,54.84000015258789,54.060001373291016,54.540000915527344,54.540000915527344,1219000
2022-12-06,54.470001220703125,55.33000183105469,54.0,55.310001373291016,55.310001373291016,1073700
2022-12-07,54.869998931884766,55.369998931884766,54.16999816894531,54.5,54.5,1457500
2022-12-08,54.45000076293945,55.560001373291016,54.29999923706055,55.470001220703125,55.470001220703125,1111500
2022-12-09,55.38999938964844,55.900001525878906,55.09000015258789,55.310001373291016,55.310001373291016,1023300
2022-12-12,55.599998474121094,56.59000015258789,55.33000183105469,56.56999969482422,56.56999969482422,1047100
2022-12-13,57.189998626708984,57.52000045776367,55.81999969482422,56.41999816894531,56.41999816894531,2857600
2022-12-14,56.540000915527344,57.2599983215332,55.72999954223633,56.04999923706055,56.04999923706055,1840700
2022-12-15,55.77000045776367,55.88999938964844,55.09000015258789,55.38999938964844,55.38999938964844,939000
2022-12-16,54.88999938964844,55.16999816894531,53.90999984741211,54.61000061035156,54.61000061035156,2797800
2022-12-19,54.41999816894531,54.93000030517578,54.060001373291016,54.290000915527344,54.290000915527344,1048500
2022-12-20,54.380001068115234,54.52000045776367,53.70000076293945,54.150001525878906,54.150001525878906,1159500
2022-12-21,54.380001068115234,55.119998931884766,54.18000030517578,55.08000183105469,55.08000183105469,1270500
2022-12-22,54.939998626708984,54.939998626708984,53.81999969482422,54.77000045776367,54.77000045776367,854800
2022-12-23,54.65999984741211,55.369998931884766,54.529998779296875,55.29999923706055,55.29999923706055,819000
2022-12-27,55.279998779296875,56.150001525878906,54.97999954223633,56.029998779296875,56.029998779296875,742200
2022-12-28,56.11000061035156,56.34000015258789,55.13999938964844,55.209999084472656,55.209999084472656,812400
2022-12-29,55.52000045776367,56.459999084472656,55.279998779296875,56.029998779296875,56.029998779296875,1020000
2022-12-30,56.029998779296875,56.290000915527344,54.7400016784668,55.209999084472656,55.209999084472656,1022300
2023-01-03,55.2400016784668,55.540000915527344,54.13999938964844,55.369998931884766,55.369998931884766,1111600
2023-01-04,55.47999954223633,56.2599983215332,55.060001373291016,55.790000915527344,55.790000915527344,1361500
2023-01-05,55.41999816894531,55.470001220703125,54.04999923706055,54.130001068115234,54.130001068115234,918200
2023-01-06,54.779998779296875,55.619998931884766,54.72999954223633,55.349998474121094,55.349998474121094,994500
2023-01-09,54.93000030517578,55.58000183105469,54.599998474121094,55.439998626708984,55.439998626708984,1314600
2023-01-10,55.119998931884766,55.31999969482422,54.459999084472656,54.970001220703125,54.970001220703125,1068300
2023-01-11,55.13999938964844,55.95000076293945,55.040000915527344,55.939998626708984,55.939998626708984,1390300
2023-01-12,55.939998626708984,56.2599983215332,55.540000915527344,55.79999923706055,55.79999923706055,1151200
2023-01-13,55.7599983215332,55.7599983215332,55.130001068115234,55.5099983215332,55.5099983215332,899300
