Date,Open,High,Low,Close,Adj Close,Volume
2022-01-18,716.6599731445312,717.4000244140625,676.4299926757812,679.010009765625,669.469482421875,2006900
2022-01-19,690.8499755859375,698.6799926757812,642.0499877929688,642.72998046875,633.6991577148438,1834000
2022-01-20,654.6900024414062,657.989990234375,617.52001953125,619.6699829101562,610.9632568359375,1944400
2022-01-21,616.2000122070312,636.72998046875,604.4500122070312,605.7899780273438,597.2783203125,2222200
2022-01-24,585.0,623.239990234375,575.510009765625,621.8200073242188,613.0830688476562,2489000
2022-01-25,600.1400146484375,604.4400024414062,581.0,588.22998046875,579.9650268554688,1884600
2022-01-26,603.52001953125,614.219970703125,580.3800048828125,596.6699829101562,588.2864379882812,2363700
2022-01-27,594.9000244140625,600.5,550.72998046875,555.2999877929688,547.4976806640625,3094300
2022-01-28,553.6199951171875,561.1599731445312,530.0,561.1400146484375,553.255615234375,2002400
2022-01-31,563.5599975585938,589.969970703125,556.8300170898438,589.9199829101562,581.6312866210938,1900000
2022-02-01,590.0,593.8499755859375,572.0,589.469970703125,581.1875610351562,1135500
2022-02-02,597.969970703125,613.2999877929688,590.0700073242188,611.77001953125,603.1742553710938,1662200
2022-02-03,596.97998046875,605.5599975585938,585.77001953125,588.760009765625,580.4876708984375,2007600
2022-02-04,586.5,589.5499877929688,573.6400146484375,579.0700073242188,570.9337158203125,1446200
2022-02-07,581.0700073242188,589.6099853515625,568.97998046875,571.3699951171875,563.3418579101562,1085900
2022-02-08,566.530029296875,577.5700073242188,560.5999755859375,576.2899780273438,568.1928100585938,1295800
2022-02-09,589.0700073242188,610.5,583.030029296875,607.4400024414062,598.9050903320312,1207200
2022-02-10,588.739990234375,615.989990234375,587.989990234375,594.8699951171875,586.51171875,1514800
2022-02-11,595.010009765625,599.9400024414062,555.3800048828125,559.989990234375,552.121826171875,1578500
2022-02-14,560.6699829101562,569.0399780273438,547.6599731445312,558.25,550.40625,1345900
2022-02-15,569.4099731445312,596.77001953125,569.4099731445312,593.8200073242188,585.4765014648438,1434400
2022-02-16,584.47998046875,595.4000244140625,577.27001953125,591.469970703125,583.1594848632812,804800
2022-02-17,587.1799926757812,595.219970703125,579.219970703125,580.6099853515625,572.4520874023438,1290900
2022-02-18,580.8099975585938,582.239990234375,563.2899780273438,569.989990234375,561.9812622070312,1248100
2022-02-22,561.0,577.3499755859375,550.9199829101562,559.719970703125,551.8555908203125,1219400
2022-02-23,566.72998046875,571.0499877929688,541.239990234375,542.3900146484375,534.7691040039062,1243500
2022-02-24,525.0999755859375,564.0900268554688,519.5499877929688,562.8800048828125,554.97119140625,1562800
2022-02-25,564.2100219726562,573.8800048828125,556.1099853515625,573.2000122070312,565.1461791992188,1084700
2022-02-28,566.4099731445312,571.1400146484375,550.2100219726562,561.3499755859375,553.462646484375,1406500
2022-03-01,558.0599975585938,562.4000244140625,535.1599731445312,540.5700073242188,532.9746704101562,1608900
2022-03-02,547.27001953125,558.22998046875,540.9099731445312,554.02001953125,546.2357177734375,1245100
2022-03-03,560.5,560.5,538.7000122070312,543.510009765625,535.8733520507812,1033900
2022-03-04,538.739990234375,542.02001953125,519.6099853515625,525.780029296875,518.3924560546875,1438600
2022-03-07,527.5999755859375,533.530029296875,488.7099914550781,489.1499938964844,482.27716064453125,2139600
2022-03-08,489.55999755859375,511.1199951171875,479.04998779296875,490.3699951171875,483.47998046875,2155800
2022-03-09,509.3999938964844,522.2100219726562,503.8699951171875,517.3099975585938,510.0414733886719,1443700
2022-03-10,504.7799987792969,507.010009765625,488.260009765625,497.07000732421875,490.08587646484375,1110600
2022-03-11,511.54998779296875,512.1699829101562,482.5799865722656,483.3900146484375,476.59808349609375,1038900
2022-03-14,488.2900085449219,490.5799865722656,466.05999755859375,469.0,462.4102783203125,1587000
2022-03-15,475.1700134277344,486.95001220703125,471.55999755859375,484.7200012207031,479.4427795410156,1245500
2022-03-16,496.29998779296875,514.6300048828125,490.0,514.489990234375,508.8886413574219,1665900
2022-03-17,510.1700134277344,526.5900268554688,507.54998779296875,526.3200073242188,520.58984375,1362700
2022-03-18,525.1699829101562,547.47998046875,523.0,544.6400146484375,538.71044921875,2223700
2022-03-21,538.0,544.280029296875,525.8699951171875,536.8599853515625,531.01513671875,1051700
2022-03-22,538.0,552.8499755859375,538.0,546.760009765625,540.807373046875,1066400
2022-03-23,540.3699951171875,548.0,530.5900268554688,530.989990234375,525.208984375,983500
2022-03-24,537.2999877929688,556.7000122070312,531.7899780273438,556.219970703125,550.164306640625,1212400
2022-03-25,555.1599731445312,556.9299926757812,545.1699829101562,554.8200073242188,548.779541015625,753100
2022-03-28,549.5700073242188,557.8599853515625,540.9299926757812,557.3099975585938,551.242431640625,733800
2022-03-29,568.4000244140625,574.7899780273438,558.1599731445312,568.9299926757812,562.7359619140625,1113900
2022-03-30,562.219970703125,570.989990234375,545.3300170898438,548.5599975585938,542.5877685546875,1298100
2022-03-31,549.989990234375,557.510009765625,537.1400146484375,537.6099853515625,531.7569580078125,1470300
2022-04-01,541.219970703125,545.77001953125,517.0700073242188,525.4500122070312,519.7293090820312,1208400
2022-04-04,526.3300170898438,536.760009765625,524.3499755859375,535.5499877929688,529.7192993164062,877700
2022-04-05,528.6099853515625,530.0,500.04998779296875,503.6400146484375,498.1568298339844,1967000
2022-04-06,493.9100036621094,505.70001220703125,488.07000732421875,498.1700134277344,492.7463684082031,1584500
2022-04-07,497.3399963378906,508.7699890136719,492.7200012207031,503.3399963378906,497.86004638671875,1009500
2022-04-08,498.010009765625,500.8800048828125,490.8299865722656,491.6400146484375,486.2874755859375,1044900
2022-04-11,487.1400146484375,488.0299987792969,475.2099914550781,475.760009765625,470.580322265625,1695300
2022-04-12,481.0199890136719,487.95001220703125,464.7699890136719,467.0,461.9156799316406,1677800
2022-04-13,469.6600036621094,477.30999755859375,467.8800048828125,472.6099853515625,467.464599609375,1139600
2022-04-14,473.4200134277344,474.0,455.8399963378906,456.1600036621094,451.1937255859375,1364800
2022-04-18,451.2799987792969,473.0,451.0,470.54998779296875,465.4270324707031,1663100
2022-04-19,469.2799987792969,482.7799987792969,466.0299987792969,479.19000244140625,473.97296142578125,1214400
2022-04-20,492.6600036621094,504.80999755859375,479.67999267578125,481.45001220703125,476.2084045410156,2023300
2022-04-21,488.6700134277344,497.6000061035156,468.5,469.510009765625,464.39837646484375,2279400
2022-04-22,467.0,472.30999755859375,460.3699951171875,463.1300048828125,458.0878601074219,2028200
2022-04-25,460.4800109863281,480.3599853515625,459.1199951171875,476.4200134277344,471.233154296875,1412400
2022-04-26,466.6400146484375,470.30999755859375,456.7099914550781,457.2200012207031,452.2421569824219,1497400
2022-04-27,454.4100036621094,468.5799865722656,449.5,456.7799987792969,451.8069763183594,1241300
2022-04-28,468.260009765625,489.6099853515625,462.6099853515625,484.489990234375,479.21527099609375,1678400
2022-04-29,475.0,491.44000244140625,464.8599853515625,465.760009765625,460.689208984375,1405000
2022-05-02,467.2799987792969,479.760009765625,459.17999267578125,479.32000732421875,474.1015930175781,1286600
2022-05-03,476.6000061035156,488.6400146484375,473.20001220703125,485.3900146484375,480.10552978515625,957800
2022-05-04,487.1700134277344,507.6300048828125,477.4100036621094,505.9200134277344,500.4119873046875,1196200
2022-05-05,494.3999938964844,497.989990234375,473.0799865722656,481.32000732421875,476.0798034667969,1457800
2022-05-06,476.7200012207031,489.510009765625,464.94000244140625,478.2300109863281,473.0234375,1068000
2022-05-09,459.9599914550781,462.3900146484375,442.5299987792969,447.1499938964844,442.28179931640625,1848700
2022-05-10,460.9700012207031,469.1000061035156,446.5199890136719,459.1199951171875,454.1214904785156,1413400
2022-05-11,454.8999938964844,469.0,446.0799865722656,447.20001220703125,442.331298828125,1179300
2022-05-12,446.7799987792969,462.07000732421875,445.0,460.42999267578125,455.4172058105469,1555800
2022-05-13,465.6000061035156,495.29998779296875,465.0,491.9200134277344,486.56439208984375,1909300
2022-05-16,486.4200134277344,493.04998779296875,479.0,482.4700012207031,477.2172546386719,968900
2022-05-17,495.0199890136719,516.3699951171875,490.04998779296875,512.27001953125,506.6928405761719,1635600
2022-05-18,500.5199890136719,508.5,474.6199951171875,477.4800109863281,472.2816162109375,1710500
2022-05-19,479.5,485.9800109863281,471.1000061035156,472.1300048828125,466.9898681640625,1119300
2022-05-20,480.4200134277344,484.1499938964844,450.4599914550781,474.1199951171875,468.9581604003906,1715800
2022-05-23,476.2900085449219,485.94000244140625,472.04998779296875,483.29998779296875,478.0382385253906,1057800
2022-05-24,477.489990234375,480.510009765625,465.7300109863281,470.9700012207031,465.84246826171875,943100
2022-05-25,465.6099853515625,491.6300048828125,465.3699951171875,487.5799865722656,482.2716369628906,1288700
2022-05-26,481.8900146484375,513.4400024414062,480.94000244140625,509.2099914550781,503.6661682128906,1292200
2022-05-27,517.219970703125,537.3699951171875,515.25,531.02001953125,525.2387084960938,1652600
2022-05-31,524.6900024414062,526.0,510.42999267578125,520.030029296875,514.3683471679688,1501100
2022-06-01,523.219970703125,525.0,499.55999755859375,505.7900085449219,500.28338623046875,1026100
2022-06-02,503.05999755859375,523.7899780273438,502.04998779296875,523.2999877929688,517.6027221679688,1160000
2022-06-03,512.6900024414062,521.27001953125,509.2099914550781,513.97998046875,508.3841552734375,1330400
2022-06-06,526.6699829101562,532.8900146484375,513.7000122070312,516.260009765625,510.63946533203125,785200
2022-06-07,509.4200134277344,524.969970703125,508.3500061035156,523.4400024414062,517.7412719726562,1150200
2022-06-08,521.8699951171875,524.0700073242188,507.95001220703125,512.1300048828125,506.5543518066406,900900
2022-06-09,503.0799865722656,513.4000244140625,493.1600036621094,493.45001220703125,488.0777282714844,865200
2022-06-10,485.20001220703125,488.3599853515625,473.80999755859375,474.4100036621094,469.2450256347656,1098700
2022-06-13,455.010009765625,462.29998779296875,445.19000244140625,447.0799865722656,442.21258544921875,1483300
2022-06-14,453.29998779296875,455.4100036621094,445.1000061035156,449.7699890136719,446.3708801269531,1168900
2022-06-15,449.7699890136719,462.7799987792969,444.4599914550781,453.6400146484375,450.211669921875,1565900
2022-06-16,441.55999755859375,443.0299987792969,412.69000244140625,418.29998779296875,415.1387023925781,1904200
2022-06-17,417.1199951171875,424.2200012207031,411.3900146484375,419.4599914550781,416.2899475097656,1791700
2022-06-21,427.25,442.32000732421875,426.989990234375,433.0400085449219,429.767333984375,1212600
2022-06-22,423.2699890136719,434.67999267578125,420.5199890136719,425.6300048828125,422.413330078125,1107800
2022-06-23,431.3500061035156,431.3500061035156,415.42999267578125,424.0799865722656,420.8750305175781,903000
2022-06-24,432.3399963378906,450.4100036621094,431.20001220703125,450.19000244140625,446.7877197265625,1421700
2022-06-27,456.1199951171875,457.2300109863281,446.25,449.7900085449219,446.3907775878906,769500
2022-06-28,451.3800048828125,459.2699890136719,436.7699890136719,438.260009765625,434.9478759765625,937900
2022-06-29,432.45001220703125,434.0,425.0,427.04998779296875,423.8226013183594,1175100
2022-06-30,419.0199890136719,436.739990234375,415.0,426.1499938964844,422.9294128417969,1066300
2022-07-01,409.1000061035156,414.70001220703125,386.510009765625,394.8299865722656,391.8460998535156,2950000
2022-07-05,379.6700134277344,391.0,375.8699951171875,388.7699890136719,385.8318786621094,2688200
2022-07-06,391.0299987792969,396.79998779296875,383.6600036621094,391.69000244140625,388.7298278808594,1251600
2022-07-07,403.2200012207031,417.4200134277344,402.0199890136719,414.8800048828125,411.7445983886719,1375300
2022-07-08,409.17999267578125,417.17999267578125,405.3599853515625,415.1199951171875,411.9827575683594,921300
2022-07-11,409.05999755859375,410.0299987792969,398.45001220703125,402.4100036621094,399.36883544921875,1113700
2022-07-12,404.8999938964844,410.92999267578125,401.7799987792969,405.8699951171875,402.8026428222656,953800
2022-07-13,396.1300048828125,414.3500061035156,396.0,412.010009765625,408.8962707519531,922000
2022-07-14,408.260009765625,423.0899963378906,401.19000244140625,419.32000732421875,416.1510314941406,1111400
2022-07-15,424.1600036621094,427.3900146484375,412.010009765625,427.1300048828125,423.9019775390625,1337500
2022-07-18,437.8500061035156,437.8599853515625,419.69000244140625,423.1600036621094,419.9620056152344,908000
2022-07-19,430.989990234375,447.69000244140625,429.94000244140625,446.94000244140625,443.5622863769531,1488800
2022-07-20,445.9700012207031,468.3800048828125,444.3999938964844,465.1000061035156,461.5850524902344,1850500
2022-07-21,468.7699890136719,477.1700134277344,461.6000061035156,476.1300048828125,472.53167724609375,1381200
2022-07-22,475.0400085449219,477.739990234375,461.0,463.989990234375,460.4834289550781,1326500
2022-07-25,450.260009765625,458.30999755859375,447.3800048828125,457.45001220703125,453.99285888671875,1148300
2022-07-26,452.7799987792969,456.94000244140625,445.3699951171875,447.2300109863281,443.85009765625,1129100
2022-07-27,454.2300109863281,471.3399963378906,453.989990234375,467.6600036621094,464.1257019042969,1688600
2022-07-28,464.4100036621094,487.1199951171875,453.3500061035156,484.94000244140625,481.27508544921875,2381300
2022-07-29,477.9100036621094,506.0,476.510009765625,500.510009765625,496.7274475097656,2477200
2022-08-01,488.92999267578125,506.0,486.80999755859375,502.79998779296875,499.0001220703125,2000200
2022-08-02,496.4200134277344,509.2300109863281,489.57000732421875,502.6499938964844,498.85125732421875,1458800
2022-08-03,506.3399963378906,528.8200073242188,504.79998779296875,524.6900024414062,520.7247314453125,2211800
2022-08-04,522.8699951171875,532.3499755859375,521.8099975585938,531.8499755859375,527.83056640625,1614400
2022-08-05,521.0700073242188,528.1500244140625,508.8599853515625,519.969970703125,516.0403442382812,1045200
2022-08-08,513.7999877929688,522.5499877929688,498.6099853515625,509.5400085449219,505.6891784667969,1017300
2022-08-09,488.04998779296875,488.6300048828125,457.0400085449219,469.3999938964844,465.8525390625,2879200
2022-08-10,481.2699890136719,495.6300048828125,470.5199890136719,494.95001220703125,491.20947265625,1979900
2022-08-11,496.0400085449219,517.739990234375,492.0,497.4599914550781,493.7004699707031,1804100
2022-08-12,501.9700012207031,519.52001953125,499.4700012207031,518.5900268554688,514.6708374023438,1258800
2022-08-15,516.280029296875,522.5999755859375,509.17999267578125,517.2899780273438,513.380615234375,965900
2022-08-16,516.2999877929688,519.8699951171875,507.3999938964844,510.3599853515625,506.50299072265625,1230100
2022-08-17,502.2300109863281,504.1700134277344,485.8299865722656,497.55999755859375,493.7997131347656,1402100
2022-08-18,497.760009765625,509.0,492.1499938964844,503.1499938964844,499.34747314453125,1276300
2022-08-19,492.6700134277344,494.0,476.1600036621094,476.7900085449219,473.18670654296875,2010400
2022-08-22,465.510009765625,468.7699890136719,455.82000732421875,457.57000732421875,454.1119384765625,1465200
2022-08-23,458.4599914550781,469.5899963378906,458.260009765625,463.9700012207031,460.46356201171875,810300
2022-08-24,463.9200134277344,465.1199951171875,457.0400085449219,463.010009765625,459.5108337402344,684900
2022-08-25,463.6300048828125,478.4599914550781,463.6300048828125,478.19000244140625,474.57611083984375,949000
2022-08-26,478.19000244140625,478.510009765625,451.70001220703125,453.30999755859375,449.8841247558594,1586300
2022-08-29,448.260009765625,455.3800048828125,443.739990234375,444.5400085449219,441.1804504394531,1008200
2022-08-30,449.010009765625,451.2099914550781,434.8299865722656,442.67999267578125,439.33447265625,1418700
2022-08-31,442.3399963378906,443.2300109863281,432.79998779296875,437.9100036621094,434.60052490234375,1232400
2022-09-01,424.489990234375,433.0899963378906,418.3800048828125,432.0400085449219,428.77490234375,1883000
2022-09-02,436.42999267578125,443.4200134277344,427.45001220703125,430.2099914550781,426.9587097167969,1368000
2022-09-06,429.3800048828125,433.75,421.8699951171875,426.760009765625,423.5347900390625,1163300
2022-09-07,429.0,436.92999267578125,422.0400085449219,432.0,428.73516845703125,1201300
2022-09-08,425.3399963378906,444.67999267578125,424.010009765625,439.1600036621094,435.8410949707031,1420500
2022-09-09,447.3999938964844,452.8599853515625,445.4100036621094,450.7799987792969,447.3732604980469,1293300
2022-09-12,447.2900085449219,453.4800109863281,442.1000061035156,447.29998779296875,443.9195556640625,998800
2022-09-13,429.0,432.1600036621094,418.20001220703125,420.4800109863281,418.9178161621094,1894200
2022-09-14,424.010009765625,426.6600036621094,414.6199951171875,421.760009765625,420.19305419921875,1061500
2022-09-15,418.6600036621094,422.3399963378906,407.7099914550781,413.44000244140625,411.9039611816406,1198700
2022-09-16,408.260009765625,413.8699951171875,403.20001220703125,409.2200012207031,407.69964599609375,1861300
2022-09-19,403.2200012207031,413.8699951171875,403.2200012207031,409.2200012207031,407.69964599609375,936400
2022-09-20,403.45001220703125,405.29998779296875,399.44000244140625,403.3999938964844,401.9012451171875,892700
2022-09-21,404.8999938964844,418.3800048828125,398.44000244140625,398.6499938964844,397.16888427734375,1062100
2022-09-22,394.45001220703125,396.67999267578125,385.82000732421875,386.8299865722656,385.3927917480469,1520200
2022-09-23,382.42999267578125,383.8900146484375,373.5799865722656,380.55999755859375,379.1461181640625,1462200
2022-09-26,380.67999267578125,385.2900085449219,371.1199951171875,371.44000244140625,370.05999755859375,1125100
2022-09-27,379.8599853515625,381.6499938964844,369.3399963378906,376.70001220703125,375.30047607421875,1183100
2022-09-28,373.4200134277344,383.6099853515625,372.260009765625,381.6499938964844,380.2320556640625,1084100
2022-09-29,375.1600036621094,375.42999267578125,364.2300109863281,370.54998779296875,369.17327880859375,1543900
2022-09-30,358.25,373.5199890136719,358.0,366.0,364.64019775390625,1909100
2022-10-03,372.29998779296875,396.760009765625,370.7200012207031,389.67999267578125,388.23223876953125,2530000
2022-10-04,402.7799987792969,408.5,397.510009765625,400.6300048828125,399.14154052734375,2056600
2022-10-05,391.94000244140625,404.7099914550781,385.010009765625,399.9100036621094,398.4242248535156,1407000
2022-10-06,398.6099853515625,407.44000244140625,395.2099914550781,397.6000061035156,396.122802734375,1358600
2022-10-07,386.6700134277344,388.6600036621094,371.7799987792969,374.8399963378906,373.4473571777344,2079600
2022-10-10,369.9800109863281,370.30999755859375,340.4200134277344,350.7200012207031,349.4169921875,3950600
2022-10-11,345.29998779296875,350.239990234375,322.30999755859375,327.04998779296875,325.83489990234375,5313200
2022-10-12,328.760009765625,330.9200134277344,323.1600036621094,323.9800109863281,322.7763366699219,3666300
2022-10-13,302.4700012207031,344.7200012207031,299.5899963378906,340.6099853515625,339.3445129394531,4529300
2022-10-14,340.6099853515625,340.989990234375,314.29998779296875,314.95001220703125,313.7798767089844,3039800
2022-10-17,327.010009765625,329.19000244140625,312.7099914550781,315.4200134277344,314.2481384277344,5143900
2022-10-18,327.05999755859375,331.8399963378906,315.70001220703125,322.05999755859375,320.86346435546875,2507700
2022-10-19,322.4100036621094,332.19000244140625,318.6700134277344,330.0799865722656,328.8536376953125,2691500
2022-10-20,340.6199951171875,366.9200134277344,334.0400085449219,355.8699951171875,354.5478515625,5875100
2022-10-21,354.9700012207031,372.8599853515625,354.9700012207031,369.2900085449219,367.9179992675781,2766500
2022-10-24,370.42999267578125,377.1700134277344,364.5299987792969,373.9599914550781,372.57061767578125,2011700
2022-10-25,375.0199890136719,386.510009765625,375.0199890136719,379.8599853515625,378.4486999511719,1749900
2022-10-26,374.25,393.8500061035156,373.7799987792969,385.6000061035156,384.1673889160156,2417800
2022-10-27,388.9599914550781,397.9599914550781,381.489990234375,389.1099853515625,387.6643371582031,2288500
2022-10-28,390.510009765625,406.95001220703125,389.5199890136719,405.5899963378906,404.0831298828125,1815500
2022-10-31,404.8699951171875,410.5,399.19000244140625,404.7799987792969,403.276123046875,1877200
2022-11-01,413.0,416.9700012207031,406.4700012207031,412.7099914550781,411.1766662597656,1568200
2022-11-02,411.55999755859375,421.04998779296875,394.7699890136719,395.5199890136719,394.050537109375,2173100
2022-11-03,388.70001220703125,399.4700012207031,384.7200012207031,393.4200134277344,391.9583435058594,1656300
2022-11-04,409.8500061035156,420.1000061035156,404.25,419.5400085449219,417.9812927246094,2422700
2022-11-07,423.5,435.6099853515625,419.239990234375,434.9700012207031,433.3539733886719,1884200
2022-11-08,443.0,448.95001220703125,430.7900085449219,444.8599853515625,443.20721435546875,2226000
2022-11-09,435.8699951171875,443.20001220703125,430.1300048828125,432.739990234375,431.1322326660156,1704000
2022-11-10,459.6300048828125,485.7799987792969,455.0400085449219,485.4100036621094,483.6065673828125,3719100
2022-11-11,481.9700012207031,504.54998779296875,480.1600036621094,500.82000732421875,498.9593200683594,2608000
2022-11-14,495.6499938964844,500.3699951171875,479.8699951171875,480.70001220703125,478.9140930175781,2347200
2022-11-15,501.0799865722656,502.70001220703125,482.1499938964844,490.739990234375,488.916748046875,2220600
2022-11-16,458.9700012207031,464.6400146484375,452.1199951171875,455.3800048828125,453.6881408691406,3007900
2022-11-17,446.32000732421875,464.6499938964844,445.0,461.1600036621094,459.4466552734375,1536900
2022-11-18,470.7099914550781,471.260009765625,448.6400146484375,456.70001220703125,455.00323486328125,1736300
2022-11-21,451.05999755859375,453.5,444.4100036621094,450.1499938964844,448.4775695800781,934900
2022-11-22,452.4100036621094,456.3900146484375,444.17999267578125,455.6199951171875,453.92724609375,1411500
2022-11-23,457.0899963378906,468.739990234375,456.010009765625,461.3999938964844,459.6857604980469,823500
2022-11-25,456.3399963378906,458.94000244140625,453.25,453.25,451.5660400390625,378900
2022-11-28,446.20001220703125,451.3399963378906,441.4700012207031,443.2300109863281,441.5832824707031,1182400
2022-11-29,447.0400085449219,450.29998779296875,440.0799865722656,442.04998779296875,440.40765380859375,903000
2022-11-30,447.8800048828125,472.3900146484375,441.2799987792969,472.3800048828125,470.6249694824219,2232800
2022-12-01,479.32000732421875,479.32000732421875,456.739990234375,463.1400146484375,461.4193115234375,1377900
2022-12-02,450.739990234375,460.2300109863281,450.3999938964844,457.6700134277344,455.9696350097656,1102200
2022-12-05,455.739990234375,462.69000244140625,448.6300048828125,452.6000061035156,450.91845703125,1088600
2022-12-06,452.8699951171875,454.1000061035156,438.9800109863281,443.0899963378906,441.44378662109375,925300
2022-12-07,441.19000244140625,452.79998779296875,439.6199951171875,444.2799987792969,442.6293640136719,1112900
2022-12-08,447.8699951171875,457.5199890136719,444.05999755859375,455.0,453.3095397949219,1237000
2022-12-09,449.489990234375,457.6400146484375,444.4200134277344,450.20001220703125,448.52740478515625,954200
2022-12-12,460.0299987792969,464.44000244140625,448.95001220703125,464.29998779296875,462.5749816894531,1213800
2022-12-13,485.5400085449219,490.6499938964844,470.0400085449219,475.94000244140625,475.94000244140625,1536900
2022-12-14,474.8500061035156,481.8800048828125,464.2300109863281,468.239990234375,468.239990234375,1210800
2022-12-15,456.0199890136719,459.7300109863281,444.0299987792969,446.05999755859375,446.05999755859375,1553100
2022-12-16,442.8900146484375,447.989990234375,438.1300048828125,443.9200134277344,443.9200134277344,1771500
2022-12-19,442.3299865722656,442.8500061035156,432.1000061035156,438.69000244140625,438.69000244140625,1064500
2022-12-20,433.3999938964844,441.0899963378906,432.6499938964844,437.3599853515625,437.3599853515625,909700
2022-12-21,441.32000732421875,450.80999755859375,440.0799865722656,447.8699951171875,447.8699951171875,946400
2022-12-22,431.8999938964844,433.2099914550781,397.05999755859375,409.1099853515625,409.1099853515625,3175700
2022-12-23,405.6199951171875,412.4700012207031,400.54998779296875,412.1199951171875,412.1199951171875,1054600
2022-12-27,408.0,411.6099853515625,404.760009765625,405.4599914550781,405.4599914550781,1112000
2022-12-28,403.42999267578125,407.75,399.2900085449219,402.79998779296875,402.79998779296875,873100
2022-12-29,409.7099914550781,422.57000732421875,408.1000061035156,420.6099853515625,420.6099853515625,1230900
2022-12-30,412.5799865722656,420.5899963378906,410.8399963378906,420.29998779296875,420.29998779296875,731700
2023-01-03,429.7200012207031,430.1000061035156,407.2699890136719,414.29998779296875,414.29998779296875,1324900
2023-01-04,421.6400146484375,428.2699890136719,416.4700012207031,422.4599914550781,422.4599914550781,1052500
2023-01-05,415.6199951171875,424.5799865722656,412.6000061035156,417.05999755859375,417.05999755859375,983400
2023-01-06,429.1400146484375,447.3399963378906,420.3599853515625,445.2699890136719,445.2699890136719,1481000
2023-01-09,451.20001220703125,463.3999938964844,444.6199951171875,452.42999267578125,452.42999267578125,1407900
2023-01-10,448.0799865722656,458.80999755859375,447.1600036621094,458.6099853515625,458.6099853515625,1067600
2023-01-11,447.70001220703125,464.45001220703125,445.57000732421875,464.29998779296875,464.29998779296875,1542900
2023-01-12,469.989990234375,475.5299987792969,453.3999938964844,470.0400085449219,470.0400085449219,1429900
2023-01-13,462.29998779296875,474.82000732421875,462.29998779296875,473.6700134277344,473.6700134277344,1202500
