Date,Open,High,Low,Close,Adj Close,Volume
2022-01-18,66.8499984741211,67.62000274658203,65.3499984741211,65.9000015258789,64.4962387084961,2675000
2022-01-19,66.19999694824219,67.05999755859375,65.44999694824219,65.58999633789062,64.19283294677734,4209200
2022-01-20,66.33000183105469,67.0,65.05000305175781,65.13999938964844,63.75242233276367,2299200
2022-01-21,64.94000244140625,65.58000183105469,64.01000213623047,64.26000213623047,62.891170501708984,2379400
2022-01-24,63.16999816894531,65.11000061035156,62.65999984741211,65.0,63.61540222167969,2723500
2022-01-25,63.869998931884766,64.05000305175781,62.66999816894531,63.439998626708984,62.0886344909668,1796000
2022-01-26,64.18000030517578,64.56999969482422,61.90999984741211,62.34000015258789,61.01206970214844,2360000
2022-01-27,62.93000030517578,63.56999969482422,61.2599983215332,61.560001373291016,60.24868392944336,2277800
2022-01-28,61.59000015258789,62.63999938964844,60.709999084472656,62.599998474121094,61.26652908325195,2396600
2022-01-31,62.709999084472656,63.61000061035156,62.279998779296875,63.33000183105469,61.980979919433594,2813200
2022-02-01,63.65999984741211,63.900001525878906,62.20000076293945,63.36000061035156,62.01034164428711,1308400
2022-02-02,63.349998474121094,63.91999816894531,62.88999938964844,63.63999938964844,62.28437423706055,2020900
2022-02-03,63.06999969482422,63.52000045776367,62.529998779296875,62.630001068115234,61.29589080810547,1604300
2022-02-04,62.349998474121094,62.4900016784668,60.83000183105469,61.459999084472656,60.15081024169922,2227900
2022-02-07,61.5,61.630001068115234,60.0,60.31999969482422,59.03509521484375,4915600
2022-02-08,59.2599983215332,60.029998779296875,57.959999084472656,59.150001525878906,57.89002227783203,4026600
2022-02-09,60.220001220703125,61.099998474121094,59.939998626708984,60.56999969482422,59.27976989746094,2762600
2022-02-10,59.459999084472656,60.13999938964844,57.97999954223633,58.27000045776367,57.02876281738281,2687400
2022-02-11,58.380001068115234,58.689998626708984,57.5,57.72999954223633,56.500267028808594,2425300
2022-02-14,57.52000045776367,57.849998474121094,56.709999084472656,57.25,56.03049087524414,1910400
2022-02-15,58.060001373291016,58.40999984741211,57.7400016784668,58.029998779296875,56.79387283325195,2470500
2022-02-16,58.029998779296875,58.86000061035156,57.650001525878906,58.68000030517578,57.430030822753906,2166200
2022-02-17,58.33000183105469,58.779998779296875,57.70000076293945,57.75,56.519840240478516,1673500
2022-02-18,57.849998474121094,58.27000045776367,57.15999984741211,57.560001373291016,56.33388900756836,2174300
2022-02-22,57.47999954223633,57.7400016784668,55.43000030517578,55.90999984741211,54.71903610229492,2305000
2022-02-23,56.20000076293945,56.20000076293945,54.959999084472656,55.08000183105469,53.90671920776367,2241400
2022-02-24,53.959999084472656,55.40999984741211,53.599998474121094,55.349998474121094,54.44774627685547,2098100
2022-02-25,55.380001068115234,56.66999816894531,55.0099983215332,56.630001068115234,55.70688247680664,1774200
2022-02-28,55.86000061035156,56.130001068115234,55.369998931884766,56.040000915527344,55.12649917602539,2938600
2022-03-01,55.939998626708984,56.599998474121094,54.119998931884766,54.58000183105469,53.690303802490234,3087000
2022-03-02,54.599998474121094,56.4900016784668,54.560001373291016,56.209999084472656,55.29372787475586,2668400
2022-03-03,56.630001068115234,56.88999938964844,55.540000915527344,55.7400016784668,54.83139419555664,1909500
2022-03-04,55.16999816894531,55.5099983215332,54.18000030517578,54.83000183105469,53.93622970581055,1972600
2022-03-07,54.91999816894531,54.91999816894531,51.88999938964844,51.93000030517578,51.08349609375,1911000
2022-03-08,52.209999084472656,53.709999084472656,51.59000015258789,52.47999954223633,51.624534606933594,2445000
2022-03-09,53.29999923706055,55.20000076293945,53.29999923706055,54.11000061035156,53.227962493896484,3091600
2022-03-10,53.380001068115234,53.869998931884766,52.400001525878906,53.849998474121094,52.97219467163086,4177100
2022-03-11,54.22999954223633,54.86000061035156,53.689998626708984,53.72999954223633,52.85416030883789,2441600
2022-03-14,54.560001373291016,54.970001220703125,53.86000061035156,54.11000061035156,53.227962493896484,1936900
2022-03-15,54.54999923706055,55.810001373291016,54.36000061035156,55.650001525878906,54.742862701416016,2840400
2022-03-16,56.13999938964844,57.439998626708984,54.880001068115234,56.119998931884766,55.205196380615234,3013600
2022-03-17,55.650001525878906,56.9900016784668,55.52000045776367,56.93000030517578,56.00199508666992,1991900
2022-03-18,56.7400016784668,57.83000183105469,56.209999084472656,57.400001525878906,56.46433639526367,5318200
2022-03-21,56.720001220703125,56.97999954223633,55.29999923706055,55.880001068115234,54.969112396240234,2275000
2022-03-22,56.0,56.349998474121094,54.47999954223633,55.20000076293945,54.300193786621094,2667500
2022-03-23,54.81999969482422,54.81999969482422,53.31999969482422,53.36000061035156,52.49018859863281,1813200
2022-03-24,53.43000030517578,53.47999954223633,52.630001068115234,52.91999816894531,52.05735778808594,2720300
2022-03-25,53.209999084472656,53.52000045776367,51.81999969482422,52.29999923706055,51.44746780395508,3510700
2022-03-28,52.310001373291016,52.95000076293945,52.189998626708984,52.90999984741211,52.04752731323242,1788700
2022-03-29,53.630001068115234,55.290000915527344,53.560001373291016,54.900001525878906,54.00508499145508,2342000
2022-03-30,54.619998931884766,54.900001525878906,53.189998626708984,53.349998474121094,52.480350494384766,1785800
2022-03-31,53.16999816894531,53.34000015258789,50.9900016784668,51.0,50.16865921020508,2527200
2022-04-01,51.540000915527344,51.70000076293945,50.470001220703125,51.54999923706055,50.70969009399414,2806400
2022-04-04,51.63999938964844,52.189998626708984,51.310001373291016,51.959999084472656,51.113006591796875,1414500
2022-04-05,51.119998931884766,51.459999084472656,50.5099983215332,50.779998779296875,49.95224380493164,1995800
2022-04-06,50.119998931884766,50.93000030517578,49.779998779296875,50.7599983215332,49.93256759643555,2360600
2022-04-07,50.43000030517578,50.959999084472656,50.119998931884766,50.65999984741211,49.834197998046875,2877800
2022-04-08,50.650001525878906,51.560001373291016,50.189998626708984,50.66999816894531,49.844032287597656,1968600
2022-04-11,49.5,50.900001525878906,49.38999938964844,50.13999938964844,49.32267761230469,2232800
2022-04-12,50.560001373291016,51.380001068115234,49.45000076293945,49.66999816894531,48.86033630371094,1891600
2022-04-13,49.83000183105469,50.540000915527344,49.650001525878906,50.45000076293945,49.62762451171875,1563900
2022-04-14,50.599998474121094,50.849998474121094,49.36000061035156,49.38999938964844,48.58489990234375,1693500
2022-04-18,49.2599983215332,49.900001525878906,48.779998779296875,49.16999816894531,48.36848449707031,1261400
2022-04-19,49.400001525878906,51.209999084472656,49.099998474121094,51.02000045776367,50.188331604003906,1760100
2022-04-20,51.470001220703125,52.22999954223633,51.349998474121094,51.86000061035156,51.01464080810547,1941300
2022-04-21,52.66999816894531,53.2599983215332,51.900001525878906,52.15999984741211,51.309749603271484,1741000
2022-04-22,51.9900016784668,51.9900016784668,50.880001068115234,50.93000030517578,50.09980010986328,1849600
2022-04-25,50.72999954223633,52.369998931884766,49.970001220703125,52.220001220703125,51.3687744140625,2529100
2022-04-26,51.779998779296875,53.9900016784668,51.75,52.72999954223633,51.87045669555664,4278200
2022-04-27,54.209999084472656,56.150001525878906,53.540000915527344,54.900001525878906,54.00508499145508,5787200
2022-04-28,55.400001525878906,55.52000045776367,53.689998626708984,55.060001373291016,54.162479400634766,3423300
2022-04-29,54.7599983215332,55.4900016784668,52.47999954223633,52.689998626708984,51.83110809326172,2918400
2022-05-02,52.91999816894531,53.5099983215332,51.619998931884766,52.91999816894531,52.05735778808594,2717000
2022-05-03,52.90999984741211,54.060001373291016,52.790000915527344,53.88999938964844,53.01154708862305,2458600
2022-05-04,54.0099983215332,56.0,53.68000030517578,55.810001373291016,54.90024948120117,1986100
2022-05-05,55.150001525878906,55.349998474121094,53.380001068115234,54.040000915527344,53.15910720825195,2184500
2022-05-06,53.650001525878906,53.959999084472656,52.189998626708984,53.060001373291016,52.1950798034668,1861800
2022-05-09,52.4900016784668,54.29999923706055,52.43000030517578,53.7599983215332,52.8836669921875,1935100
2022-05-10,55.130001068115234,55.5,52.959999084472656,53.18000030517578,52.3131217956543,3401400
2022-05-11,53.060001373291016,53.72999954223633,51.970001220703125,52.36000061035156,51.50648880004883,2534700
2022-05-12,52.189998626708984,54.56999969482422,52.189998626708984,54.560001373291016,53.670631408691406,3155100
2022-05-13,54.849998474121094,55.93000030517578,54.810001373291016,55.369998931884766,54.46742248535156,2108100
2022-05-16,54.9900016784668,55.790000915527344,53.58000183105469,55.29999923706055,54.398563385009766,2223600
2022-05-17,56.08000183105469,56.599998474121094,55.25,56.209999084472656,55.29372787475586,1925700
2022-05-18,55.130001068115234,55.33000183105469,54.119998931884766,54.31999969482422,53.43453598022461,3204600
2022-05-19,53.9900016784668,55.13999938964844,53.869998931884766,53.97999954223633,53.10008239746094,2647100
2022-05-20,54.43000030517578,55.0099983215332,52.9900016784668,54.290000915527344,53.405025482177734,2000200
2022-05-23,54.880001068115234,55.439998626708984,54.2400016784668,54.77000045776367,53.87720489501953,2126400
2022-05-24,54.650001525878906,55.029998779296875,53.40999984741211,54.54999923706055,53.660789489746094,1864700
2022-05-25,54.43000030517578,56.0099983215332,54.220001220703125,55.75,54.84122848510742,1965600
2022-05-26,56.15999984741211,57.369998931884766,55.93000030517578,57.11000061035156,56.46263885498047,1537900
2022-05-27,57.75,58.18000030517578,57.369998931884766,57.84000015258789,57.184364318847656,1440700
2022-05-31,56.95000076293945,57.380001068115234,56.029998779296875,56.689998626708984,56.04739761352539,3010500
2022-06-01,56.7599983215332,57.0,55.41999816894531,55.66999816894531,55.03895568847656,2333200
2022-06-02,56.18000030517578,56.88999938964844,55.810001373291016,56.849998474121094,56.20558166503906,1958500
2022-06-03,56.29999923706055,57.119998931884766,56.130001068115234,56.33000183105469,55.69148254394531,1615300
2022-06-06,56.599998474121094,57.349998474121094,56.189998626708984,57.0,56.353885650634766,2458800
2022-06-07,56.209999084472656,57.27000045776367,55.86000061035156,57.130001068115234,56.48241424560547,1677100
2022-06-08,56.66999816894531,56.810001373291016,56.13999938964844,56.369998931884766,55.73102569580078,1522500
2022-06-09,56.560001373291016,57.220001220703125,56.040000915527344,56.70000076293945,56.05728530883789,1392800
2022-06-10,55.56999969482422,55.84000015258789,54.630001068115234,54.720001220703125,54.0997314453125,2038500
2022-06-13,53.560001373291016,54.47999954223633,51.9900016784668,52.279998779296875,51.68738555908203,3133500
2022-06-14,52.40999984741211,52.779998779296875,50.790000915527344,51.209999084472656,50.629512786865234,2517100
2022-06-15,51.439998626708984,51.75,50.209999084472656,50.95000076293945,50.37246322631836,2628700
2022-06-16,49.65999984741211,49.7599983215332,47.31999969482422,47.709999084472656,47.169189453125,3447900
2022-06-17,47.470001220703125,48.459999084472656,46.790000915527344,47.619998931884766,47.0802116394043,6118900
2022-06-21,48.04999923706055,48.470001220703125,47.15999984741211,47.2599983215332,46.72428894042969,2220300
2022-06-22,46.31999969482422,47.75,46.27000045776367,47.33000183105469,46.79350280761719,2191100
2022-06-23,47.22999954223633,49.56999969482422,47.22999954223633,49.529998779296875,48.96855926513672,2806100
2022-06-24,50.029998779296875,51.939998626708984,50.0,51.79999923706055,51.212825775146484,4187900
2022-06-27,51.79999923706055,52.29999923706055,51.4900016784668,51.689998626708984,51.10407638549805,2123600
2022-06-28,51.84000015258789,52.29999923706055,51.09000015258789,51.2400016784668,50.659175872802734,2082400
2022-06-29,50.97999954223633,51.650001525878906,49.869998931884766,50.45000076293945,49.87813186645508,2310000
2022-06-30,49.959999084472656,50.93000030517578,49.369998931884766,50.599998474121094,50.026432037353516,2690400
2022-07-01,50.81999969482422,52.130001068115234,50.790000915527344,51.61000061035156,51.02498245239258,2048900
2022-07-05,50.939998626708984,52.7599983215332,50.86000061035156,52.65999984741211,52.06308364868164,2776700
2022-07-06,53.029998779296875,53.540000915527344,51.790000915527344,52.40999984741211,51.815914154052734,1945500
2022-07-07,52.38999938964844,52.83000183105469,51.72999954223633,52.45000076293945,51.85546112060547,1344000
2022-07-08,52.61000061035156,52.790000915527344,51.959999084472656,52.560001373291016,51.96421432495117,1320700
2022-07-11,52.33000183105469,53.08000183105469,52.22999954223633,52.709999084472656,52.112510681152344,1022800
2022-07-12,52.7599983215332,53.95000076293945,52.439998626708984,52.810001373291016,52.21138000488281,1339300
2022-07-13,51.93000030517578,53.33000183105469,51.33000183105469,53.18000030517578,52.577186584472656,1662000
2022-07-14,52.02000045776367,53.369998931884766,51.900001525878906,53.06999969482422,52.46843338012695,2132300
2022-07-15,53.84000015258789,53.959999084472656,52.689998626708984,53.599998474121094,52.99242401123047,1641800
2022-07-18,53.630001068115234,53.97999954223633,52.84000015258789,53.060001373291016,52.45854568481445,1250500
2022-07-19,53.619998931884766,54.43000030517578,53.220001220703125,54.31999969482422,53.704261779785156,1455500
2022-07-20,54.459999084472656,54.900001525878906,54.2400016784668,54.79999923706055,54.1788215637207,1226600
2022-07-21,54.720001220703125,56.31999969482422,54.400001525878906,56.29999923706055,55.66181945800781,1628200
2022-07-22,56.720001220703125,57.25,55.75,56.310001373291016,55.67170715332031,1690400
2022-07-25,56.130001068115234,56.470001220703125,55.060001373291016,55.40999984741211,54.78190612792969,1699000
2022-07-26,55.060001373291016,55.349998474121094,54.400001525878906,55.11000061035156,54.48530960083008,1524400
2022-07-27,54.54999923706055,54.599998474121094,52.86000061035156,53.91999816894531,53.30879592895508,3480200
2022-07-28,54.13999938964844,55.939998626708984,53.52000045776367,55.279998779296875,54.65338134765625,3504600
2022-07-29,55.52000045776367,55.790000915527344,54.79999923706055,55.380001068115234,54.75224685668945,1704900
2022-08-01,54.849998474121094,55.5,54.400001525878906,55.029998779296875,54.40621566772461,1133100
2022-08-02,54.79999923706055,54.9900016784668,53.13999938964844,53.22999954223633,52.62662124633789,1387500
2022-08-03,53.45000076293945,53.560001373291016,52.099998474121094,52.22999954223633,51.63795471191406,1944700
2022-08-04,51.869998931884766,53.099998474121094,51.619998931884766,52.88999938964844,52.29047393798828,2240100
2022-08-05,52.27000045776367,52.7599983215332,51.47999954223633,52.720001220703125,52.122398376464844,1175300
2022-08-08,53.20000076293945,53.689998626708984,52.720001220703125,52.97999954223633,52.379451751708984,1369300
2022-08-09,52.58000183105469,52.58000183105469,50.869998931884766,51.20000076293945,50.61962890625,1855200
2022-08-10,52.400001525878906,53.88999938964844,52.400001525878906,53.650001525878906,53.0418586730957,1648600
2022-08-11,53.7599983215332,55.779998779296875,53.70000076293945,54.7599983215332,54.423309326171875,2479800
2022-08-12,55.0099983215332,55.619998931884766,54.849998474121094,55.58000183105469,55.2382698059082,1512300
2022-08-15,55.4900016784668,55.70000076293945,54.869998931884766,55.439998626708984,55.09912872314453,973800
2022-08-16,54.869998931884766,56.290000915527344,54.7599983215332,56.040000915527344,55.69544219970703,1409200
2022-08-17,55.529998779296875,56.40999984741211,54.97999954223633,56.290000915527344,55.943904876708984,2228800
2022-08-18,56.369998931884766,56.58000183105469,55.880001068115234,56.290000915527344,55.943904876708984,1255600
2022-08-19,56.029998779296875,56.380001068115234,55.220001220703125,55.380001068115234,55.03950119018555,1539100
2022-08-22,54.540000915527344,54.58000183105469,52.93000030517578,52.9900016784668,52.6641960144043,1121800
2022-08-23,53.0099983215332,53.279998779296875,52.220001220703125,52.36000061035156,52.03806686401367,983000
2022-08-24,52.29999923706055,52.880001068115234,51.97999954223633,52.529998779296875,52.2070198059082,697700
2022-08-25,52.810001373291016,53.40999984741211,52.43000030517578,53.290000915527344,52.96234893798828,1042100
2022-08-26,53.27000045776367,53.41999816894531,50.970001220703125,51.0099983215332,50.69636535644531,1244200
2022-08-29,50.630001068115234,51.25,50.31999969482422,50.790000915527344,50.47772216796875,1556600
2022-08-30,51.06999969482422,51.84000015258789,50.849998474121094,51.060001373291016,50.74605941772461,2199400
2022-08-31,51.119998931884766,51.56999969482422,50.459999084472656,50.869998931884766,50.557228088378906,2745600
2022-09-01,50.619998931884766,50.88999938964844,50.02000045776367,50.77000045776367,50.45784378051758,1904300
2022-09-02,51.41999816894531,51.41999816894531,49.619998931884766,49.86000061035156,49.55344009399414,1745900
2022-09-06,49.939998626708984,50.029998779296875,48.599998474121094,49.2599983215332,48.95712661743164,1796300
2022-09-07,49.38999938964844,50.90999984741211,48.90999984741211,50.849998474121094,50.537349700927734,1723600
2022-09-08,50.63999938964844,51.20000076293945,49.900001525878906,51.18000030517578,50.86532211303711,1338300
2022-09-09,51.2400016784668,52.38999938964844,51.22999954223633,52.279998779296875,51.95855712890625,1171100
2022-09-12,52.63999938964844,53.59000015258789,52.349998474121094,52.70000076293945,52.3759765625,1348800
2022-09-13,51.060001373291016,51.150001525878906,49.38999938964844,49.43000030517578,49.12608337402344,1996900
2022-09-14,49.54999923706055,49.61000061035156,47.90999984741211,48.63999938964844,48.340938568115234,1946200
2022-09-15,48.56999969482422,49.84000015258789,48.43000030517578,48.9900016784668,48.68878936767578,1697900
2022-09-16,48.4900016784668,49.5099983215332,48.22999954223633,48.77000045776367,48.47013854980469,5875700
2022-09-19,48.560001373291016,49.70000076293945,48.400001525878906,49.400001525878906,49.09626770019531,1433100
2022-09-20,48.84000015258789,49.09000015258789,48.09000015258789,48.33000183105469,48.0328483581543,1868800
2022-09-21,48.7400016784668,49.36000061035156,47.61000061035156,47.61000061035156,47.3172721862793,1338500
2022-09-22,47.2400016784668,47.25,46.400001525878906,46.599998474121094,46.313480377197266,1364100
2022-09-23,46.33000183105469,46.810001373291016,45.86000061035156,46.75,46.46255874633789,1593300
2022-09-26,46.630001068115234,47.02000045776367,45.59000015258789,45.599998474121094,45.31962966918945,2068100
2022-09-27,46.11000061035156,46.619998931884766,45.27000045776367,45.88999938964844,45.607845306396484,1797000
2022-09-28,46.369998931884766,49.130001068115234,46.22999954223633,48.86000061035156,48.55958557128906,4130500
2022-09-29,48.150001525878906,48.369998931884766,46.959999084472656,47.279998779296875,46.98929977416992,2267600
2022-09-30,47.43000030517578,47.619998931884766,46.59000015258789,46.689998626708984,46.40292739868164,2564600
2022-10-03,47.34000015258789,48.7599983215332,47.25,48.529998779296875,48.23161315917969,1779300
2022-10-04,49.349998474121094,50.72999954223633,49.349998474121094,50.310001373291016,50.00067138671875,2208500
2022-10-05,49.540000915527344,50.5,49.43000030517578,49.90999984741211,49.60313034057617,1018800
2022-10-06,49.79999923706055,50.810001373291016,49.79999923706055,50.58000183105469,50.269012451171875,1361600
2022-10-07,49.810001373291016,49.810001373291016,48.38999938964844,48.619998931884766,48.32106018066406,1957700
2022-10-10,48.90999984741211,49.11000061035156,48.150001525878906,48.95000076293945,48.64903259277344,1463700
2022-10-11,48.959999084472656,49.540000915527344,48.43000030517578,48.779998779296875,48.48007583618164,1194300
2022-10-12,48.88999938964844,49.0099983215332,48.27000045776367,48.41999816894531,48.122291564941406,1227100
2022-10-13,47.33000183105469,49.0099983215332,46.349998474121094,48.599998474121094,48.30118179321289,1381700
2022-10-14,48.790000915527344,48.9900016784668,46.7400016784668,46.88999938964844,46.60169982910156,1325200
2022-10-17,47.959999084472656,48.40999984741211,47.15999984741211,47.810001373291016,47.51604461669922,1721600
2022-10-18,48.25,49.06999969482422,47.7599983215332,48.65999984741211,48.360816955566406,1833900
2022-10-19,48.11000061035156,48.18000030517578,45.88999938964844,46.349998474121094,46.06501770019531,2122800
2022-10-20,45.88999938964844,46.650001525878906,44.4900016784668,44.66999816894531,44.395347595214844,2037000
2022-10-21,44.66999816894531,46.4900016784668,44.56999969482422,46.38999938964844,46.10477066040039,1884200
2022-10-24,46.900001525878906,47.380001068115234,46.310001373291016,47.08000183105469,46.790531158447266,1472600
2022-10-25,47.58000183105469,48.689998626708984,47.380001068115234,48.34000015258789,48.042781829833984,2332700
2022-10-26,42.33000183105469,47.400001525878906,42.33000183105469,45.56999969482422,45.28981399536133,3941000
2022-10-27,45.36000061035156,47.0,45.2599983215332,46.02000045776367,45.7370491027832,3506800
2022-10-28,45.790000915527344,47.18000030517578,45.540000915527344,47.099998474121094,46.81040573120117,1637000
2022-10-31,46.79999923706055,47.13999938964844,46.189998626708984,46.27000045776367,45.985511779785156,2584600
2022-11-01,46.7599983215332,47.18000030517578,45.380001068115234,45.65999984741211,45.3792610168457,2237400
2022-11-02,45.619998931884766,46.29999923706055,44.08000183105469,44.119998931884766,43.84872817993164,1905300
2022-11-03,43.43000030517578,43.58000183105469,42.599998474121094,42.90999984741211,42.64616775512695,3019300
2022-11-04,43.779998779296875,43.869998931884766,42.779998779296875,43.54999923706055,43.28223419189453,2613800
2022-11-07,43.95000076293945,44.61000061035156,43.34000015258789,44.56999969482422,44.295963287353516,1827200
2022-11-08,45.0,46.150001525878906,44.54999923706055,45.540000915527344,45.2599983215332,1600500
2022-11-09,44.869998931884766,45.61000061035156,44.619998931884766,45.04999923706055,45.04999923706055,2355900
2022-11-10,48.029998779296875,50.33000183105469,47.7400016784668,50.18000030517578,50.18000030517578,3467500
2022-11-11,50.060001373291016,51.439998626708984,49.939998626708984,51.099998474121094,51.099998474121094,2718400
2022-11-14,50.56999969482422,50.83000183105469,49.61000061035156,49.720001220703125,49.720001220703125,1758000
2022-11-15,50.720001220703125,51.279998779296875,50.290000915527344,50.939998626708984,50.939998626708984,1896700
2022-11-16,50.68000030517578,51.150001525878906,49.689998626708984,50.34000015258789,50.34000015258789,1904900
2022-11-17,49.25,49.33000183105469,47.91999816894531,49.06999969482422,49.06999969482422,1209700
2022-11-18,50.099998474121094,50.2599983215332,49.060001373291016,49.93000030517578,49.93000030517578,1381300
2022-11-21,49.849998474121094,50.029998779296875,49.33000183105469,49.58000183105469,49.58000183105469,1146600
2022-11-22,50.0,50.29999923706055,49.349998474121094,50.2599983215332,50.2599983215332,1228700
2022-11-23,50.279998779296875,51.209999084472656,50.279998779296875,50.68000030517578,50.68000030517578,855300
2022-11-25,50.540000915527344,50.97999954223633,50.31999969482422,50.93000030517578,50.93000030517578,444000
2022-11-28,50.439998626708984,50.709999084472656,49.529998779296875,49.779998779296875,49.779998779296875,1194700
2022-11-29,49.5,50.08000183105469,49.18000030517578,49.869998931884766,49.869998931884766,1347700
2022-11-30,49.599998474121094,50.90999984741211,48.779998779296875,50.779998779296875,50.779998779296875,3728000
2022-12-01,51.439998626708984,51.86000061035156,50.93000030517578,51.7599983215332,51.7599983215332,2064200
2022-12-02,50.720001220703125,51.34000015258789,50.25,50.91999816894531,50.91999816894531,1794900
2022-12-05,50.06999969482422,50.099998474121094,49.18000030517578,49.40999984741211,49.40999984741211,1536900
2022-12-06,49.52000045776367,49.58000183105469,47.66999816894531,48.41999816894531,48.41999816894531,1437300
2022-12-07,48.47999954223633,49.349998474121094,48.290000915527344,48.91999816894531,48.91999816894531,1139700
2022-12-08,48.880001068115234,49.880001068115234,48.65999984741211,49.650001525878906,49.650001525878906,1234300
2022-12-09,49.459999084472656,49.97999954223633,49.119998931884766,49.31999969482422,49.31999969482422,987900
2022-12-12,49.4900016784668,49.7599983215332,48.970001220703125,49.65999984741211,49.65999984741211,1082600
2022-12-13,52.349998474121094,52.349998474121094,50.880001068115234,51.41999816894531,51.41999816894531,2317900
2022-12-14,51.16999816894531,51.4900016784668,49.75,50.13999938964844,50.13999938964844,2255800
2022-12-15,49.130001068115234,49.38999938964844,48.29999923706055,48.540000915527344,48.540000915527344,3276000
2022-12-16,48.150001525878906,48.380001068115234,46.630001068115234,47.41999816894531,47.41999816894531,3750200
2022-12-19,47.18000030517578,47.41999816894531,46.61000061035156,46.959999084472656,46.959999084472656,1515900
2022-12-20,46.540000915527344,46.779998779296875,46.18000030517578,46.529998779296875,46.529998779296875,2233000
2022-12-21,46.88999938964844,47.310001373291016,46.630001068115234,47.119998931884766,47.119998931884766,1427600
2022-12-22,46.40999984741211,47.06999969482422,45.7400016784668,46.93000030517578,46.93000030517578,1202600
2022-12-23,46.84000015258789,47.15999984741211,46.45000076293945,47.130001068115234,47.130001068115234,777400
2022-12-27,46.970001220703125,47.29999923706055,46.70000076293945,47.2599983215332,47.2599983215332,896500
2022-12-28,47.33000183105469,47.54999923706055,46.09000015258789,46.13999938964844,46.13999938964844,1335600
2022-12-29,46.5099983215332,47.5,46.29999923706055,47.22999954223633,47.22999954223633,974900
2022-12-30,46.630001068115234,46.970001220703125,46.09000015258789,46.66999816894531,46.66999816894531,1233800
2023-01-03,47.400001525878906,47.84000015258789,47.02000045776367,47.41999816894531,47.41999816894531,1332100
2023-01-04,48.33000183105469,48.93000030517578,47.900001525878906,48.72999954223633,48.72999954223633,1196700
2023-01-05,48.099998474121094,48.45000076293945,47.33000183105469,48.13999938964844,48.13999938964844,1753100
2023-01-06,48.59000015258789,49.959999084472656,48.38999938964844,49.65999984741211,49.65999984741211,1391000
2023-01-09,50.279998779296875,51.34000015258789,50.09000015258789,50.36000061035156,50.36000061035156,1820600
2023-01-10,49.970001220703125,50.81999969482422,49.790000915527344,50.810001373291016,50.810001373291016,1446400
2023-01-11,50.369998931884766,51.75,50.31999969482422,51.689998626708984,51.689998626708984,1431900
2023-01-12,52.279998779296875,52.279998779296875,50.540000915527344,51.869998931884766,51.869998931884766,1306300
2023-01-13,51.36000061035156,52.189998626708984,51.04999923706055,52.0,52.0,1445100
