Date,Open,High,Low,Close,Adj Close,Volume
2022-01-18,50.970001220703125,51.369998931884766,50.36000061035156,50.459999084472656,46.63212203979492,8876200
2022-01-19,50.43000030517578,50.52000045776367,49.86000061035156,50.09000015258789,46.29018783569336,6430200
2022-01-20,49.869998931884766,50.619998931884766,49.59000015258789,50.33000183105469,46.511985778808594,9469700
2022-01-21,50.470001220703125,50.97999954223633,50.09000015258789,50.31999969482422,46.50273895263672,8908700
2022-01-24,50.22999954223633,50.689998626708984,48.849998474121094,49.95000076293945,46.16081237792969,12646900
2022-01-25,49.470001220703125,50.2599983215332,48.650001525878906,50.029998779296875,46.2347412109375,9660300
2022-01-26,50.060001373291016,50.400001525878906,49.119998931884766,49.470001220703125,45.71722412109375,11715000
2022-01-27,49.900001525878906,51.209999084472656,49.56999969482422,50.34000015258789,46.52122497558594,11280600
2022-01-28,49.95000076293945,50.5099983215332,49.38999938964844,50.47999954223633,46.65060043334961,7551400
2022-01-31,50.09000015258789,51.06999969482422,50.0,50.880001068115234,47.020263671875,9212600
2022-02-01,50.970001220703125,51.029998779296875,50.36000061035156,50.63999938964844,46.798465728759766,7129400
2022-02-02,50.56999969482422,50.91999816894531,50.38999938964844,50.5,46.66908645629883,6804400
2022-02-03,50.900001525878906,50.9900016784668,50.2599983215332,50.41999816894531,46.59515380859375,6014600
2022-02-04,50.22999954223633,50.720001220703125,49.88999938964844,50.189998626708984,46.38260269165039,6886800
2022-02-07,50.279998779296875,50.709999084472656,50.0,50.38999938964844,46.56743240356445,7034600
2022-02-08,50.650001525878906,50.81999969482422,50.20000076293945,50.41999816894531,46.59515380859375,5491200
2022-02-09,50.560001373291016,50.88999938964844,50.5099983215332,50.599998474121094,46.761505126953125,6280400
2022-02-10,50.599998474121094,51.040000915527344,50.0,50.18000030517578,46.37336349487305,7728100
2022-02-11,50.220001220703125,50.720001220703125,50.130001068115234,50.369998931884766,46.5489501953125,6836800
2022-02-14,50.369998931884766,50.599998474121094,49.47999954223633,50.09000015258789,46.29018783569336,6975300
2022-02-15,50.33000183105469,50.720001220703125,50.04999923706055,50.31999969482422,46.50273895263672,5562900
2022-02-16,50.34000015258789,50.939998626708984,50.13999938964844,50.61000061035156,46.77074432373047,7224800
2022-02-17,50.29999923706055,51.470001220703125,50.2400016784668,51.369998931884766,47.473087310791016,7751900
2022-02-18,51.349998474121094,52.16999816894531,51.2599983215332,51.7400016784668,47.815025329589844,11325200
2022-02-22,51.689998626708984,51.939998626708984,50.7400016784668,51.279998779296875,47.38991928100586,8579900
2022-02-23,51.4900016784668,52.060001373291016,51.20000076293945,51.95000076293945,48.009090423583984,8759700
2022-02-24,50.720001220703125,50.88999938964844,48.61000061035156,49.56999969482422,45.809635162353516,19492500
2022-02-25,50.09000015258789,51.97999954223633,50.060001373291016,51.47999954223633,47.574745178222656,11780700
2022-02-28,50.880001068115234,51.369998931884766,50.560001373291016,51.290000915527344,47.3991584777832,8646400
2022-03-01,51.2599983215332,51.93000030517578,50.7400016784668,51.56999969482422,47.657920837402344,9693000
2022-03-02,51.5,53.290000915527344,51.40999984741211,52.810001373291016,48.80385208129883,12796800
2022-03-03,52.81999969482422,53.84000015258789,52.810001373291016,53.16999816894531,49.136539459228516,11822500
2022-03-04,52.029998779296875,53.54999923706055,52.0,53.4900016784668,49.43226623535156,8947400
2022-03-07,52.79999923706055,53.529998779296875,52.2400016784668,52.849998474121094,48.840816497802734,9596500
2022-03-08,52.900001525878906,53.119998931884766,50.63999938964844,50.88999938964844,47.02950668334961,14529600
2022-03-09,51.54999923706055,51.77000045776367,50.900001525878906,51.0,47.13115692138672,9772300
2022-03-10,50.88999938964844,51.439998626708984,50.310001373291016,51.22999954223633,47.34370803833008,7567200
2022-03-11,51.08000183105469,51.54999923706055,50.40999984741211,50.47999954223633,46.65060043334961,9435200
2022-03-14,50.650001525878906,51.119998931884766,49.790000915527344,50.540000915527344,46.706050872802734,11266400
2022-03-15,51.34000015258789,51.869998931884766,51.04999923706055,51.540000915527344,47.63019561767578,8346900
2022-03-16,51.15999984741211,51.45000076293945,50.45000076293945,51.279998779296875,47.38991928100586,10695500
2022-03-17,51.279998779296875,51.880001068115234,51.08000183105469,51.689998626708984,47.76881408691406,7801800
2022-03-18,51.959999084472656,52.08000183105469,51.349998474121094,51.68000030517578,47.75957107543945,25045000
2022-03-21,51.849998474121094,52.58000183105469,51.79999923706055,52.25,48.28633499145508,9326900
2022-03-22,53.2599983215332,53.959999084472656,52.84000015258789,53.310001373291016,49.265926361083984,9172800
2022-03-23,53.459999084472656,53.63999938964844,53.13999938964844,53.220001220703125,49.1827507019043,8843900
2022-03-24,52.5,52.68000030517578,51.88999938964844,52.5,49.35195541381836,11448500
2022-03-25,52.75,53.63999938964844,52.709999084472656,53.619998931884766,50.4047966003418,7636000
2022-03-28,52.439998626708984,52.77000045776367,51.5099983215332,52.029998779296875,48.910133361816406,10200300
2022-03-29,51.810001373291016,52.040000915527344,51.20000076293945,51.68000030517578,48.58112335205078,8526400
2022-03-30,51.709999084472656,52.04999923706055,51.43000030517578,52.04999923706055,48.92893981933594,6650400
2022-03-31,51.9900016784668,52.4900016784668,51.869998931884766,52.25,49.116947174072266,7020700
2022-04-01,52.560001373291016,52.790000915527344,52.13999938964844,52.709999084472656,49.54936218261719,5420400
2022-04-04,52.720001220703125,52.83000183105469,52.04999923706055,52.720001220703125,49.55876541137695,6688200
2022-04-05,52.470001220703125,53.36000061035156,52.38999938964844,52.63999938964844,49.483558654785156,7848600
2022-04-06,53.41999816894531,53.869998931884766,53.20000076293945,53.83000183105469,50.60220718383789,7713400
2022-04-07,53.720001220703125,53.790000915527344,53.13999938964844,53.72999954223633,50.508201599121094,6174900
2022-04-08,53.75,54.369998931884766,53.63999938964844,54.11000061035156,50.865413665771484,7424500
2022-04-11,54.47999954223633,54.7599983215332,54.060001373291016,54.45000076293945,51.185028076171875,6399800
2022-04-12,54.279998779296875,54.95000076293945,54.16999816894531,54.90999984741211,51.6174430847168,8068000
2022-04-13,54.849998474121094,55.33000183105469,54.66999816894531,54.79999923706055,51.5140380859375,8709600
2022-04-14,54.72999954223633,55.2599983215332,54.650001525878906,54.97999954223633,51.68324661254883,12214100
2022-04-18,54.90999984741211,55.16999816894531,54.599998474121094,54.599998474121094,51.32603073120117,5754300
2022-04-19,54.970001220703125,55.31999969482422,54.7400016784668,55.220001220703125,51.90885543823242,7072400
2022-04-20,55.34000015258789,55.599998474121094,55.02000045776367,55.369998931884766,52.04986572265625,6989300
2022-04-21,55.470001220703125,57.04999923706055,55.36000061035156,56.529998779296875,53.14030456542969,8659800
2022-04-22,56.5,56.650001525878906,55.470001220703125,55.529998779296875,52.20026779174805,8469900
2022-04-25,55.189998626708984,55.470001220703125,54.41999816894531,55.22999954223633,51.91825485229492,12144400
2022-04-26,55.33000183105469,55.72999954223633,54.86000061035156,54.880001068115234,51.58924865722656,6913400
2022-04-27,54.900001525878906,55.709999084472656,54.7599983215332,54.91999816894531,51.6268424987793,7946600
2022-04-28,54.0,55.45000076293945,53.25,55.20000076293945,51.89006042480469,8153900
2022-04-29,55.95000076293945,56.9900016784668,55.529998779296875,55.56999969482422,52.23786926269531,10862800
2022-05-02,56.09000015258789,56.36000061035156,54.470001220703125,55.380001068115234,52.05926513671875,10164800
2022-05-03,55.439998626708984,55.970001220703125,54.79999923706055,55.439998626708984,52.11566162109375,8455900
2022-05-04,55.709999084472656,56.40999984741211,55.29999923706055,56.400001525878906,53.01810073852539,7910100
2022-05-05,56.45000076293945,56.7400016784668,55.630001068115234,55.95000076293945,52.59508514404297,10016300
2022-05-06,55.689998626708984,56.75,55.59000015258789,56.56999969482422,53.17790222167969,11512300
2022-05-09,56.5,57.029998779296875,55.119998931884766,55.2599983215332,51.94645690917969,16925900
2022-05-10,53.84000015258789,53.9900016784668,50.36000061035156,51.56999969482422,48.47772216796875,25354700
2022-05-11,51.9900016784668,52.75,51.540000915527344,51.689998626708984,48.59052276611328,16080100
2022-05-12,52.20000076293945,52.75,51.65999984741211,52.16999816894531,49.04174041748047,12185000
2022-05-13,52.459999084472656,53.099998474121094,52.290000915527344,53.040000915527344,49.85957717895508,8144600
2022-05-16,53.209999084472656,54.11000061035156,52.95000076293945,53.7400016784668,50.51760482788086,7263300
2022-05-17,54.02000045776367,54.459999084472656,53.619998931884766,54.2400016784668,50.98762130737305,8465300
2022-05-18,54.15999984741211,54.189998626708984,53.02000045776367,53.20000076293945,50.00998306274414,9922500
2022-05-19,52.61000061035156,52.779998779296875,51.02000045776367,51.09000015258789,48.02650451660156,13690300
2022-05-20,51.380001068115234,51.79999923706055,50.599998474121094,51.09000015258789,48.02650451660156,16223600
2022-05-23,51.560001373291016,52.41999816894531,51.560001373291016,52.119998931884766,48.9947395324707,10535400
2022-05-24,52.27000045776367,53.0,52.02000045776367,52.93000030517578,49.75617218017578,10561600
2022-05-25,53.06999969482422,54.08000183105469,52.75,53.88999938964844,50.658607482910156,9198000
2022-05-26,53.88999938964844,54.88999938964844,53.88999938964844,54.5,51.232032775878906,7276700
2022-05-27,54.619998931884766,54.7599983215332,54.11000061035156,54.43000030517578,51.16622543334961,7356700
2022-05-31,54.29999923706055,54.349998474121094,53.5099983215332,54.09000015258789,50.84661102294922,11325100
2022-06-01,54.22999954223633,54.369998931884766,53.43000030517578,54.08000183105469,50.83721160888672,6797300
2022-06-02,54.16999816894531,54.25,52.880001068115234,54.150001525878906,50.903018951416016,5882200
2022-06-03,54.04999923706055,54.369998931884766,53.66999816894531,53.81999969482422,50.592803955078125,4785100
2022-06-06,53.97999954223633,54.15999984741211,53.5099983215332,53.59000015258789,50.37659454345703,8198200
2022-06-07,53.27000045776367,54.060001373291016,53.0099983215332,54.0099983215332,50.77141189575195,5439700
2022-06-08,52.04999923706055,52.25,49.43000030517578,49.4900016784668,46.52244186401367,31794300
2022-06-09,49.52000045776367,50.31999969482422,48.63999938964844,48.65999984741211,45.742210388183594,25295200
2022-06-10,48.09000015258789,49.38999938964844,47.90999984741211,48.939998626708984,46.00542449951172,13395400
2022-06-13,47.939998626708984,48.439998626708984,47.0,47.15999984741211,44.332157135009766,18091300
2022-06-14,46.400001525878906,46.619998931884766,45.81999969482422,46.290000915527344,44.36090850830078,12989100
2022-06-15,46.65999984741211,46.959999084472656,45.119998931884766,45.66999816894531,43.76674270629883,22244800
2022-06-16,44.91999816894531,45.47999954223633,44.34000015258789,45.380001068115234,43.48883056640625,16086500
2022-06-17,45.779998779296875,45.779998779296875,45.04999923706055,45.310001373291016,43.421749114990234,30811200
2022-06-21,45.61000061035156,45.779998779296875,45.02000045776367,45.70000076293945,43.79549789428711,14934100
2022-06-22,45.279998779296875,45.279998779296875,41.0,41.5,39.77052307128906,41732700
2022-06-23,41.34000015258789,42.59000015258789,41.34000015258789,42.5099983215332,40.738433837890625,18681700
2022-06-24,43.279998779296875,43.83000183105469,42.220001220703125,43.400001525878906,41.591346740722656,31383200
2022-06-27,43.56999969482422,44.0,43.13999938964844,43.189998626708984,41.39009475708008,11770300
2022-06-28,43.720001220703125,44.119998931884766,43.0099983215332,43.189998626708984,41.39009475708008,9856600
2022-06-29,41.54999923706055,42.75,41.41999816894531,41.7599983215332,40.019691467285156,12371600
2022-06-30,41.38999938964844,41.970001220703125,41.209999084472656,41.77000045776367,40.02927017211914,10556500
2022-07-01,41.560001373291016,42.31999969482422,41.27000045776367,42.25,40.48927307128906,8109600
2022-07-05,41.779998779296875,41.84000015258789,41.0099983215332,41.720001220703125,39.98135757446289,8425300
2022-07-06,42.29999923706055,42.459999084472656,41.06999969482422,41.15999984741211,39.44469451904297,11413700
2022-07-07,41.470001220703125,41.9900016784668,41.41999816894531,41.810001373291016,40.06760787963867,8707900
2022-07-08,41.290000915527344,41.81999969482422,41.2400016784668,41.52000045776367,39.78969192504883,6930700
2022-07-11,41.7599983215332,42.93000030517578,41.650001525878906,41.95000076293945,40.2017707824707,10654700
2022-07-12,42.029998779296875,43.33000183105469,41.939998626708984,42.310001373291016,40.54676818847656,8865000
2022-07-13,42.09000015258789,42.459999084472656,41.88999938964844,41.959999084472656,40.21135330200195,7588200
2022-07-14,41.5,41.7400016784668,41.20000076293945,41.630001068115234,39.89510726928711,8661700
2022-07-15,42.2400016784668,42.279998779296875,41.54999923706055,41.9900016784668,40.24010467529297,14309000
2022-07-18,42.33000183105469,42.68000030517578,42.060001373291016,42.27000045776367,40.5084342956543,10493500
2022-07-19,42.65999984741211,43.04999923706055,42.599998474121094,42.959999084472656,41.169677734375,7212600
2022-07-20,42.900001525878906,42.9900016784668,42.209999084472656,42.31999969482422,40.55635070800781,8733800
2022-07-21,42.04999923706055,42.790000915527344,42.0099983215332,42.77000045776367,40.98759841918945,7046100
2022-07-22,42.900001525878906,43.290000915527344,42.83000183105469,43.09000015258789,41.29426193237305,5511100
2022-07-25,43.2599983215332,43.869998931884766,43.18000030517578,43.83000183105469,42.00342559814453,5349200
2022-07-26,43.81999969482422,44.2599983215332,43.81999969482422,44.13999938964844,42.300506591796875,5604100
2022-07-27,43.97999954223633,44.20000076293945,43.56999969482422,44.06999969482422,42.233421325683594,9339500
2022-07-28,44.0,44.5,43.72999954223633,44.0,42.16633987426758,7076600
2022-07-29,43.709999084472656,44.119998931884766,43.58000183105469,43.86000061035156,42.03217697143555,11826800
2022-08-01,43.709999084472656,44.279998779296875,43.709999084472656,44.04999923706055,42.214256286621094,9466500
2022-08-02,44.099998474121094,44.189998626708984,43.2599983215332,43.83000183105469,42.00342559814453,8365000
2022-08-03,44.0,44.38999938964844,43.720001220703125,44.22999954223633,42.38675308227539,6179400
2022-08-04,44.13999938964844,44.38999938964844,43.81999969482422,44.25,42.405921936035156,6450800
2022-08-05,44.16999816894531,44.16999816894531,43.779998779296875,44.099998474121094,42.262168884277344,4865600
2022-08-08,44.380001068115234,44.54999923706055,44.20000076293945,44.220001220703125,42.377174377441406,4539300
2022-08-09,44.41999816894531,44.45000076293945,44.0099983215332,44.220001220703125,42.377174377441406,4295700
2022-08-10,44.45000076293945,44.790000915527344,44.34000015258789,44.7400016784668,42.8754997253418,4717200
2022-08-11,44.93000030517578,45.439998626708984,44.810001373291016,45.130001068115234,43.24924850463867,4201600
2022-08-12,45.20000076293945,45.380001068115234,45.0099983215332,45.150001525878906,43.26841735839844,7351600
2022-08-15,45.150001525878906,45.36000061035156,44.630001068115234,45.279998779296875,43.39299392700195,6194600
2022-08-16,45.279998779296875,45.880001068115234,45.189998626708984,45.7400016784668,43.83382797241211,6484000
2022-08-17,45.630001068115234,45.65999984741211,45.279998779296875,45.45000076293945,43.555912017822266,3868800
2022-08-18,45.540000915527344,45.650001525878906,45.290000915527344,45.61000061035156,43.70924377441406,3800500
2022-08-19,45.540000915527344,45.880001068115234,45.31999969482422,45.470001220703125,43.57508087158203,9093900
2022-08-22,45.36000061035156,45.689998626708984,45.310001373291016,45.380001068115234,43.48883056640625,7066600
2022-08-23,45.279998779296875,45.61000061035156,45.130001068115234,45.529998779296875,43.6325798034668,5359300
2022-08-24,45.5,45.84000015258789,45.400001525878906,45.79999923706055,43.891326904296875,4250500
2022-08-25,45.900001525878906,46.47999954223633,45.7599983215332,46.38999938964844,44.45673751831055,6926800
2022-08-26,46.5,46.61000061035156,45.849998474121094,45.880001068115234,43.96799087524414,6931200
2022-08-29,45.810001373291016,46.04999923706055,45.58000183105469,45.709999084472656,43.805076599121094,6253400
2022-08-30,45.72999954223633,45.810001373291016,44.9900016784668,45.119998931884766,43.239662170410156,7952000
2022-08-31,45.18000030517578,45.529998779296875,45.0099983215332,45.119998931884766,43.239662170410156,6627300
2022-09-01,45.0,45.4900016784668,44.779998779296875,45.369998931884766,43.479248046875,6864200
2022-09-02,45.68000030517578,45.91999816894531,44.83000183105469,45.0,43.12466812133789,8555000
2022-09-06,45.20000076293945,45.88999938964844,44.5,44.56999969482422,42.71258544921875,12042000
2022-09-07,44.650001525878906,44.970001220703125,44.119998931884766,44.95000076293945,43.076751708984375,10257100
2022-09-08,45.0,45.33000183105469,44.66999816894531,45.150001525878906,43.26841735839844,8651100
2022-09-09,45.2400016784668,45.86000061035156,45.040000915527344,45.56999969482422,43.6709098815918,7842200
2022-09-12,45.560001373291016,45.68000030517578,45.09000015258789,45.150001525878906,43.26841735839844,10683200
2022-09-13,45.029998779296875,45.06999969482422,42.939998626708984,42.970001220703125,41.179264068603516,17325800
2022-09-14,42.099998474121094,42.20000076293945,41.40999984741211,41.7599983215332,40.914730072021484,11988200
2022-09-15,41.650001525878906,42.130001068115234,41.56999969482422,42.0099983215332,41.15966796875,9786400
2022-09-16,42.0099983215332,42.40999984741211,41.810001373291016,42.290000915527344,41.43400192260742,28808600
2022-09-19,41.959999084472656,43.0099983215332,41.959999084472656,42.90999984741211,42.04145431518555,12656400
2022-09-20,42.709999084472656,43.060001373291016,42.59000015258789,42.91999816894531,42.051246643066406,6549300
2022-09-21,43.15999984741211,43.77000045776367,43.0,43.0099983215332,42.139427185058594,7925100
2022-09-22,43.279998779296875,43.66999816894531,43.119998931884766,43.27000045776367,42.3941650390625,7648900
2022-09-23,42.75,42.83000183105469,40.84000015258789,41.68000030517578,40.83634948730469,12898400
2022-09-26,41.59000015258789,41.97999954223633,41.130001068115234,41.470001220703125,40.63059997558594,10887300
2022-09-27,41.849998474121094,42.34000015258789,40.709999084472656,40.790000915527344,39.96436309814453,8432700
2022-09-28,41.04999923706055,41.599998474121094,40.61000061035156,41.40999984741211,40.571815490722656,6647000
2022-09-29,41.2599983215332,41.349998474121094,40.91999816894531,41.16999816894531,40.336669921875,5834700
2022-09-30,41.38999938964844,41.4900016784668,40.349998474121094,40.380001068115234,39.56266403198242,9121400
2022-10-03,40.849998474121094,41.56999969482422,40.7400016784668,41.369998931884766,40.532623291015625,9322200
2022-10-04,41.68000030517578,42.529998779296875,41.54999923706055,42.5,41.63975143432617,8393900
2022-10-05,42.279998779296875,43.18000030517578,42.18000030517578,42.900001525878906,42.03165817260742,6535900
2022-10-06,42.810001373291016,43.09000015258789,42.52000045776367,42.9900016784668,42.119834899902344,11154400
2022-10-07,42.93000030517578,43.33000183105469,42.33000183105469,42.81999969482422,41.95327377319336,10524500
2022-10-10,43.02000045776367,43.75,43.0099983215332,43.459999084472656,42.580318450927734,11408600
2022-10-11,44.220001220703125,45.08000183105469,43.95000076293945,44.349998474121094,43.45230484008789,14565500
2022-10-12,44.31999969482422,45.29999923706055,44.2599983215332,44.75,43.844207763671875,10794500
2022-10-13,44.66999816894531,45.959999084472656,44.369998931884766,45.88999938964844,44.96113204956055,11909400
2022-10-14,46.0,46.59000015258789,45.189998626708984,45.22999954223633,44.314491271972656,11226200
2022-10-17,45.54999923706055,45.790000915527344,44.40999984741211,44.59000015258789,43.68744659423828,7872500
2022-10-18,45.189998626708984,45.40999984741211,44.59000015258789,44.77000045776367,43.86380386352539,7176200
2022-10-19,44.880001068115234,45.02000045776367,44.43000030517578,44.66999816894531,43.76582717895508,5930300
2022-10-20,44.880001068115234,44.95000076293945,43.52000045776367,43.560001373291016,42.67829895019531,9710300
2022-10-21,43.5,44.529998779296875,43.38999938964844,44.47999954223633,43.579673767089844,7471100
2022-10-24,44.849998474121094,45.470001220703125,44.84000015258789,45.40999984741211,44.490848541259766,8428700
2022-10-25,45.33000183105469,45.83000183105469,45.11000061035156,45.7400016784668,44.814170837402344,8282100
2022-10-26,45.970001220703125,46.68000030517578,45.88999938964844,46.310001373291016,45.37263488769531,12132000
2022-10-27,45.13999938964844,46.56999969482422,45.119998931884766,45.41999816894531,44.50064468383789,11332300
2022-10-28,45.900001525878906,46.77000045776367,45.560001373291016,46.310001373291016,45.37263488769531,9253700
2022-10-31,46.150001525878906,46.36000061035156,45.90999984741211,46.27000045776367,45.33344268798828,7711600
2022-11-01,46.41999816894531,46.66999816894531,46.0099983215332,46.13999938964844,45.20607376098633,4859200
2022-11-02,45.84000015258789,46.0099983215332,44.810001373291016,44.84000015258789,43.93238830566406,9000600
2022-11-03,44.470001220703125,45.16999816894531,44.310001373291016,44.90999984741211,44.00096893310547,5705700
2022-11-04,45.2599983215332,45.70000076293945,45.0,45.5,44.57902908325195,5512000
2022-11-07,45.63999938964844,45.9900016784668,44.5099983215332,45.880001068115234,44.95133590698242,8277000
2022-11-08,45.939998626708984,46.150001525878906,45.36000061035156,45.900001525878906,44.97093200683594,6889200
2022-11-09,45.81999969482422,45.849998474121094,45.119998931884766,45.209999084472656,44.294898986816406,5348600
2022-11-10,45.029998779296875,45.22999954223633,43.72999954223633,44.220001220703125,43.3249397277832,12330900
2022-11-11,44.040000915527344,44.459999084472656,43.25,44.380001068115234,43.4817008972168,9820300
2022-11-14,44.56999969482422,44.880001068115234,43.95000076293945,43.959999084472656,43.07019805908203,8145800
2022-11-15,44.349998474121094,44.52000045776367,43.18000030517578,43.65999984741211,42.77627182006836,9262900
2022-11-16,43.7599983215332,43.86000061035156,43.220001220703125,43.58000183105469,42.69789123535156,9891900
2022-11-17,43.41999816894531,43.7400016784668,43.290000915527344,43.66999816894531,42.786067962646484,7834000
2022-11-18,44.02000045776367,44.29999923706055,43.7599983215332,44.20000076293945,43.30534362792969,9640900
2022-11-21,44.43000030517578,44.83000183105469,44.06999969482422,44.79999923706055,43.89319610595703,7644700
2022-11-22,45.0,45.22999954223633,44.81999969482422,45.15999984741211,44.24591064453125,6068600
2022-11-23,45.209999084472656,45.310001373291016,44.630001068115234,45.02000045776367,44.10874557495117,5192400
2022-11-25,45.0,45.150001525878906,44.650001525878906,44.7400016784668,43.83441162109375,2734800
2022-11-28,44.7400016784668,45.349998474121094,44.720001220703125,45.150001525878906,44.236114501953125,6760100
2022-11-29,45.2599983215332,45.84000015258789,45.150001525878906,45.81999969482422,44.89255142211914,6897200
2022-11-30,45.849998474121094,46.58000183105469,45.189998626708984,46.58000183105469,45.637168884277344,11309500
2022-12-01,46.720001220703125,47.15999984741211,46.54999923706055,47.0099983215332,46.05846405029297,9115900
2022-12-02,46.77000045776367,47.65999984741211,46.77000045776367,47.630001068115234,46.665916442871094,7653700
2022-12-05,47.060001373291016,47.90999984741211,47.029998779296875,47.189998626708984,46.23481750488281,7451700
2022-12-06,47.18000030517578,47.38999938964844,45.95000076293945,46.209999084472656,45.274654388427734,7721500
2022-12-07,46.45000076293945,46.56999969482422,46.13999938964844,46.369998931884766,45.43141555786133,6189800
2022-12-08,46.369998931884766,46.9900016784668,46.20000076293945,46.86000061035156,45.9114990234375,5850400
2022-12-09,46.779998779296875,46.970001220703125,46.63999938964844,46.709999084472656,45.76453399658203,6183800
2022-12-12,46.84000015258789,47.0,46.31999969482422,46.959999084472656,46.00947570800781,5527600
2022-12-13,47.189998626708984,47.25,46.709999084472656,46.810001373291016,45.86251449584961,14083500
2022-12-14,47.040000915527344,47.52000045776367,46.7599983215332,47.130001068115234,46.1760368347168,8636300
2022-12-15,46.9900016784668,47.130001068115234,46.310001373291016,46.95000076293945,45.99967956542969,8019700
2022-12-16,46.83000183105469,46.849998474121094,45.91999816894531,46.560001373291016,45.61757278442383,15186000
2022-12-19,46.650001525878906,46.970001220703125,45.95000076293945,46.380001068115234,45.44121551513672,7887600
2022-12-20,46.54999923706055,46.599998474121094,46.08000183105469,46.439998626708984,45.5,8395300
2022-12-21,45.61000061035156,45.7599983215332,45.400001525878906,45.59000015258789,45.59000015258789,8372400
2022-12-22,45.56999969482422,45.790000915527344,45.22999954223633,45.779998779296875,45.779998779296875,6709700
2022-12-23,45.779998779296875,46.2400016784668,45.5099983215332,46.2400016784668,46.2400016784668,6759700
2022-12-27,46.349998474121094,46.54999923706055,46.20000076293945,46.47999954223633,46.47999954223633,7957200
2022-12-28,46.63999938964844,46.790000915527344,45.84000015258789,45.849998474121094,45.849998474121094,5848000
2022-12-29,45.900001525878906,46.15999984741211,45.77000045776367,45.869998931884766,45.869998931884766,4270300
2022-12-30,45.86000061035156,45.9900016784668,45.41999816894531,45.709999084472656,45.709999084472656,5025200
2023-01-03,45.72999954223633,45.880001068115234,45.2599983215332,45.52000045776367,45.52000045776367,5127800
2023-01-04,45.41999816894531,45.88999938964844,45.189998626708984,45.40999984741211,45.40999984741211,7907300
2023-01-05,45.34000015258789,45.5,44.9900016784668,45.369998931884766,45.369998931884766,7648300
2023-01-06,45.959999084472656,46.7400016784668,45.84000015258789,46.45000076293945,46.45000076293945,7021700
2023-01-09,46.45000076293945,46.599998474121094,45.93000030517578,45.97999954223633,45.97999954223633,6881200
2023-01-10,46.400001525878906,46.540000915527344,45.84000015258789,45.9900016784668,45.9900016784668,6962900
2023-01-11,46.18000030517578,46.439998626708984,45.470001220703125,45.81999969482422,45.81999969482422,6740400
2023-01-12,45.900001525878906,45.93000030517578,45.349998474121094,45.400001525878906,45.400001525878906,5671500
2023-01-13,45.310001373291016,45.650001525878906,45.13999938964844,45.619998931884766,45.619998931884766,6278000
