Date,Open,High,Low,Close,Adj Close,Volume
2022-01-18,403.3399963378906,404.0,395.8900146484375,401.6300048828125,395.84527587890625,774800
2022-01-19,403.04998779296875,408.9700012207031,401.4800109863281,401.6499938964844,395.864990234375,570100
2022-01-20,401.489990234375,404.3999938964844,396.9800109863281,397.4100036621094,391.68603515625,843900
2022-01-21,399.760009765625,407.6000061035156,397.82000732421875,398.80999755859375,393.0658874511719,928100
2022-01-24,398.0,404.75,394.7300109863281,403.05999755859375,397.2546691894531,1303300
2022-01-25,399.7099914550781,405.57000732421875,393.010009765625,403.17999267578125,397.3729553222656,987700
2022-01-26,402.5199890136719,408.75,399.19000244140625,403.2300109863281,397.4222412109375,1111000
2022-01-27,389.75,391.20001220703125,371.3599853515625,373.989990234375,368.6033630371094,1797900
2022-01-28,370.45001220703125,380.739990234375,369.3399963378906,380.20001220703125,374.7239685058594,921000
2022-01-31,376.760009765625,378.1400146484375,366.8800048828125,369.8999938964844,364.572265625,1141900
2022-02-01,369.8900146484375,371.92999267578125,364.6199951171875,370.5799865722656,365.24249267578125,898400
2022-02-02,367.3999938964844,371.9200134277344,365.25,370.9800109863281,365.63671875,764800
2022-02-03,372.5,374.79998779296875,368.0,373.80999755859375,368.4259338378906,676100
2022-02-04,372.29998779296875,374.9200134277344,367.0,369.75,364.4244079589844,532400
2022-02-07,370.5400085449219,375.6000061035156,368.2099914550781,373.1600036621094,367.78533935546875,539800
2022-02-08,374.2900085449219,380.0,371.6600036621094,379.32000732421875,373.8565979003906,607500
2022-02-09,380.1099853515625,384.6700134277344,379.6199951171875,384.3599853515625,378.8240051269531,702800
2022-02-10,382.760009765625,386.3399963378906,379.92999267578125,382.0199890136719,376.5177001953125,906000
2022-02-11,382.989990234375,401.2200012207031,380.260009765625,399.32000732421875,393.5685729980469,1772600
2022-02-14,397.0,397.3399963378906,382.7799987792969,390.6000061035156,384.9741516113281,1709900
2022-02-15,387.17999267578125,388.9200134277344,380.29998779296875,384.7699890136719,379.22808837890625,787600
2022-02-16,384.989990234375,394.260009765625,384.79998779296875,393.6600036621094,387.9900817871094,1086100
2022-02-17,392.7699890136719,401.3599853515625,391.4100036621094,398.1099853515625,392.3759460449219,887800
2022-02-18,397.5,399.4700012207031,391.07000732421875,391.25,385.61474609375,1472200
2022-02-22,394.8699951171875,396.510009765625,386.8800048828125,390.7300109863281,385.10223388671875,719200
2022-02-23,392.3999938964844,394.6000061035156,384.8399963378906,386.0799865722656,380.51922607421875,666100
2022-02-24,395.6199951171875,402.8999938964844,389.989990234375,395.489990234375,389.793701171875,1548300
2022-02-25,393.3399963378906,411.0799865722656,393.3399963378906,409.6700134277344,405.3787536621094,1260000
2022-02-28,414.30999755859375,442.94000244140625,413.92999267578125,442.1400146484375,437.5086364746094,2603800
2022-03-01,444.3299865722656,457.0899963378906,443.7200012207031,456.1000061035156,451.3223876953125,2236300
2022-03-02,451.7699890136719,457.5400085449219,436.05999755859375,453.3900146484375,448.6407775878906,1784400
2022-03-03,452.3999938964844,455.0899963378906,441.3699951171875,449.69000244140625,444.9795227050781,1426100
2022-03-04,454.1400146484375,472.94000244140625,450.010009765625,468.57000732421875,463.6617431640625,1675700
2022-03-07,472.4200134277344,490.82000732421875,471.95001220703125,477.95001220703125,472.9435119628906,2401800
2022-03-08,476.1600036621094,477.7900085449219,448.20001220703125,449.2099914550781,444.5045166015625,2448200
2022-03-09,441.5199890136719,456.8399963378906,437.45001220703125,449.9200134277344,445.2071228027344,1730700
2022-03-10,450.489990234375,463.1199951171875,441.8399963378906,444.6099853515625,439.9527282714844,1442900
2022-03-11,447.67999267578125,449.8599853515625,435.69000244140625,436.29998779296875,431.7297668457031,1175900
2022-03-14,439.29998779296875,442.6499938964844,431.2300109863281,441.4200134277344,436.7961730957031,913600
2022-03-15,443.5400085449219,448.3699951171875,436.8699951171875,447.82000732421875,443.1291198730469,827500
2022-03-16,430.4200134277344,443.1099853515625,416.2300109863281,424.42999267578125,419.9841003417969,1878000
2022-03-17,431.0400085449219,434.989990234375,424.6199951171875,428.79998779296875,424.3083190917969,978400
2022-03-18,428.0400085449219,433.4100036621094,424.3500061035156,427.95001220703125,423.4672546386719,1826100
2022-03-21,435.239990234375,448.2699890136719,432.1099853515625,446.6000061035156,441.9219055175781,1293500
2022-03-22,447.1099853515625,448.0,438.5400085449219,446.29998779296875,441.625,741300
2022-03-23,448.0,452.0,442.5199890136719,446.9200134277344,442.2385559082031,587100
2022-03-24,446.989990234375,455.1400146484375,446.0799865722656,454.57000732421875,449.8084411621094,665100
2022-03-25,453.3599853515625,460.42999267578125,453.3599853515625,458.17999267578125,453.3805847167969,480000
2022-03-28,453.8599853515625,455.79998779296875,444.6000061035156,446.79998779296875,442.1197814941406,661200
2022-03-29,434.69000244140625,450.6099853515625,431.3800048828125,446.30999755859375,441.6349182128906,893800
2022-03-30,449.489990234375,456.489990234375,448.489990234375,453.3299865722656,448.58135986328125,624000
2022-03-31,449.9700012207031,457.92999267578125,446.70001220703125,447.2200012207031,442.5353698730469,648000
2022-04-01,446.5799865722656,454.8599853515625,444.05999755859375,454.7900085449219,450.0260925292969,699200
2022-04-04,455.42999267578125,456.54998779296875,444.3699951171875,452.2900085449219,447.5522766113281,713300
2022-04-05,450.489990234375,463.5,450.489990234375,454.010009765625,449.2542724609375,576200
2022-04-06,455.0,466.4200134277344,454.8800048828125,461.4599914550781,456.626220703125,806400
2022-04-07,460.0,472.6400146484375,459.0299987792969,470.7699890136719,465.83868408203125,761600
2022-04-08,472.760009765625,477.260009765625,459.3500061035156,463.6600036621094,458.8031921386719,909500
2022-04-11,466.3800048828125,470.95001220703125,461.70001220703125,462.1400146484375,457.29913330078125,869000
2022-04-12,463.30999755859375,466.67999267578125,459.32000732421875,463.2799987792969,458.4271545410156,632600
2022-04-13,468.0,470.05999755859375,460.3299865722656,464.5199890136719,459.6541748046875,563000
2022-04-14,468.4800109863281,470.25,463.3399963378906,467.20001220703125,462.30609130859375,1120300
2022-04-18,467.20001220703125,473.3699951171875,462.0799865722656,465.5799865722656,460.70306396484375,569300
2022-04-19,465.70001220703125,473.8500061035156,463.4800109863281,464.4100036621094,459.54534912109375,542500
2022-04-20,465.9100036621094,469.1300048828125,462.4800109863281,463.3999938964844,458.5458984375,603500
2022-04-21,464.6499938964844,465.5299987792969,443.0299987792969,443.45001220703125,438.8049011230469,947900
2022-04-22,443.739990234375,456.6600036621094,443.6700134277344,447.3999938964844,442.7135009765625,727000
2022-04-25,443.989990234375,445.0,434.1499938964844,444.0199890136719,439.3689270019531,608200
2022-04-26,444.67999267578125,452.4800109863281,440.4100036621094,442.510009765625,437.874755859375,614300
2022-04-27,444.17999267578125,450.69000244140625,439.7699890136719,439.7699890136719,435.1634216308594,838400
2022-04-28,437.0,449.7799987792969,432.3900146484375,445.1700134277344,440.50689697265625,1112400
2022-04-29,447.6099853515625,449.3399963378906,438.0299987792969,439.3999938964844,434.79730224609375,945600
2022-05-02,437.1199951171875,444.6300048828125,431.9200134277344,438.6199951171875,434.0254821777344,759900
2022-05-03,444.45001220703125,453.2300109863281,439.69000244140625,451.25,446.523193359375,1076000
2022-05-04,453.57000732421875,464.0,450.2699890136719,462.57000732421875,457.724609375,792100
2022-05-05,463.239990234375,470.2300109863281,457.1499938964844,466.6600036621094,461.77178955078125,1559700
2022-05-06,464.3800048828125,469.4599914550781,457.67999267578125,468.70001220703125,463.7904052734375,925400
2022-05-09,465.9599914550781,466.9200134277344,452.3500061035156,453.9800109863281,449.224609375,880700
2022-05-10,452.45001220703125,456.3500061035156,447.1400146484375,449.9700012207031,445.256591796875,924000
2022-05-11,449.67999267578125,458.3699951171875,445.07000732421875,446.4800109863281,441.80316162109375,805100
2022-05-12,448.1199951171875,450.9100036621094,442.70001220703125,450.7799987792969,446.05810546875,942000
2022-05-13,451.7300109863281,454.45001220703125,447.3399963378906,452.8299865722656,448.08660888671875,576900
2022-05-16,453.6700134277344,461.32000732421875,452.95001220703125,458.0799865722656,453.2816162109375,586600
2022-05-17,458.5799865722656,462.2099914550781,453.4800109863281,459.2799987792969,454.46905517578125,580900
2022-05-18,459.2300109863281,462.2799987792969,451.260009765625,454.8699951171875,450.1052551269531,758100
2022-05-19,449.3800048828125,453.3900146484375,439.20001220703125,448.5,443.8019714355469,758600
2022-05-20,450.17999267578125,450.8900146484375,437.5199890136719,443.3299865722656,438.6861572265625,636900
2022-05-23,446.6499938964844,458.2699890136719,446.29998779296875,456.7699890136719,451.9853515625,561400
2022-05-24,455.5799865722656,472.44000244140625,455.5799865722656,471.1000061035156,466.165283203125,794100
2022-05-25,471.1400146484375,474.4200134277344,467.1600036621094,467.6199951171875,462.7216796875,594300
2022-05-26,470.7300109863281,476.489990234375,466.6300048828125,467.42999267578125,462.53369140625,760400
2022-05-27,466.1499938964844,471.04998779296875,462.5799865722656,470.760009765625,467.559326171875,646000
2022-05-31,465.9700012207031,468.69000244140625,456.8399963378906,467.9700012207031,464.7882385253906,1762600
2022-06-01,467.7799987792969,471.9100036621094,458.760009765625,464.25,461.0935363769531,798600
2022-06-02,466.07000732421875,467.0,449.69000244140625,462.8699951171875,459.7229309082031,1151400
2022-06-03,462.1700134277344,478.6000061035156,462.1700134277344,478.3699951171875,475.1175537109375,872400
2022-06-06,479.2699890136719,483.94000244140625,477.4599914550781,478.8599853515625,475.6042175292969,586500
2022-06-07,478.79998779296875,492.29998779296875,476.69000244140625,492.05999755859375,488.7144775390625,742900
2022-06-08,487.82000732421875,491.5400085449219,472.05999755859375,472.45001220703125,469.2378234863281,853000
2022-06-09,470.260009765625,471.25,462.42999267578125,462.9200134277344,459.7726135253906,843500
2022-06-10,459.3500061035156,465.8399963378906,453.0,463.82000732421875,460.66650390625,964400
2022-06-13,459.7699890136719,465.760009765625,457.55999755859375,460.67999267578125,457.5478210449219,1328000
2022-06-14,459.9700012207031,462.9599914550781,448.5400085449219,454.4599914550781,451.3701171875,818500
2022-06-15,456.260009765625,462.6499938964844,447.69000244140625,458.45001220703125,455.3330078125,874400
2022-06-16,454.6499938964844,458.739990234375,447.57000732421875,449.0199890136719,445.96710205078125,1055200
2022-06-17,447.0,451.739990234375,436.07000732421875,443.92999267578125,440.91168212890625,1368400
2022-06-21,448.6400146484375,464.7799987792969,448.6199951171875,463.7699890136719,460.6167907714844,780500
2022-06-22,454.2200012207031,464.010009765625,453.010009765625,458.6099853515625,455.49188232421875,539800
2022-06-23,458.45001220703125,460.6499938964844,449.45001220703125,456.239990234375,453.13800048828125,614400
2022-06-24,460.0,464.4100036621094,455.6000061035156,463.70001220703125,460.54730224609375,807800
2022-06-27,461.3800048828125,468.8800048828125,461.2799987792969,466.82000732421875,463.6460876464844,542600
2022-06-28,468.1300048828125,473.82000732421875,464.1700134277344,464.6700134277344,461.5107116699219,583200
2022-06-29,468.0,468.0,459.32000732421875,461.80999755859375,458.6701354980469,586900
2022-06-30,458.1099853515625,480.04998779296875,458.1099853515625,478.57000732421875,475.3161926269531,1355000
2022-07-01,478.57000732421875,487.8999938964844,473.6300048828125,486.3699951171875,483.06317138671875,607000
2022-07-05,479.05999755859375,480.20001220703125,455.4599914550781,464.3599853515625,461.2027893066406,1254400
2022-07-06,464.8900146484375,484.9599914550781,463.489990234375,481.8699951171875,478.59375,899600
2022-07-07,480.0,486.8599853515625,478.510009765625,479.3800048828125,476.1206970214844,612700
2022-07-08,480.6400146484375,483.2099914550781,478.6099853515625,480.42999267578125,477.1635437011719,380900
2022-07-11,478.6199951171875,481.7699890136719,472.6000061035156,475.510009765625,472.2770080566406,497200
2022-07-12,476.67999267578125,478.4100036621094,467.4800109863281,468.8800048828125,465.69207763671875,534800
2022-07-13,464.9700012207031,476.9100036621094,464.0,465.20001220703125,462.037109375,531500
2022-07-14,458.8900146484375,461.75,454.739990234375,458.989990234375,455.8692932128906,571400
2022-07-15,463.0,463.17999267578125,455.010009765625,461.20001220703125,458.0643005371094,1451900
2022-07-18,463.0,464.3900146484375,448.20001220703125,449.260009765625,446.2054748535156,706200
2022-07-19,444.1000061035156,458.260009765625,443.1300048828125,457.3900146484375,454.28021240234375,751300
2022-07-20,458.0,460.7699890136719,452.1400146484375,456.07000732421875,452.96917724609375,593900
2022-07-21,454.32000732421875,455.1400146484375,448.79998779296875,453.79998779296875,450.714599609375,528500
2022-07-22,457.3699951171875,463.260009765625,450.010009765625,451.8500061035156,448.7778625488281,864700
2022-07-25,451.8900146484375,459.739990234375,451.1099853515625,453.32000732421875,450.23785400390625,826500
2022-07-26,453.1499938964844,455.1099853515625,444.30999755859375,444.6499938964844,441.6268005371094,702500
2022-07-27,445.5799865722656,447.6700134277344,441.3999938964844,445.80999755859375,442.7789001464844,744600
2022-07-28,438.3900146484375,455.8800048828125,433.8699951171875,454.4599914550781,451.3701171875,1016600
2022-07-29,457.7200012207031,479.79998779296875,456.05999755859375,478.8999938964844,475.6439514160156,1199000
2022-08-01,481.3699951171875,488.1700134277344,472.2200012207031,475.6300048828125,472.39617919921875,933400
2022-08-02,481.8399963378906,488.3599853515625,472.20001220703125,481.04998779296875,477.7793273925781,687400
2022-08-03,480.0,484.1099853515625,471.0199890136719,481.75,478.4745788574219,845000
2022-08-04,482.0,486.1499938964844,477.5199890136719,478.0400085449219,474.7898254394531,654900
2022-08-05,475.67999267578125,478.3800048828125,469.3900146484375,477.5899963378906,474.34283447265625,522300
2022-08-08,478.95001220703125,480.0799865722656,465.7799987792969,470.04998779296875,466.8541259765625,614100
2022-08-09,473.989990234375,482.17999267578125,473.010009765625,473.7300109863281,470.50909423828125,667500
2022-08-10,474.489990234375,475.0,469.54998779296875,473.1400146484375,469.9231262207031,711100
2022-08-11,474.0,474.260009765625,467.82000732421875,470.30999755859375,467.11236572265625,690400
2022-08-12,470.5199890136719,479.760009765625,469.2200012207031,479.5799865722656,476.3193054199219,701600
2022-08-15,477.9700012207031,489.4200134277344,475.0899963378906,486.8699951171875,483.55975341796875,586100
2022-08-16,485.3299865722656,488.6000061035156,483.2300109863281,485.5,482.1990661621094,500800
2022-08-17,482.7200012207031,496.29998779296875,482.6300048828125,492.510009765625,489.1614074707031,852000
2022-08-18,493.989990234375,497.20001220703125,490.42999267578125,492.8800048828125,489.5289001464844,592000
2022-08-19,492.1300048828125,493.239990234375,487.8399963378906,490.75,487.4133605957031,606600
2022-08-22,488.0,493.1400146484375,483.739990234375,484.19000244140625,480.8979797363281,607700
2022-08-23,482.8399963378906,485.6199951171875,479.6700134277344,482.8800048828125,479.5968933105469,451500
2022-08-24,485.20001220703125,490.29998779296875,484.5799865722656,488.8900146484375,485.5660400390625,612600
2022-08-25,488.989990234375,494.6000061035156,486.7799987792969,494.4800109863281,491.1180114746094,375300
2022-08-26,493.3699951171875,496.75,484.7099914550781,485.1300048828125,483.52325439453125,448500
2022-08-29,480.04998779296875,489.1700134277344,477.1000061035156,485.80999755859375,484.20098876953125,499500
2022-08-30,486.6000061035156,486.75,478.6400146484375,480.92999267578125,479.337158203125,573700
2022-08-31,481.1300048828125,482.5899963378906,476.9700012207031,477.989990234375,476.4068908691406,725100
2022-09-01,475.9599914550781,481.44000244140625,475.0,480.32000732421875,478.72918701171875,564100
2022-09-02,483.989990234375,485.3699951171875,474.739990234375,476.95001220703125,475.370361328125,512100
2022-09-06,476.79998779296875,484.19000244140625,476.7200012207031,479.739990234375,478.1510925292969,569300
2022-09-07,477.79998779296875,488.2200012207031,475.9700012207031,487.7799987792969,486.16448974609375,512300
2022-09-08,487.07000732421875,489.82000732421875,481.29998779296875,489.7300109863281,488.1080322265625,584900
2022-09-09,489.4700012207031,495.3800048828125,486.2699890136719,491.4100036621094,489.782470703125,704600
2022-09-12,491.04998779296875,491.1099853515625,481.4599914550781,482.29998779296875,480.7026062011719,918500
2022-09-13,479.57000732421875,487.3999938964844,465.25,468.92999267578125,467.37689208984375,836500
2022-09-14,472.80999755859375,485.20001220703125,471.8500061035156,484.8800048828125,483.2740783691406,1157400
2022-09-15,482.7300109863281,487.760009765625,478.5400085449219,485.0799865722656,483.4734191894531,758000
2022-09-16,483.3599853515625,487.8500061035156,480.29998779296875,485.20001220703125,483.5930480957031,1115500
2022-09-19,483.19000244140625,492.57000732421875,481.04998779296875,488.07000732421875,486.4535217285156,842900
2022-09-20,488.05999755859375,496.0799865722656,481.0299987792969,494.0,492.3638610839844,875700
2022-09-21,505.489990234375,515.489990234375,492.6099853515625,492.8699951171875,491.23760986328125,1246600
2022-09-22,492.7699890136719,500.6300048828125,482.260009765625,496.4599914550781,494.81573486328125,1206800
2022-09-23,491.8800048828125,491.8800048828125,474.0799865722656,478.82000732421875,477.2341613769531,877700
2022-09-26,477.3800048828125,482.0199890136719,472.3599853515625,474.3699951171875,472.79888916015625,657200
2022-09-27,477.3399963378906,479.19000244140625,471.239990234375,474.1400146484375,472.5696716308594,1023800
2022-09-28,475.5299987792969,485.8500061035156,464.2799987792969,483.69000244140625,482.0880126953125,948300
2022-09-29,480.6600036621094,482.1000061035156,464.510009765625,470.4800109863281,468.9217834472656,910900
2022-09-30,466.5,474.0,466.5,470.32000732421875,468.7622985839844,1134500
2022-10-03,476.44000244140625,489.92999267578125,474.0,485.7099914550781,484.101318359375,910600
2022-10-04,488.4200134277344,497.1199951171875,487.010009765625,490.2799987792969,488.65618896484375,985700
2022-10-05,487.0,489.5,480.67999267578125,484.45001220703125,482.84552001953125,620800
2022-10-06,483.7200012207031,486.29998779296875,480.989990234375,485.2300109863281,483.6229248046875,604900
2022-10-07,485.1600036621094,496.5199890136719,483.0199890136719,496.0899963378906,494.44696044921875,1097600
2022-10-10,498.82000732421875,509.0,498.0,503.8299865722656,502.16131591796875,1375700
2022-10-11,504.1300048828125,514.5599975585938,503.260009765625,507.30999755859375,505.6297912597656,836500
2022-10-12,508.1400146484375,508.1400146484375,492.20001220703125,492.3800048828125,490.7492370605469,972500
2022-10-13,488.0899963378906,503.04998779296875,486.3800048828125,501.44000244140625,499.77923583984375,922000
2022-10-14,495.70001220703125,496.9800109863281,463.1099853515625,464.19000244140625,462.6526184082031,1642700
2022-10-17,467.2099914550781,478.70001220703125,466.260009765625,475.0899963378906,473.5165100097656,1122600
2022-10-18,480.0,509.8900146484375,478.9800109863281,506.79998779296875,505.1214599609375,1853200
2022-10-19,504.8399963378906,516.7899780273438,501.5199890136719,510.9100036621094,509.2178649902344,1342700
2022-10-20,511.760009765625,516.489990234375,509.1600036621094,512.4400024414062,510.7427978515625,877900
2022-10-21,512.5599975585938,525.3499755859375,509.5,522.6599731445312,520.928955078125,1054300
2022-10-24,527.6199951171875,534.6400146484375,524.280029296875,525.9600219726562,524.218017578125,866600
2022-10-25,520.3699951171875,528.0,517.4500122070312,526.75,525.0054321289062,763800
2022-10-26,529.5599975585938,535.2100219726562,524.8800048828125,530.989990234375,529.2313842773438,940900
2022-10-27,512.5800170898438,537.8099975585938,508.0,535.510009765625,533.7363891601562,1689500
2022-10-28,540.0800170898438,556.27001953125,531.0,548.1099853515625,546.294677734375,1316600
2022-10-31,544.7999877929688,553.6599731445312,543.969970703125,549.010009765625,547.1917114257812,1089000
2022-11-01,549.6199951171875,550.1099853515625,534.260009765625,535.8800048828125,534.1051635742188,1303100
2022-11-02,534.0499877929688,539.6799926757812,529.8300170898438,530.2999877929688,528.5436401367188,1111900
2022-11-03,528.0399780273438,531.3499755859375,525.469970703125,525.510009765625,523.76953125,1200000
2022-11-04,526.0,527.1599731445312,510.010009765625,522.77001953125,521.0386352539062,1242000
2022-11-07,523.0499877929688,537.5800170898438,520.5599975585938,534.77001953125,532.9988403320312,804500
2022-11-08,533.3400268554688,542.1400146484375,532.3300170898438,540.9299926757812,539.138427734375,652600
2022-11-09,540.6599731445312,543.1900024414062,532.8099975585938,533.1400146484375,531.374267578125,601600
2022-11-10,540.780029296875,540.780029296875,523.719970703125,531.5900268554688,529.8294067382812,1220000
2022-11-11,517.969970703125,518.8300170898438,490.20001220703125,492.70001220703125,491.0682067871094,2267400
2022-11-14,496.0,500.07000732421875,478.4599914550781,481.739990234375,480.14447021484375,2194500
2022-11-15,485.0,510.0,479.9200134277344,500.7200012207031,499.0616149902344,1902800
2022-11-16,499.0,507.67999267578125,496.0400085449219,505.1300048828125,503.45703125,1066900
2022-11-17,504.94000244140625,519.7899780273438,504.82000732421875,518.8499755859375,517.1315307617188,950800
2022-11-18,518.8400268554688,524.7899780273438,515.8300170898438,520.4199829101562,518.6963500976562,863500
2022-11-21,521.7100219726562,532.4400024414062,520.489990234375,527.8699951171875,526.1217041015625,861500
2022-11-22,529.9099731445312,533.77001953125,523.4299926757812,524.6500244140625,522.9124145507812,635300
2022-11-23,524.4400024414062,525.77001953125,518.3699951171875,522.3400268554688,520.6100463867188,553600
2022-11-25,526.8699951171875,529.7899780273438,522.0800170898438,527.8300170898438,527.8300170898438,254400
2022-11-28,524.719970703125,530.530029296875,522.4400024414062,524.8800048828125,524.8800048828125,490600
2022-11-29,524.8699951171875,529.7000122070312,523.2000122070312,528.3499755859375,528.3499755859375,385500
2022-11-30,527.9500122070312,534.8900146484375,524.4600219726562,533.2899780273438,533.2899780273438,786500
2022-12-01,534.6199951171875,535.4199829101562,521.5999755859375,530.2999877929688,530.2999877929688,568100
2022-12-02,528.5800170898438,549.8699951171875,527.3900146484375,545.5999755859375,545.5999755859375,843500
2022-12-05,539.52001953125,543.1900024414062,533.8499755859375,541.4299926757812,541.4299926757812,671100
2022-12-06,543.7999877929688,543.7999877929688,528.3599853515625,531.8099975585938,531.8099975585938,576600
2022-12-07,532.1799926757812,540.9400024414062,529.9000244140625,540.2100219726562,540.2100219726562,583000
2022-12-08,545.0,546.75,539.260009765625,540.5499877929688,540.5499877929688,378700
2022-12-09,539.0,545.72998046875,528.8300170898438,528.9400024414062,528.9400024414062,589600
2022-12-12,530.5,535.8900146484375,525.9199829101562,535.1799926757812,535.1799926757812,540500
2022-12-13,537.010009765625,537.0599975585938,523.3400268554688,525.5900268554688,525.5900268554688,853700
2022-12-14,528.75,537.6699829101562,524.9500122070312,531.780029296875,531.780029296875,575900
2022-12-15,532.72998046875,533.3699951171875,522.6099853515625,528.489990234375,528.489990234375,483200
2022-12-16,527.1699829101562,532.3800048828125,521.6099853515625,529.8699951171875,529.8699951171875,1429000
2022-12-19,529.5800170898438,538.0,526.4600219726562,532.52001953125,532.52001953125,783700
2022-12-20,533.6300048828125,540.8099975585938,528.1699829101562,529.5700073242188,529.5700073242188,642000
2022-12-21,531.0,540.5599975585938,529.780029296875,538.7899780273438,538.7899780273438,518600
2022-12-22,539.0,542.0999755859375,526.3800048828125,531.3699951171875,531.3699951171875,434600
2022-12-23,531.7100219726562,536.25,529.8800048828125,534.77001953125,534.77001953125,475700
2022-12-27,538.0,544.0399780273438,537.0,541.1900024414062,541.1900024414062,454500
2022-12-28,543.4500122070312,545.3699951171875,540.239990234375,540.4099731445312,540.4099731445312,718100
2022-12-29,540.219970703125,544.219970703125,538.2100219726562,542.0,542.0,487100
2022-12-30,542.9299926757812,546.8699951171875,539.510009765625,545.6099853515625,545.6099853515625,564700
2023-01-03,544.9199829101562,547.7999877929688,537.9000244140625,540.3300170898438,540.3300170898438,615200
2023-01-04,535.8699951171875,540.3499755859375,522.3699951171875,526.4500122070312,526.4500122070312,939800
2023-01-05,526.530029296875,533.7100219726562,522.9400024414062,528.52001953125,528.52001953125,766600
2023-01-06,529.8099975585938,540.8499755859375,505.04998779296875,521.4199829101562,521.4199829101562,1084600
2023-01-09,518.030029296875,518.030029296875,488.1199951171875,495.4100036621094,495.4100036621094,1853000
2023-01-10,496.9700012207031,502.30999755859375,490.95001220703125,495.7900085449219,495.7900085449219,902200
2023-01-11,496.20001220703125,499.3599853515625,489.489990234375,492.92999267578125,492.92999267578125,944000
2023-01-12,491.7099914550781,494.0,485.8900146484375,487.9800109863281,487.9800109863281,1097800
2023-01-13,474.3999938964844,474.3999938964844,454.7900085449219,461.42999267578125,461.42999267578125,2608400
