Date,Open,High,Low,Close,Adj Close,Volume
2022-01-18,108.44000244140625,108.73999786376953,105.37999725341797,106.69999694824219,104.95760345458984,3056100
2022-01-19,108.5,108.91999816894531,103.62000274658203,104.25,102.54761505126953,2742100
2022-01-20,103.5,106.51000213623047,100.04000091552734,100.33999633789062,98.70146179199219,4079300
2022-01-21,98.70999908447266,98.77999877929688,92.88999938964844,93.05000305175781,91.53050994873047,5790000
2022-01-24,90.23999786376953,95.91000366210938,88.5,95.30999755859375,93.75360870361328,6443900
2022-01-25,93.11000061035156,95.41999816894531,92.2300033569336,94.19000244140625,92.65190124511719,3402500
2022-01-26,95.51000213623047,96.02999877929688,91.69000244140625,93.04000091552734,91.52066802978516,3590200
2022-01-27,97.25,99.01000213623047,95.31999969482422,96.73999786376953,95.16024017333984,5494000
2022-01-28,97.9000015258789,100.58000183105469,96.69000244140625,99.79000091552734,98.16044616699219,5878600
2022-01-31,99.37999725341797,102.93000030517578,99.06999969482422,101.4000015258789,99.74415588378906,5601400
2022-02-01,103.41000366210938,107.66999816894531,103.41000366210938,107.45999908447266,105.70519256591797,4530900
2022-02-02,107.5,112.75,106.0199966430664,111.9800033569336,110.1513900756836,4429100
2022-02-03,111.41000366210938,114.98999786376953,110.56999969482422,112.25,110.4169692993164,3453600
2022-02-04,112.55999755859375,114.33999633789062,110.12999725341797,111.26000213623047,109.4431381225586,3354100
2022-02-07,112.81999969482422,113.56999969482422,109.19999694824219,111.12000274658203,109.30542755126953,2414000
2022-02-08,112.19999694824219,116.8499984741211,111.83000183105469,115.56999969482422,113.6827621459961,4273400
2022-02-09,115.62999725341797,120.33999633789062,115.23999786376953,120.08000183105469,118.1191177368164,4067900
2022-02-10,118.55999755859375,123.36000061035156,118.0199966430664,121.58999633789062,119.60445404052734,3280400
2022-02-11,119.04000091552734,122.0999984741211,117.8499984741211,118.41000366210938,116.47638702392578,3304700
2022-02-14,119.0,119.94999694824219,116.5199966430664,117.3499984741211,115.43370056152344,2348700
2022-02-15,117.63999938964844,122.02999877929688,117.0,121.58000183105469,119.5946273803711,1944300
2022-02-16,120.94000244140625,124.38999938964844,120.62999725341797,122.66000366210938,120.65699005126953,1941800
2022-02-17,121.5,123.58000183105469,120.30000305175781,120.94000244140625,118.96507263183594,2190700
2022-02-18,121.58999633789062,124.05999755859375,121.3499984741211,122.93000030517578,120.92257690429688,2243600
2022-02-22,122.7300033569336,124.95999908447266,118.18000030517578,118.70999908447266,116.771484375,4220600
2022-02-23,119.87999725341797,121.12999725341797,117.22000122070312,117.9800033569336,116.05341339111328,2377700
2022-02-24,113.68000030517578,121.27999877929688,112.18000030517578,120.9000015258789,118.92572021484375,2937300
2022-02-25,121.70999908447266,130.5,121.70999908447266,130.0500030517578,127.92632293701172,4722500
2022-02-28,128.82000732421875,134.3800048828125,128.1999969482422,131.6199951171875,129.4706573486328,4076500
2022-03-01,132.97000122070312,136.9600067138672,128.35000610351562,131.0,128.86080932617188,3765000
2022-03-02,133.0800018310547,139.1300048828125,130.4499969482422,138.00999450683594,135.75631713867188,3691100
2022-03-03,139.38999938964844,140.25,135.64999389648438,137.52999877929688,135.28414916992188,3385300
2022-03-04,135.8800048828125,138.89999389648438,134.33999633789062,138.72000122070312,136.45472717285156,2780600
2022-03-07,137.66000366210938,138.72000122070312,130.25,131.89999389648438,129.74607849121094,3623000
2022-03-08,130.77000427246094,131.77999877929688,125.5999984741211,125.95999908447266,123.90308380126953,3593500
2022-03-09,126.91000366210938,131.22000122070312,126.01000213623047,130.00999450683594,127.88694763183594,3852200
2022-03-10,130.0500030517578,134.1999969482422,128.92999267578125,133.55999755859375,131.37896728515625,2691800
2022-03-11,132.69000244140625,138.25,131.1300048828125,135.25,133.0413818359375,2683200
2022-03-14,135.52999877929688,136.3699951171875,129.3000030517578,132.0500030517578,129.89364624023438,3184400
2022-03-15,129.35000610351562,135.8800048828125,128.67999267578125,135.52000427246094,133.30699157714844,2977600
2022-03-16,136.7899932861328,140.77999877929688,131.82000732421875,135.11000061035156,132.90367126464844,2845500
2022-03-17,134.0500030517578,136.22000122070312,130.0399932861328,134.92999267578125,132.7266082763672,3989800
2022-03-18,135.19000244140625,136.24000549316406,132.02999877929688,136.16000366210938,133.93653869628906,6600400
2022-03-21,137.8699951171875,144.6300048828125,137.8699951171875,142.75,140.41891479492188,3825200
2022-03-22,143.6699981689453,147.25999450683594,142.1199951171875,144.0,141.6484832763672,2935600
2022-03-23,144.0,149.14999389648438,143.88999938964844,147.13999938964844,144.73724365234375,3445800
2022-03-24,147.8800048828125,154.3000030517578,147.4199981689453,153.52000427246094,151.0130615234375,3966100
2022-03-25,152.2899932861328,157.69000244140625,151.66000366210938,157.6199951171875,155.04608154296875,3524100
2022-03-28,155.55999755859375,156.2899932861328,150.6699981689453,153.85000610351562,151.33766174316406,2431700
2022-03-29,149.41000366210938,150.60000610351562,144.5500030517578,150.5,148.0423583984375,3362200
2022-03-30,151.10000610351562,152.6199951171875,147.5500030517578,149.47000122070312,147.519287109375,2158000
2022-03-31,149.3699951171875,153.97000122070312,148.52999877929688,148.64999389648438,146.70997619628906,2972400
2022-04-01,151.25999450683594,153.4600067138672,147.10000610351562,149.25999450683594,147.31201171875,2252500
2022-04-04,149.50999450683594,150.16000366210938,147.75,149.52000427246094,147.56861877441406,1872200
2022-04-05,149.6300048828125,153.91000366210938,147.83999633789062,148.8000030517578,146.85801696777344,3068400
2022-04-06,147.74000549316406,150.6199951171875,143.00999450683594,146.49000549316406,144.5781707763672,3253800
2022-04-07,145.5,151.86000061035156,145.5,150.91000366210938,148.9404754638672,2578800
2022-04-08,151.97999572753906,153.74000549316406,149.80999755859375,150.75999450683594,148.7924346923828,2624900
2022-04-11,151.50999450683594,156.1999969482422,150.41000366210938,152.8000030517578,150.80581665039062,2325800
2022-04-12,154.75999450683594,160.42999267578125,153.75,157.24000549316406,155.1878662109375,2490200
2022-04-13,158.80999755859375,163.8800048828125,156.8300018310547,163.22999572753906,161.0996856689453,2777200
2022-04-14,163.99000549316406,166.83999633789062,163.7899932861328,165.32000732421875,163.1624298095703,2497600
2022-04-18,165.8000030517578,172.07000732421875,165.6699981689453,170.3300018310547,168.10702514648438,2680000
2022-04-19,168.6199951171875,172.27000427246094,166.2899932861328,171.8300018310547,169.58746337890625,2906700
2022-04-20,170.24000549316406,173.0,167.6999969482422,169.25,167.0411376953125,3599700
2022-04-21,171.49000549316406,187.89999389648438,169.39999389648438,175.58999633789062,173.2983856201172,7848700
2022-04-22,176.25,176.63999938964844,159.92999267578125,161.0500030517578,158.94815063476562,4993900
2022-04-25,157.1199951171875,162.2899932861328,152.52999877929688,158.55999755859375,156.4906463623047,5406400
2022-04-26,158.3000030517578,161.58999633789062,155.0800018310547,157.02999877929688,154.98060607910156,3642200
2022-04-27,161.4600067138672,162.02999877929688,155.36000061035156,158.99000549316406,156.9150390625,3270400
2022-04-28,159.83999633789062,161.88999938964844,154.3800048828125,160.64999389648438,158.55335998535156,2675400
2022-04-29,162.64999389648438,163.92999267578125,153.2899932861328,154.77999877929688,152.7599639892578,6063900
2022-05-02,154.47999572753906,155.0399932861328,145.4199981689453,149.99000549316406,148.03248596191406,3789100
2022-05-03,150.36000061035156,153.6699981689453,149.8000030517578,152.16000366210938,150.17417907714844,2560000
2022-05-04,152.36000061035156,155.17999267578125,147.8300018310547,154.52999877929688,152.5132293701172,2206600
2022-05-05,153.97000122070312,154.80999755859375,138.63999938964844,140.82000732421875,138.98216247558594,3674700
2022-05-06,140.0,140.33999633789062,134.3699951171875,136.5500030517578,134.7678985595703,2818800
2022-05-09,132.4600067138672,135.14999389648438,129.2899932861328,130.02999877929688,128.33299255371094,4802200
2022-05-10,132.77999877929688,133.16000366210938,127.5,129.52999877929688,127.83950805664062,2968500
2022-05-11,131.1999969482422,131.91000366210938,125.79000091552734,125.97000122070312,124.32597351074219,2460500
2022-05-12,123.93000030517578,126.95999908447266,122.23999786376953,124.63999938964844,123.01332092285156,3342000
2022-05-13,125.0,127.66999816894531,123.58999633789062,123.79000091552734,122.17442321777344,3377600
2022-05-16,122.18000030517578,123.44000244140625,116.08999633789062,119.75,118.1871566772461,5034300
2022-05-17,122.54000091552734,125.66000366210938,119.62999725341797,125.06999969482422,123.43771362304688,3727300
2022-05-18,123.9800033569336,126.51000213623047,118.4000015258789,119.18000030517578,117.62458801269531,2382400
2022-05-19,119.1500015258789,123.47000122070312,117.7699966430664,120.70999908447266,119.1346206665039,2310100
2022-05-20,123.19999694824219,124.58999633789062,116.73999786376953,119.97000122070312,118.4042739868164,2869500
2022-05-23,123.1500015258789,127.5,121.30000305175781,126.30999755859375,124.66152954101562,2613700
2022-05-24,123.83000183105469,125.58999633789062,120.98999786376953,124.22000122070312,122.59881591796875,2056800
2022-05-25,123.16000366210938,129.36000061035156,122.0,128.66000366210938,126.98087310791016,2221200
2022-05-26,130.0,133.91000366210938,128.75999450683594,133.07000732421875,131.33331298828125,2015100
2022-05-27,135.30999755859375,138.0,132.58999633789062,137.74000549316406,135.94236755371094,1927700
2022-05-31,135.5399932861328,137.74000549316406,131.61000061035156,132.4600067138672,130.7312774658203,6387400
2022-06-01,133.14999389648438,134.25999450683594,127.86000061035156,130.7100067138672,129.00411987304688,1954500
2022-06-02,132.60000610351562,134.27999877929688,130.6699981689453,131.6300048828125,129.912109375,1554500
2022-06-03,129.2899932861328,131.3800048828125,127.93000030517578,128.7100067138672,127.03022766113281,1588000
2022-06-06,130.4600067138672,130.66000366210938,127.55999755859375,129.47000122070312,127.78030395507812,1633300
2022-06-07,128.5,134.02000427246094,127.66000366210938,133.77999877929688,132.03404235839844,2030700
2022-06-08,131.6199951171875,133.16000366210938,128.82000732421875,129.86000061035156,128.16522216796875,1771500
2022-06-09,127.98999786376953,128.0800018310547,123.51000213623047,123.66000366210938,122.0461196899414,2393000
2022-06-10,120.2699966430664,122.02999877929688,118.80999755859375,120.16999816894531,118.6016616821289,2230000
2022-06-13,115.8499984741211,115.9800033569336,110.95999908447266,112.2699966430664,110.80476379394531,3233500
2022-06-14,113.0,115.77999877929688,112.58999633789062,113.72000122070312,112.23585510253906,2681900
2022-06-15,118.33999633789062,121.0,113.4800033569336,116.45999908447266,114.9400863647461,3582400
2022-06-16,112.69999694824219,114.9800033569336,110.7699966430664,112.56999969482422,111.1008529663086,3040000
2022-06-17,112.9800033569336,116.19000244140625,111.80999755859375,113.98999786376953,112.5023193359375,4626100
2022-06-21,119.0,119.0,112.02999877929688,112.26000213623047,110.7948989868164,2527100
2022-06-22,108.33000183105469,109.30000305175781,106.0199966430664,107.83999633789062,106.43258666992188,3090300
2022-06-23,108.0,108.9800033569336,103.55000305175781,106.04000091552734,104.65607452392578,2211800
2022-06-24,107.7699966430664,111.41000366210938,106.62000274658203,111.05999755859375,109.61055755615234,2804700
2022-06-27,112.44999694824219,112.44999694824219,108.73999786376953,110.05999755859375,108.62361145019531,1941300
2022-06-28,110.73999786376953,113.04000091552734,107.55000305175781,107.97000122070312,106.5608901977539,1920500
2022-06-29,108.33000183105469,108.4000015258789,104.22000122070312,106.25,105.35121154785156,1472900
2022-06-30,103.55000305175781,105.5999984741211,102.23999786376953,104.41000366210938,103.52677917480469,2142400
2022-07-01,104.23999786376953,107.08999633789062,103.0,105.63999938964844,104.74636840820312,1831000
2022-07-05,102.0,104.6500015258789,100.12999725341797,104.5999984741211,103.71516418457031,2500400
2022-07-06,102.91000366210938,106.87000274658203,102.58000183105469,105.91000366210938,105.01409149169922,3228500
2022-07-07,110.0,112.45999908447266,108.31999969482422,110.48999786376953,109.55534362792969,3023600
2022-07-08,111.94999694824219,111.94999694824219,107.47000122070312,109.01000213623047,108.0878677368164,1998200
2022-07-11,107.4000015258789,112.13999938964844,107.4000015258789,107.83000183105469,106.9178466796875,2448400
2022-07-12,107.83000183105469,111.58999633789062,107.31999969482422,109.16999816894531,108.24650573730469,2404100
2022-07-13,107.66000366210938,110.4800033569336,107.04000091552734,109.70999908447266,108.78194427490234,1551900
2022-07-14,106.5,109.16999816894531,105.76000213623047,108.37000274658203,107.45327758789062,2247700
2022-07-15,109.33999633789062,110.44999694824219,107.61000061035156,110.31999969482422,109.38677978515625,1715700
2022-07-18,112.8499984741211,116.26000213623047,112.56999969482422,114.47000122070312,113.50167846679688,2833000
2022-07-19,114.97000122070312,118.0999984741211,114.0,117.2300033569336,116.23832702636719,2204300
2022-07-20,117.37000274658203,118.66999816894531,115.55000305175781,117.75,116.7539291381836,2340300
2022-07-21,123.08999633789062,128.57000732421875,121.19000244140625,128.52000427246094,127.43282318115234,3426000
2022-07-22,129.1999969482422,130.72000122070312,119.2699966430664,119.86000061035156,118.84607696533203,3445200
2022-07-25,121.37999725341797,123.0999984741211,120.25,122.23999786376953,121.20594787597656,1890900
2022-07-26,121.43000030517578,124.29000091552734,120.63999938964844,123.30999755859375,122.26689910888672,1704000
2022-07-27,123.20999908447266,127.94000244140625,121.58999633789062,127.33000183105469,126.25289154052734,2339300
2022-07-28,127.9800033569336,132.02999877929688,127.48999786376953,130.39999389648438,129.2969207763672,2423900
2022-07-29,132.02000427246094,136.1199951171875,130.7100067138672,135.8000030517578,134.6512451171875,3771500
2022-08-01,134.5,135.8800048828125,132.3800048828125,134.86000061035156,133.7191925048828,1550000
2022-08-02,133.75,134.4499969482422,129.30999755859375,132.13999938964844,131.02220153808594,2139700
2022-08-03,132.27000427246094,133.0500030517578,130.86000061035156,131.39999389648438,130.2884521484375,1530800
2022-08-04,131.75,136.1999969482422,131.0,134.25,133.11434936523438,1678200
2022-08-05,132.42999267578125,138.63999938964844,132.4199981689453,136.63999938964844,135.48414611816406,1471600
2022-08-08,138.60000610351562,139.97000122070312,136.0399932861328,136.5500030517578,135.3948974609375,1891300
2022-08-09,137.52000427246094,139.27999877929688,136.44000244140625,138.58999633789062,137.41763305664062,1530800
2022-08-10,140.8300018310547,142.57000732421875,139.94000244140625,141.49000549316406,140.29310607910156,1668600
2022-08-11,143.52000427246094,145.89999389648438,141.6199951171875,141.89999389648438,140.69964599609375,1607700
2022-08-12,142.11000061035156,143.66000366210938,140.77999877929688,142.88999938964844,141.68125915527344,1112600
2022-08-15,140.75,142.02000427246094,137.25,141.8699951171875,140.66989135742188,1663800
2022-08-16,142.3300018310547,143.83999633789062,141.88999938964844,142.64999389648438,141.44329833984375,1034300
2022-08-17,140.19000244140625,142.0,139.85000610351562,140.47000122070312,139.28173828125,1067600
2022-08-18,141.8800048828125,143.11000061035156,141.4600067138672,142.5399932861328,141.33421325683594,785900
2022-08-19,140.72999572753906,140.80999755859375,136.4600067138672,138.1699981689453,137.00119018554688,1381500
2022-08-22,135.97999572753906,137.5,134.9199981689453,135.41000366210938,134.26455688476562,1759600
2022-08-23,136.94000244140625,140.22999572753906,136.74000549316406,137.4600067138672,136.2971954345703,1440100
2022-08-24,135.89999389648438,139.0800018310547,135.3000030517578,138.1300048828125,136.96153259277344,1114100
2022-08-25,138.72999572753906,144.24000549316406,138.72999572753906,144.2100067138672,142.9901123046875,1476100
2022-08-26,144.6300048828125,146.10000610351562,140.4199981689453,140.50999450683594,139.32139587402344,1610300
2022-08-29,138.9499969482422,141.5399932861328,137.39999389648438,139.55999755859375,138.3794403076172,1195500
2022-08-30,139.41000366210938,139.55999755859375,133.4600067138672,135.1999969482422,134.0563201904297,1924200
2022-08-31,135.22000122070312,136.24000549316406,131.0800018310547,132.94000244140625,131.81544494628906,2333200
2022-09-01,130.24000549316406,130.57000732421875,126.70999908447266,130.39999389648438,129.2969207763672,2110200
2022-09-02,132.6999969482422,134.2899932861328,129.92999267578125,130.77999877929688,129.6737060546875,1087900
2022-09-06,131.0,135.02999877929688,130.4199981689453,134.4499969482422,133.3126678466797,2076700
2022-09-07,132.35000610351562,136.0,130.3699951171875,135.61000061035156,134.4628448486328,1389700
2022-09-08,135.0500030517578,139.66000366210938,134.22000122070312,139.4199981689453,138.24061584472656,1489800
2022-09-09,141.0,144.0399932861328,140.66000366210938,143.55999755859375,142.34559631347656,1636900
2022-09-12,144.6699981689453,145.44000244140625,140.77000427246094,141.72000122070312,140.5211639404297,1416100
2022-09-13,138.5399932861328,140.6699981689453,135.13999938964844,136.10000610351562,134.94871520996094,1705100
2022-09-14,130.99000549316406,131.8699951171875,119.33000183105469,120.70999908447266,119.68888854980469,5548600
2022-09-15,121.2300033569336,121.23999786376953,116.5999984741211,117.2699966430664,116.27798461914062,3278300
2022-09-16,115.70999908447266,117.73999786376953,114.1500015258789,117.08000183105469,116.089599609375,3869800
2022-09-19,116.08999633789062,119.12999725341797,115.19999694824219,118.81999969482422,117.81488037109375,1728100
2022-09-20,116.16999816894531,116.6500015258789,112.81999969482422,113.5199966430664,112.55970764160156,2324300
2022-09-21,114.19000244140625,115.5,110.41999816894531,110.5,109.56526184082031,2553600
2022-09-22,112.43000030517578,112.62999725341797,107.93000030517578,108.8499984741211,107.92921447753906,2436900
2022-09-23,105.98999786376953,106.55000305175781,103.56999969482422,105.87000274658203,104.97442626953125,1982200
2022-09-26,104.55000305175781,106.25,102.86000061035156,103.38999938964844,102.5154037475586,2078900
2022-09-27,104.9000015258789,105.86000061035156,103.75,105.29000091552734,104.39933013916016,1590300
2022-09-28,104.63999938964844,107.41000366210938,103.98999786376953,106.91999816894531,106.01554107666016,1555200
2022-09-29,106.05000305175781,106.5,103.83000183105469,105.29000091552734,104.88983917236328,1425100
2022-09-30,104.9800033569336,109.16000366210938,104.36000061035156,106.98999786376953,106.5833740234375,2251400
2022-10-03,109.80999755859375,115.0,109.2699966430664,114.33000183105469,113.8954849243164,2398300
2022-10-04,116.01000213623047,119.5199966430664,115.55000305175781,119.30999755859375,118.85655212402344,2198100
2022-10-05,117.37999725341797,118.7699966430664,116.27999877929688,117.8499984741211,117.402099609375,1612300
2022-10-06,116.18000030517578,120.45999908447266,116.18000030517578,117.80999755859375,117.36225128173828,2171800
2022-10-07,117.0,117.44999694824219,113.94000244140625,115.01000213623047,114.5728988647461,1923500
2022-10-10,117.16000366210938,118.62000274658203,116.16000366210938,118.06999969482422,117.62126922607422,1285000
2022-10-11,116.97000122070312,121.2300033569336,116.4000015258789,118.86000061035156,118.40826416015625,1655300
2022-10-12,118.7699966430664,120.12999725341797,117.55999755859375,119.30999755859375,118.85655212402344,1316000
2022-10-13,116.44999694824219,124.93000030517578,114.86000061035156,124.0,123.52873229980469,2177900
2022-10-14,124.41000366210938,124.72000122070312,118.02999877929688,118.70999908447266,118.25883483886719,1978400
2022-10-17,121.68000030517578,124.4000015258789,121.3499984741211,122.08999633789062,121.62598419189453,1473500
2022-10-18,124.88999938964844,125.80000305175781,122.69999694824219,124.45999908447266,123.98697662353516,1247700
2022-10-19,124.22000122070312,125.91999816894531,121.81999969482422,121.88999938964844,121.42675018310547,2132600
2022-10-20,117.3499984741211,126.41999816894531,116.08000183105469,124.91999816894531,124.44522857666016,3323800
2022-10-21,125.33000183105469,135.55999755859375,125.27999877929688,135.55999755859375,135.04478454589844,3678600
2022-10-24,134.8699951171875,135.72999572753906,132.27999877929688,134.75,134.2378692626953,2190600
2022-10-25,132.80999755859375,136.5800018310547,132.5500030517578,136.50999450683594,135.99118041992188,1844200
2022-10-26,137.2899932861328,139.9199981689453,135.0,137.02000427246094,136.49925231933594,1867300
2022-10-27,135.99000549316406,137.44000244140625,134.75999450683594,135.5,134.98501586914062,1551400
2022-10-28,134.39999389648438,136.99000549316406,132.32000732421875,134.0,133.49072265625,2051800
2022-10-31,132.99000549316406,134.88999938964844,131.02000427246094,131.3800048828125,130.8806915283203,2954700
2022-11-01,135.0,136.35000610351562,130.60000610351562,134.5,133.98883056640625,1792800
2022-11-02,133.08999633789062,134.1199951171875,128.58999633789062,128.72000122070312,128.2307891845703,1852000
2022-11-03,127.58999633789062,130.9600067138672,126.55999755859375,128.77000427246094,128.28060913085938,1364600
2022-11-04,134.25999450683594,137.4199981689453,131.88999938964844,133.55999755859375,133.05239868164062,1740100
2022-11-07,134.9499969482422,136.32000732421875,133.10000610351562,134.32000732421875,133.80950927734375,1599000
2022-11-08,135.1699981689453,138.8800048828125,132.94000244140625,134.49000549316406,133.97886657714844,1862100
2022-11-09,133.61000061035156,135.35000610351562,130.74000549316406,131.07000732421875,130.57186889648438,1601800
2022-11-10,136.27999877929688,139.41000366210938,134.7899932861328,139.02999877929688,138.50160217285156,2287200
2022-11-11,141.89999389648438,143.97999572753906,137.83999633789062,138.75999450683594,138.2326202392578,2772800
2022-11-14,137.66000366210938,144.77000427246094,137.25,142.1999969482422,141.65956115722656,2300500
2022-11-15,144.2899932861328,145.64999389648438,143.11000061035156,144.0500030517578,143.50253295898438,2402800
2022-11-16,141.5399932861328,143.30999755859375,140.66000366210938,141.60000610351562,141.0618438720703,1321200
2022-11-17,138.9499969482422,142.25999450683594,137.2100067138672,142.10000610351562,141.55995178222656,1206400
2022-11-18,143.08999633789062,143.25,138.63999938964844,142.02999877929688,141.49020385742188,1600100
2022-11-21,141.22999572753906,149.35000610351562,140.75,149.0399932861328,148.4735565185547,2644800
2022-11-22,150.75,153.1699981689453,149.3300018310547,152.14999389648438,151.5717315673828,2507200
2022-11-23,151.66000366210938,151.66000366210938,148.19000244140625,149.72999572753906,149.1609344482422,1233200
2022-11-25,149.7899932861328,150.92999267578125,148.5,149.19000244140625,148.6230010986328,578000
2022-11-28,147.8000030517578,149.25,146.27999877929688,147.52999877929688,146.96929931640625,1735300
2022-11-29,149.6999969482422,151.0,146.3699951171875,146.99000549316406,146.43136596679688,1459400
2022-11-30,147.77999877929688,150.1699981689453,145.02999877929688,149.9499969482422,149.38009643554688,3562100
2022-12-01,149.97999572753906,152.0,149.05999755859375,149.25,148.68276977539062,1409100
2022-12-02,147.47000122070312,154.3699951171875,147.22999572753906,154.1999969482422,153.61395263671875,2277000
2022-12-05,153.57000732421875,154.91000366210938,149.7100067138672,151.00999450683594,150.43606567382812,1786600
2022-12-06,152.75999450683594,154.85000610351562,151.00999450683594,152.97999572753906,152.39859008789062,1644800
2022-12-07,151.75,154.97999572753906,149.57000732421875,149.8000030517578,149.23068237304688,1829900
2022-12-08,152.86000061035156,153.77000427246094,149.85000610351562,150.85000610351562,150.2766876220703,1298300
2022-12-09,150.6300048828125,151.42999267578125,146.80999755859375,147.07000732421875,146.5110626220703,1239700
2022-12-12,147.32000732421875,148.17999267578125,144.36000061035156,148.05999755859375,147.49728393554688,1266100
2022-12-13,152.6300048828125,153.00999450683594,148.7100067138672,149.4499969482422,148.8820037841797,2056000
2022-12-14,148.00999450683594,149.52999877929688,146.00999450683594,147.92999267578125,147.36776733398438,2064600
2022-12-15,143.8000030517578,144.1199951171875,133.69000244140625,134.10000610351562,133.59034729003906,3334800
2022-12-16,130.47000122070312,134.5399932861328,129.47000122070312,133.60000610351562,133.09225463867188,6122200
2022-12-19,133.5,134.0,131.0500030517578,131.75999450683594,131.2592315673828,1676100
2022-12-20,132.4499969482422,135.91000366210938,132.39999389648438,133.97000122070312,133.46084594726562,1727800
2022-12-21,135.72999572753906,137.8699951171875,134.61000061035156,137.4499969482422,136.9276123046875,1888300
2022-12-22,136.9600067138672,137.50999450683594,133.1300048828125,136.91000366210938,136.38966369628906,1369400
2022-12-23,137.55999755859375,138.0,134.83999633789062,136.0800018310547,135.5628204345703,960100
2022-12-27,137.14999389648438,138.8800048828125,135.72999572753906,136.5399932861328,136.02105712890625,1074500
2022-12-28,136.83999633789062,136.83999633789062,133.74000549316406,134.19000244140625,133.6800079345703,1154600
2022-12-29,134.66000366210938,135.1999969482422,132.97999572753906,133.55999755859375,133.55999755859375,836500
2022-12-30,132.52000427246094,133.61000061035156,130.77000427246094,131.80999755859375,131.80999755859375,1138400
2023-01-03,131.80999755859375,133.4199981689453,129.82000732421875,131.05999755859375,131.05999755859375,1653300
2023-01-04,131.6999969482422,138.1699981689453,131.6699981689453,137.0,137.0,2183100
2023-01-05,136.5,138.44000244140625,134.36000061035156,137.0500030517578,137.0500030517578,1712300
2023-01-06,139.3000030517578,145.89999389648438,139.27000427246094,143.92999267578125,143.92999267578125,2092200
2023-01-09,145.10000610351562,145.6300048828125,141.02000427246094,141.07000732421875,141.07000732421875,1670800
2023-01-10,142.1300048828125,151.2899932861328,141.97000122070312,151.16000366210938,151.16000366210938,2801100
2023-01-11,151.14999389648438,154.55999755859375,151.14999389648438,154.5,154.5,2274500
2023-01-12,155.49000549316406,156.3699951171875,152.9499969482422,155.7100067138672,155.7100067138672,1698600
2023-01-13,155.00999450683594,158.0500030517578,154.47999572753906,157.55999755859375,157.55999755859375,1329400
