Date,Open,High,Low,Close,Adj Close,Volume
2022-01-18,23.889999389648438,23.920000076293945,23.559999465942383,23.65999984741211,22.497772216796875,2183900
2022-01-19,23.760000228881836,23.889999389648438,23.209999084472656,23.299999237060547,22.15545654296875,2759100
2022-01-20,23.299999237060547,23.56999969482422,23.0,23.06999969482422,21.93675422668457,2855200
2022-01-21,23.079999923706055,23.3700008392334,22.950000762939453,23.0,21.87019157409668,3186800
2022-01-24,22.229999542236328,23.459999084472656,22.139999389648438,23.40999984741211,22.260053634643555,3727500
2022-01-25,23.219999313354492,23.459999084472656,22.600000381469727,23.34000015258789,22.19348907470703,2992200
2022-01-26,23.510000228881836,23.790000915527344,23.06999969482422,23.309999465942383,22.16496467590332,3002600
2022-01-27,23.389999389648438,23.770000457763672,22.90999984741211,23.149999618530273,22.01282501220703,2962700
2022-01-28,22.950000762939453,23.0,22.25,23.0,21.87019157409668,3745100
2022-01-31,22.780000686645508,23.360000610351562,22.56999969482422,23.209999084472656,22.069875717163086,13593700
2022-02-01,23.15999984741211,23.600000381469727,23.149999618530273,23.459999084472656,22.307594299316406,6249600
2022-02-02,23.43000030517578,23.639999389648438,23.3700008392334,23.5,22.34563446044922,3006800
2022-02-03,23.5,23.56999969482422,23.270000457763672,23.31999969482422,22.17447280883789,4038400
2022-02-04,23.1299991607666,23.1299991607666,21.170000076293945,21.329999923706055,20.282224655151367,11503100
2022-02-07,21.3700008392334,22.200000762939453,21.170000076293945,21.959999084472656,20.88127899169922,5059500
2022-02-08,22.059999465942383,22.399999618530273,21.8799991607666,22.360000610351562,21.26163101196289,2485300
2022-02-09,22.440000534057617,22.940000534057617,22.440000534057617,22.780000686645508,21.661001205444336,3304900
2022-02-10,22.649999618530273,22.850000381469727,21.809999465942383,21.959999084472656,20.88127899169922,6184900
2022-02-11,22.670000076293945,25.1200008392334,22.5,24.389999389648438,23.191913604736328,8209400
2022-02-14,24.520000457763672,25.09000015258789,24.260000228881836,24.920000076293945,23.695880889892578,5187100
2022-02-15,25.100000381469727,26.09000015258789,25.079999923706055,26.049999237060547,24.770370483398438,5267000
2022-02-16,25.969999313354492,26.450000762939453,25.700000762939453,26.010000228881836,24.732336044311523,3749600
2022-02-17,25.760000228881836,26.34000015258789,25.579999923706055,25.920000076293945,24.646757125854492,3589400
2022-02-18,25.8799991607666,26.18000030517578,25.579999923706055,25.860000610351562,24.589702606201172,3486900
2022-02-22,25.770000457763672,25.850000381469727,24.850000381469727,25.110000610351562,23.876544952392578,4735400
2022-02-23,25.18000030517578,25.200000762939453,24.350000381469727,24.420000076293945,23.220439910888672,4595000
2022-02-24,23.8700008392334,24.209999084472656,23.450000762939453,23.8799991607666,22.70696449279785,4343700
2022-02-25,23.690000534057617,24.31999969482422,23.540000915527344,24.079999923706055,23.11981964111328,3560600
2022-02-28,23.770000457763672,24.020000457763672,23.520000457763672,23.75,22.802978515625,4124800
2022-03-01,23.600000381469727,23.799999237060547,22.68000030517578,22.8700008392334,21.95806884765625,3164800
2022-03-02,22.920000076293945,23.81999969482422,22.8700008392334,23.68000030517578,22.735769271850586,3384800
2022-03-03,23.799999237060547,23.989999771118164,23.530000686645508,23.81999969482422,22.870187759399414,2509600
2022-03-04,23.479999542236328,23.68000030517578,22.93000030517578,23.149999618530273,22.226903915405273,3497000
2022-03-07,22.889999389648438,22.989999771118164,22.040000915527344,22.049999237060547,21.170764923095703,3484500
2022-03-08,22.1299991607666,22.920000076293945,21.889999389648438,22.1200008392334,21.237974166870117,3150400
2022-03-09,22.6200008392334,23.049999237060547,22.559999465942383,22.56999969482422,21.67003059387207,2497700
2022-03-10,22.170000076293945,22.229999542236328,21.649999618530273,21.959999084472656,21.084352493286133,3037800
2022-03-11,22.1299991607666,22.209999084472656,21.559999465942383,21.579999923706055,20.719507217407227,1929500
2022-03-14,21.75,21.8700008392334,21.1299991607666,21.3799991607666,20.527481079101562,2802500
2022-03-15,21.469999313354492,21.959999084472656,21.440000534057617,21.940000534057617,21.06515121459961,2623100
2022-03-16,22.170000076293945,22.530000686645508,21.969999313354492,22.469999313354492,21.574018478393555,2808800
2022-03-17,22.229999542236328,22.709999084472656,21.93000030517578,22.700000762939453,21.79484748840332,1813600
2022-03-18,22.420000076293945,22.520000457763672,21.920000076293945,22.389999389648438,21.497207641601562,5818600
2022-03-21,22.440000534057617,22.780000686645508,22.049999237060547,22.229999542236328,21.343585968017578,1805100
2022-03-22,22.40999984741211,22.540000915527344,22.079999923706055,22.229999542236328,21.343585968017578,2019100
2022-03-23,22.110000610351562,22.200000762939453,21.959999084472656,21.989999771118164,21.113157272338867,1913200
2022-03-24,21.950000762939453,22.110000610351562,21.700000762939453,21.8799991607666,21.007543563842773,2228100
2022-03-25,21.860000610351562,22.729999542236328,21.84000015258789,22.309999465942383,21.420398712158203,2272700
2022-03-28,22.190000534057617,22.31999969482422,21.950000762939453,22.200000762939453,21.31478500366211,1847600
2022-03-29,22.510000228881836,22.940000534057617,22.5,22.809999465942383,21.900461196899414,2077400
2022-03-30,22.649999618530273,22.68000030517578,22.0,22.229999542236328,21.343585968017578,2561200
2022-03-31,22.020000457763672,22.149999618530273,21.3799991607666,21.40999984741211,20.556283950805664,4432000
2022-04-01,21.5,21.6299991607666,20.8799991607666,21.399999618530273,20.546682357788086,3638600
2022-04-04,21.309999465942383,21.829999923706055,21.020000457763672,21.75,20.882728576660156,2577600
2022-04-05,21.639999389648438,22.030000686645508,21.350000381469727,21.489999771118164,20.63309669494629,3974600
2022-04-06,21.34000015258789,21.989999771118164,21.280000686645508,21.8799991607666,21.007543563842773,4793700
2022-04-07,21.889999389648438,21.979999542236328,21.200000762939453,21.809999465942383,20.940336227416992,4231500
2022-04-08,22.149999618530273,22.280000686645508,21.700000762939453,22.100000381469727,21.21877098083496,2322400
2022-04-11,22.079999923706055,22.6299991607666,21.969999313354492,22.18000030517578,21.295581817626953,2754400
2022-04-12,22.219999313354492,22.639999389648438,22.06999969482422,22.25,21.362791061401367,2239900
2022-04-13,22.059999465942383,22.510000228881836,22.0,22.459999084472656,21.564414978027344,2174000
2022-04-14,22.520000457763672,22.729999542236328,22.34000015258789,22.40999984741211,21.51641082763672,1892500
2022-04-18,22.260000228881836,22.649999618530273,22.260000228881836,22.5,21.602821350097656,2200900
2022-04-19,22.59000015258789,22.969999313354492,22.5,22.8700008392334,21.95806884765625,1902200
2022-04-20,23.0,23.40999984741211,22.989999771118164,23.209999084472656,22.284509658813477,1877000
2022-04-21,23.290000915527344,23.510000228881836,23.239999771118164,23.360000610351562,22.428531646728516,1758200
2022-04-22,23.200000762939453,23.209999084472656,22.670000076293945,22.719999313354492,21.814048767089844,1851500
2022-04-25,22.65999984741211,23.299999237060547,22.309999465942383,23.270000457763672,22.342119216918945,2364300
2022-04-26,23.110000610351562,23.360000610351562,22.6200008392334,22.6299991607666,21.727638244628906,2285900
2022-04-27,22.610000610351562,22.809999465942383,22.260000228881836,22.56999969482422,21.67003059387207,2146300
2022-04-28,22.700000762939453,23.110000610351562,22.489999771118164,23.030000686645508,22.1116886138916,3027800
2022-04-29,23.15999984741211,24.200000762939453,23.06999969482422,23.149999618530273,22.226903915405273,4275500
2022-05-02,23.299999237060547,23.450000762939453,22.020000457763672,22.43000030517578,21.535612106323242,3955000
2022-05-03,22.600000381469727,23.549999237060547,22.389999389648438,23.40999984741211,22.47653579711914,4835000
2022-05-04,23.3700008392334,23.389999389648438,22.610000610351562,23.280000686645508,22.351720809936523,3284800
2022-05-05,23.049999237060547,23.15999984741211,22.34000015258789,22.59000015258789,21.689233779907227,3027100
2022-05-06,22.420000076293945,22.690000534057617,22.219999313354492,22.479999542236328,21.5836181640625,2740400
2022-05-09,22.149999618530273,24.700000762939453,22.049999237060547,24.260000228881836,23.292644500732422,12023100
2022-05-10,24.479999542236328,24.479999542236328,22.600000381469727,22.6200008392334,21.71803855895996,5527900
2022-05-11,22.459999084472656,23.06999969482422,21.739999771118164,21.790000915527344,20.921133041381836,3256200
2022-05-12,21.780000686645508,22.299999237060547,21.719999313354492,22.170000076293945,21.285980224609375,2407500
2022-05-13,22.170000076293945,22.829999923706055,22.09000015258789,22.690000534057617,21.785245895385742,2378200
2022-05-16,22.670000076293945,22.75,22.219999313354492,22.59000015258789,21.689233779907227,1631600
2022-05-17,22.75,23.1200008392334,22.6200008392334,23.06999969482422,22.15009307861328,2080300
2022-05-18,22.739999771118164,22.739999771118164,20.6299991607666,20.670000076293945,19.84579086303711,4983800
2022-05-19,20.5,20.5,19.510000228881836,19.670000076293945,18.885665893554688,4777800
2022-05-20,19.639999389648438,19.670000076293945,18.899999618530273,19.450000762939453,18.6744384765625,4389500
2022-05-23,19.559999465942383,19.84000015258789,19.389999389648438,19.59000015258789,18.808856964111328,2957000
2022-05-24,19.3799991607666,19.3799991607666,18.670000076293945,18.829999923706055,18.07916259765625,4479900
2022-05-25,18.780000686645508,20.399999618530273,18.700000762939453,20.360000610351562,19.548154830932617,5165700
2022-05-26,20.440000534057617,21.700000762939453,20.420000076293945,21.209999084472656,20.364259719848633,4935800
2022-05-27,20.780000686645508,21.8799991607666,20.780000686645508,21.8799991607666,21.237844467163086,3054800
2022-05-31,21.65999984741211,21.860000610351562,21.280000686645508,21.440000534057617,20.810758590698242,9224600
2022-06-01,21.610000610351562,21.81999969482422,20.860000610351562,21.489999771118164,20.85929298400879,3673500
2022-06-02,21.479999542236328,21.6200008392334,21.100000381469727,21.56999969482422,20.93694305419922,2415400
2022-06-03,21.450000762939453,21.600000381469727,21.06999969482422,21.1200008392334,20.500150680541992,1695400
2022-06-06,21.209999084472656,21.5,20.90999984741211,21.389999389648438,20.762226104736328,1800200
2022-06-07,21.049999237060547,21.170000076293945,20.3799991607666,21.139999389648438,20.519563674926758,2886800
2022-06-08,21.0,21.0,20.360000610351562,20.579999923706055,19.97599983215332,2043300
2022-06-09,20.450000762939453,20.56999969482422,19.920000076293945,19.979999542236328,19.39360809326172,3631000
2022-06-10,19.59000015258789,19.770000457763672,19.1299991607666,19.139999389648438,18.578262329101562,3435000
2022-06-13,18.90999984741211,19.0,18.40999984741211,18.639999389648438,18.09293556213379,3282800
2022-06-14,18.649999618530273,18.690000534057617,18.219999313354492,18.469999313354492,17.92792510986328,6018400
2022-06-15,18.639999389648438,19.040000915527344,18.520000457763672,18.719999313354492,18.17058753967285,4933600
2022-06-16,18.399999618530273,18.40999984741211,17.399999618530273,17.860000610351562,17.33582878112793,5549200
2022-06-17,17.829999923706055,18.25,17.770000457763672,18.110000610351562,17.5784912109375,7368300
2022-06-21,18.309999465942383,18.549999237060547,18.18000030517578,18.309999465942383,17.772621154785156,5520300
2022-06-22,17.920000076293945,18.43000030517578,17.84000015258789,18.270000457763672,17.733795166015625,3804900
2022-06-23,18.31999969482422,19.520000457763672,18.31999969482422,19.459999084472656,18.888870239257812,4650600
2022-06-24,19.479999542236328,20.170000076293945,19.309999465942383,20.030000686645508,19.442142486572266,5230900
2022-06-27,20.0,20.100000381469727,19.600000381469727,19.690000534057617,19.11212158203125,2691700
2022-06-28,19.81999969482422,20.200000762939453,19.40999984741211,19.420000076293945,18.85004425048828,2851800
2022-06-29,19.360000610351562,19.3799991607666,19.040000915527344,19.290000915527344,18.723859786987305,2271200
2022-06-30,19.06999969482422,19.600000381469727,18.760000228881836,19.040000915527344,18.481197357177734,4287000
2022-07-01,19.059999465942383,19.65999984741211,19.040000915527344,19.510000228881836,18.937402725219727,2062400
2022-07-05,19.299999237060547,20.010000228881836,19.15999984741211,20.0,19.413021087646484,2819000
2022-07-06,19.950000762939453,20.09000015258789,19.329999923706055,19.479999542236328,18.908283233642578,2176400
2022-07-07,19.479999542236328,19.56999969482422,19.040000915527344,19.389999389648438,18.820924758911133,3421300
2022-07-08,19.479999542236328,19.540000915527344,19.110000610351562,19.31999969482422,18.75297737121582,2340400
2022-07-11,19.190000534057617,19.329999923706055,18.84000015258789,18.8799991607666,18.325891494750977,2492200
2022-07-12,18.84000015258789,19.360000610351562,18.809999465942383,19.09000015258789,18.52972984313965,2461600
2022-07-13,18.809999465942383,19.200000762939453,18.530000686645508,19.170000076293945,18.60738182067871,2514100
2022-07-14,18.809999465942383,18.979999542236328,18.68000030517578,18.90999984741211,18.355012893676758,2026400
2022-07-15,19.190000534057617,19.3799991607666,18.889999389648438,19.0,18.44236946105957,2312600
2022-07-18,19.1200008392334,19.639999389648438,19.1200008392334,19.43000030517578,18.859750747680664,2403000
2022-07-19,19.59000015258789,19.899999618530273,19.56999969482422,19.799999237060547,19.218891143798828,2529300
2022-07-20,19.850000381469727,19.959999084472656,19.600000381469727,19.93000030517578,19.345077514648438,2266300
2022-07-21,19.81999969482422,20.06999969482422,19.68000030517578,20.020000457763672,19.432435989379883,1737900
2022-07-22,20.100000381469727,20.299999237060547,19.989999771118164,20.190000534057617,19.59744644165039,1861900
2022-07-25,20.190000534057617,20.229999542236328,19.889999389648438,20.0,19.413021087646484,1717300
2022-07-26,20.040000915527344,20.059999465942383,19.329999923706055,19.790000915527344,19.209184646606445,3253000
2022-07-27,19.690000534057617,20.110000610351562,19.239999771118164,20.09000015258789,19.50037956237793,4546800
2022-07-28,20.229999542236328,20.8799991607666,20.09000015258789,20.690000534057617,20.082773208618164,5350300
2022-07-29,20.43000030517578,20.8799991607666,20.040000915527344,20.209999084472656,19.616857528686523,5758000
2022-08-01,20.010000228881836,20.299999237060547,19.420000076293945,20.280000686645508,19.684804916381836,2992900
2022-08-02,20.280000686645508,20.309999465942383,19.760000228881836,19.799999237060547,19.218891143798828,3134000
2022-08-03,20.040000915527344,20.31999969482422,19.540000915527344,19.809999465942383,19.22859764099121,2816800
2022-08-04,19.719999313354492,19.950000762939453,19.540000915527344,19.56999969482422,18.995641708374023,2474200
2022-08-05,19.420000076293945,19.950000762939453,19.360000610351562,19.920000076293945,19.335371017456055,1916000
2022-08-08,20.1299991607666,20.56999969482422,20.100000381469727,20.31999969482422,19.723628997802734,2110100
2022-08-09,20.34000015258789,20.389999389648438,19.760000228881836,19.889999389648438,19.306249618530273,1729100
2022-08-10,20.260000228881836,20.649999618530273,20.25,20.510000228881836,19.90805435180664,1912400
2022-08-11,20.68000030517578,21.059999465942383,20.6299991607666,20.75,20.141010284423828,1661100
2022-08-12,20.81999969482422,21.1200008392334,20.729999542236328,21.079999923706055,20.46132469177246,1786700
2022-08-15,21.0,21.219999313354492,20.850000381469727,21.100000381469727,20.480737686157227,1691300
2022-08-16,21.0,21.549999237060547,21.0,21.420000076293945,20.791345596313477,1792600
2022-08-17,21.25,21.34000015258789,20.8799991607666,21.100000381469727,20.480737686157227,1577800
2022-08-18,21.06999969482422,21.15999984741211,20.850000381469727,21.149999618530273,20.52927017211914,1083600
2022-08-19,20.989999771118164,21.09000015258789,20.68000030517578,20.84000015258789,20.228368759155273,1689500
2022-08-22,20.6299991607666,20.639999389648438,20.399999618530273,20.5,19.898347854614258,2355900
2022-08-23,20.559999465942383,20.809999465942383,20.489999771118164,20.770000457763672,20.160423278808594,2663900
2022-08-24,20.700000762939453,20.709999084472656,19.90999984741211,20.059999465942383,19.47126007080078,2405100
2022-08-25,20.040000915527344,20.489999771118164,20.010000228881836,20.31999969482422,19.723628997802734,1285700
2022-08-26,20.40999984741211,20.549999237060547,19.540000915527344,19.559999465942383,18.985933303833008,1686000
2022-08-29,19.520000457763672,19.520000457763672,19.110000610351562,19.1200008392334,18.558849334716797,2576700
2022-08-30,18.920000076293945,19.010000228881836,18.469999313354492,18.530000686645508,18.20516014099121,2750000
2022-08-31,18.56999969482422,18.56999969482422,17.81999969482422,17.850000381469727,17.537080764770508,5213300
2022-09-01,17.719999313354492,17.799999237060547,17.139999389648438,17.459999084472656,17.15391731262207,5215200
2022-09-02,17.510000228881836,17.950000762939453,17.3799991607666,17.520000457763672,17.212865829467773,2937900
2022-09-06,17.520000457763672,17.56999969482422,16.989999771118164,17.079999923706055,16.78057861328125,3096600
2022-09-07,16.479999542236328,17.290000915527344,16.479999542236328,17.209999084472656,16.90829849243164,6618100
2022-09-08,17.059999465942383,17.469999313354492,16.809999465942383,17.440000534057617,17.134267807006836,3774400
2022-09-09,17.540000915527344,18.209999084472656,17.540000915527344,18.15999984741211,17.841646194458008,2596900
2022-09-12,18.299999237060547,18.540000915527344,18.110000610351562,18.18000030517578,17.861295700073242,3114500
2022-09-13,17.770000457763672,17.829999923706055,17.139999389648438,17.239999771118164,16.937774658203125,3636000
2022-09-14,17.280000686645508,17.40999984741211,16.68000030517578,16.989999771118164,16.692155838012695,3052100
2022-09-15,16.989999771118164,17.260000228881836,16.65999984741211,16.719999313354492,16.426889419555664,3049500
2022-09-16,16.540000915527344,16.6200008392334,16.079999923706055,16.299999237060547,16.014251708984375,9881800
2022-09-19,16.170000076293945,16.559999465942383,16.1200008392334,16.489999771118164,16.2009220123291,3161400
2022-09-20,16.280000686645508,16.280000686645508,15.420000076293945,15.609999656677246,15.336348533630371,3625900
2022-09-21,15.75,16.06999969482422,15.1899995803833,15.210000038146973,14.943361282348633,3328500
2022-09-22,15.289999961853027,15.289999961853027,14.770000457763672,14.8100004196167,14.550374031066895,3188200
2022-09-23,14.630000114440918,14.65999984741211,14.1899995803833,14.630000114440918,14.373528480529785,3855500
2022-09-26,14.529999732971191,14.789999961853027,14.270000457763672,14.289999961853027,14.039488792419434,2728100
2022-09-27,14.430000305175781,14.539999961853027,14.069999694824219,14.229999542236328,13.98054027557373,3083800
2022-09-28,14.34000015258789,14.520000457763672,14.270000457763672,14.430000305175781,14.177035331726074,2525000
2022-09-29,14.149999618530273,14.260000228881836,13.729999542236328,13.970000267028809,13.725099563598633,2668600
2022-09-30,13.989999771118164,14.239999771118164,13.869999885559082,13.890000343322754,13.646501541137695,3593600
2022-10-03,14.130000114440918,14.239999771118164,13.869999885559082,13.949999809265137,13.705449104309082,5478800
2022-10-04,14.199999809265137,14.739999771118164,14.15999984741211,14.670000076293945,14.412827491760254,3895500
2022-10-05,14.300000190734863,14.569999694824219,14.09000015258789,14.489999771118164,14.235982894897461,3040600
2022-10-06,14.399999618530273,14.600000381469727,14.260000228881836,14.380000114440918,14.127911567687988,2634900
2022-10-07,14.180000305175781,14.25,13.890000343322754,13.960000038146973,13.7152738571167,2832700
2022-10-10,14.020000457763672,14.220000267028809,13.949999809265137,14.069999694824219,13.823345184326172,2573500
2022-10-11,13.920000076293945,14.380000114440918,13.920000076293945,14.170000076293945,13.921592712402344,2646700
2022-10-12,14.170000076293945,14.359999656677246,14.0600004196167,14.239999771118164,13.990365028381348,2076100
2022-10-13,13.899999618530273,14.8100004196167,13.84000015258789,14.640000343322754,14.383354187011719,4484100
2022-10-14,14.789999961853027,14.8100004196167,14.5,14.640000343322754,14.383354187011719,3368600
2022-10-17,14.90999984741211,15.079999923706055,14.850000381469727,14.90999984741211,14.648619651794434,3560300
2022-10-18,15.1899995803833,15.3100004196167,15.010000228881836,15.220000267028809,14.95318603515625,1991800
2022-10-19,15.010000228881836,15.079999923706055,14.84000015258789,15.029999732971191,14.76651668548584,2785200
2022-10-20,15.069999694824219,15.069999694824219,14.600000381469727,14.729999542236328,14.47177505493164,3045500
2022-10-21,14.680000305175781,15.109999656677246,14.579999923706055,15.020000457763672,14.756691932678223,2716100
2022-10-24,15.1899995803833,15.34000015258789,14.949999809265137,15.3100004196167,15.041608810424805,2516400
2022-10-25,15.270000457763672,15.829999923706055,15.229999542236328,15.720000267028809,15.44442081451416,4279100
2022-10-26,15.779999732971191,15.9399995803833,15.579999923706055,15.739999771118164,15.464069366455078,3103800
2022-10-27,15.890000343322754,16.020000457763672,15.640000343322754,15.670000076293945,15.395297050476074,4955800
2022-10-28,15.050000190734863,15.65999984741211,14.779999732971191,15.050000190734863,14.786166191101074,8476800
2022-10-31,14.430000305175781,14.640000343322754,13.699999809265137,13.8100004196167,13.567904472351074,12373800
2022-11-01,14.0,14.210000038146973,13.359999656677246,13.359999656677246,13.125792503356934,6497400
2022-11-02,13.359999656677246,13.359999656677246,12.850000381469727,12.859999656677246,12.634557723999023,5591400
2022-11-03,12.6899995803833,12.789999961853027,12.25,12.710000038146973,12.487187385559082,5568500
2022-11-04,12.920000076293945,13.449999809265137,12.829999923706055,13.109999656677246,12.88017463684082,5693100
2022-11-07,13.1899995803833,13.25,12.84000015258789,13.140000343322754,12.909649848937988,3898200
2022-11-08,13.180000305175781,13.319999694824219,12.729999542236328,12.869999885559082,12.64438247680664,3371300
2022-11-09,12.779999732971191,12.850000381469727,12.569999694824219,12.579999923706055,12.359466552734375,3542500
2022-11-10,12.989999771118164,13.670000076293945,12.989999771118164,13.449999809265137,13.214214324951172,5457000
2022-11-11,13.520000457763672,14.239999771118164,13.479999542236328,14.119999885559082,13.872468948364258,4154300
2022-11-14,13.989999771118164,14.100000381469727,13.630000114440918,13.640000343322754,13.400884628295898,4116100
2022-11-15,14.0,14.15999984741211,13.739999771118164,13.970000267028809,13.725099563598633,3554400
2022-11-16,13.729999542236328,13.829999923706055,13.029999732971191,13.069999694824219,12.840875625610352,6259600
2022-11-17,12.930000305175781,13.270000457763672,12.880000114440918,13.15999984741211,12.929298400878906,3813300
2022-11-18,13.369999885559082,13.600000381469727,13.25,13.350000381469727,13.115967750549316,3586200
2022-11-21,13.279999732971191,13.34000015258789,13.0,13.050000190734863,12.821227073669434,3154800
2022-11-22,13.15999984741211,13.199999809265137,12.970000267028809,13.0600004196167,12.83105182647705,3421700
2022-11-23,13.039999961853027,13.229999542236328,13.010000228881836,13.180000305175781,12.94894790649414,2233100
2022-11-25,13.180000305175781,13.430000305175781,13.140000343322754,13.350000381469727,13.115967750549316,1691500
2022-11-28,13.199999809265137,13.359999656677246,12.920000076293945,13.119999885559082,12.889999389648438,5037500
2022-11-29,13.0,13.079999923706055,12.729999542236328,12.869999885559082,12.869999885559082,5726400
2022-11-30,12.859999656677246,12.989999771118164,12.4399995803833,12.970000267028809,12.970000267028809,7601800
2022-12-01,12.979999542236328,13.380000114440918,12.770000457763672,12.84000015258789,12.84000015258789,5266000
2022-12-02,12.710000038146973,13.010000228881836,12.489999771118164,12.989999771118164,12.989999771118164,4209800
2022-12-05,12.869999885559082,12.869999885559082,12.520000457763672,12.59000015258789,12.59000015258789,4463400
2022-12-06,12.569999694824219,12.779999732971191,12.489999771118164,12.75,12.75,5185500
2022-12-07,12.789999961853027,13.020000457763672,12.680000305175781,12.8100004196167,12.8100004196167,4001200
2022-12-08,12.84000015258789,13.3100004196167,12.8100004196167,13.300000190734863,13.300000190734863,4655100
2022-12-09,13.25,13.699999809265137,13.220000267028809,13.4399995803833,13.4399995803833,4880100
2022-12-12,13.369999885559082,13.680000305175781,13.210000038146973,13.619999885559082,13.619999885559082,4188000
2022-12-13,14.050000190734863,14.350000381469727,13.779999732971191,13.829999923706055,13.829999923706055,7104800
2022-12-14,13.800000190734863,13.930000305175781,13.479999542236328,13.65999984741211,13.65999984741211,3664500
2022-12-15,13.569999694824219,13.630000114440918,13.119999885559082,13.199999809265137,13.199999809265137,4045800
2022-12-16,13.0,13.3100004196167,12.960000038146973,13.069999694824219,13.069999694824219,19006200
2022-12-19,12.989999771118164,13.069999694824219,12.640000343322754,12.760000228881836,12.760000228881836,4447000
2022-12-20,12.710000038146973,12.729999542236328,12.520000457763672,12.609999656677246,12.609999656677246,3586400
2022-12-21,12.760000228881836,12.930000305175781,12.739999771118164,12.890000343322754,12.890000343322754,3302800
2022-12-22,12.8100004196167,12.90999984741211,12.479999542236328,12.890000343322754,12.890000343322754,3926600
2022-12-23,12.890000343322754,13.0,12.729999542236328,12.989999771118164,12.989999771118164,2151400
2022-12-27,12.979999542236328,13.119999885559082,12.8100004196167,13.039999961853027,13.039999961853027,3217200
2022-12-28,13.039999961853027,13.180000305175781,12.869999885559082,12.920000076293945,12.920000076293945,3671400
2022-12-29,13.010000228881836,13.229999542236328,12.960000038146973,13.140000343322754,13.140000343322754,2613200
2022-12-30,12.989999771118164,13.220000267028809,12.899999618530273,13.079999923706055,13.079999923706055,3461300
2023-01-03,13.199999809265137,13.550000190734863,13.180000305175781,13.460000038146973,13.460000038146973,3725800
2023-01-04,13.640000343322754,14.390000343322754,13.600000381469727,14.220000267028809,14.220000267028809,4878800
2023-01-05,14.109999656677246,14.180000305175781,13.829999923706055,14.109999656677246,14.109999656677246,3426500
2023-01-06,14.149999618530273,14.470000267028809,14.0600004196167,14.399999618530273,14.399999618530273,3235600
2023-01-09,14.390000343322754,14.819999694824219,14.289999961853027,14.529999732971191,14.529999732971191,2953900
2023-01-10,14.430000305175781,14.680000305175781,14.319999694824219,14.65999984741211,14.65999984741211,2221900
2023-01-11,14.770000457763672,14.859999656677246,14.600000381469727,14.84000015258789,14.84000015258789,3076500
2023-01-12,14.979999542236328,15.1899995803833,14.84000015258789,15.140000343322754,15.140000343322754,3392600
2023-01-13,14.989999771118164,15.449999809265137,14.989999771118164,15.40999984741211,15.40999984741211,2465500
