Date,Open,High,Low,Close,Adj Close,Volume
2022-01-18,32.665000915527344,33.06999969482422,31.399999618530273,32.06999969482422,30.917322158813477,1900400
2022-01-19,32.029998779296875,32.72999954223633,32.0,32.2400016784668,31.081212997436523,1992500
2022-01-20,32.209999084472656,32.709999084472656,31.780000686645508,31.81999969482422,30.676307678222656,1740200
2022-01-21,31.75,31.770000457763672,30.655000686645508,30.969999313354492,29.856857299804688,1900600
2022-01-24,30.31999969482422,30.6299991607666,28.941999435424805,30.450000762939453,29.35555076599121,2614600
2022-01-25,29.93000030517578,31.00200080871582,29.6299991607666,30.709999084472656,29.606204986572266,1955200
2022-01-26,30.850000381469727,31.489999771118164,30.325000762939453,30.729999542236328,29.625484466552734,1374900
2022-01-27,31.100000381469727,31.639999389648438,30.479999542236328,30.700000762939453,29.5965633392334,1939100
2022-01-28,30.459999084472656,31.469999313354492,30.40999984741211,31.450000762939453,30.319608688354492,1680900
2022-01-31,31.200000762939453,32.099998474121094,31.200000762939453,31.90999984741211,30.763071060180664,4413700
2022-02-01,32.18000030517578,33.02000045776367,32.0099983215332,32.9900016784668,31.804258346557617,1846600
2022-02-02,33.08000183105469,33.479000091552734,32.65999984741211,33.33000183105469,32.13203811645508,1693700
2022-02-03,32.91999816894531,33.560001373291016,32.66999816894531,32.91999816894531,31.73676872253418,1663700
2022-02-04,32.689998626708984,33.470001220703125,32.689998626708984,33.119998931884766,31.92957878112793,1627400
2022-02-07,33.29999923706055,33.75,33.029998779296875,33.52000045776367,32.315208435058594,1090100
2022-02-08,33.41999816894531,33.95000076293945,33.05500030517578,33.75,32.53693771362305,1635500
2022-02-09,33.91999816894531,34.66999816894531,33.79999923706055,34.59000015258789,33.34674835205078,1557700
2022-02-10,34.27000045776367,35.08000183105469,34.27000045776367,34.45000076293945,33.2117805480957,1329400
2022-02-11,34.400001525878906,35.34000015258789,34.400001525878906,34.720001220703125,33.472076416015625,1474500
2022-02-14,34.70000076293945,34.83000183105469,34.220001220703125,34.380001068115234,33.1442985534668,1782300
2022-02-15,34.79999923706055,35.308998107910156,34.79999923706055,35.220001220703125,33.954105377197266,1931800
2022-02-16,35.29999923706055,36.4900016784668,35.220001220703125,36.34000015258789,35.03384780883789,3114100
2022-02-17,35.38999938964844,36.939998626708984,34.88999938964844,36.369998931884766,35.062767028808594,4587400
2022-02-18,36.459999084472656,37.18000030517578,35.81999969482422,36.09000015258789,34.79283142089844,3145100
2022-02-22,36.099998474121094,36.61000061035156,35.84000015258789,35.97999954223633,34.68678665161133,2219900
2022-02-23,35.900001525878906,36.279998779296875,35.44499969482422,35.5,34.22404098510742,2244400
2022-02-24,34.75,36.130001068115234,34.459999084472656,36.029998779296875,34.734989166259766,2440000
2022-02-25,35.685001373291016,37.7599983215332,35.5099983215332,37.56999969482422,36.50331497192383,3494900
2022-02-28,36.540000915527344,37.790000915527344,36.400001525878906,37.33000183105469,36.27013397216797,2846700
2022-03-01,37.27000045776367,37.86000061035156,37.0,37.459999084472656,36.39644241333008,3675000
2022-03-02,37.52000045776367,39.474998474121094,37.44499969482422,39.36000061035156,38.242496490478516,3434400
2022-03-03,39.130001068115234,39.209999084472656,38.31999969482422,39.02000045776367,37.91215133666992,1353300
2022-03-04,38.38999938964844,38.869998931884766,37.599998474121094,38.81999969482422,37.71782684326172,2890000
2022-03-07,38.58000183105469,39.20500183105469,37.810001373291016,38.41999816894531,37.32918167114258,2688800
2022-03-08,38.31999969482422,38.599998474121094,36.630001068115234,36.650001525878906,35.60943603515625,2529600
2022-03-09,36.869998931884766,37.439998626708984,36.400001525878906,36.459999084472656,35.42483139038086,1789900
2022-03-10,36.27000045776367,36.41999816894531,35.66999816894531,35.97999954223633,34.958457946777344,1954000
2022-03-11,36.209999084472656,36.619998931884766,35.790000915527344,35.83000183105469,34.812721252441406,1488400
2022-03-14,35.34000015258789,35.619998931884766,31.56999969482422,32.36000061035156,31.441240310668945,7855500
2022-03-15,32.290000915527344,32.65999984741211,31.690000534057617,32.290000915527344,31.373228073120117,3654900
2022-03-16,32.7599983215332,32.95000076293945,31.850000381469727,32.900001525878906,31.96590805053711,2962300
2022-03-17,33.04999923706055,34.380001068115234,32.529998779296875,34.34000015258789,33.36502456665039,2682600
2022-03-18,34.220001220703125,35.189998626708984,34.13999938964844,35.08000183105469,34.084014892578125,9038400
2022-03-21,35.5099983215332,35.9900016784668,34.650001525878906,34.77000045776367,33.78281784057617,1670100
2022-03-22,35.0,35.650001525878906,34.560001373291016,35.349998474121094,34.346343994140625,1312000
2022-03-23,35.43000030517578,35.685001373291016,35.0,35.34000015258789,34.33662796020508,1583600
2022-03-24,35.279998779296875,35.45000076293945,34.7599983215332,35.29999923706055,34.29776382446289,1306800
2022-03-25,35.45000076293945,35.724998474121094,34.790000915527344,34.9900016784668,33.9965705871582,1060000
2022-03-28,34.91999816894531,35.20000076293945,34.68000030517578,35.16999816894531,34.17145538330078,1445200
2022-03-29,35.36000061035156,35.75,35.06999969482422,35.31999969482422,34.31719970703125,1038100
2022-03-30,35.380001068115234,36.38999938964844,35.27000045776367,35.810001373291016,34.79328918457031,1645300
2022-03-31,35.529998779296875,36.099998474121094,34.91999816894531,34.93000030517578,33.938270568847656,1637800
2022-04-01,35.220001220703125,35.6150016784668,34.869998931884766,35.150001525878906,34.15202713012695,1610700
2022-04-04,34.849998474121094,35.08000183105469,34.46099853515625,34.720001220703125,33.73423385620117,1471600
2022-04-05,34.77000045776367,35.849998474121094,34.77000045776367,35.400001525878906,34.394927978515625,2060300
2022-04-06,35.560001373291016,36.45000076293945,35.11000061035156,36.20000076293945,35.17221450805664,1893900
2022-04-07,36.11000061035156,36.619998931884766,35.9900016784668,36.20000076293945,35.17221450805664,2386300
2022-04-08,36.16999816894531,36.349998474121094,35.779998779296875,35.869998931884766,34.851585388183594,3120700
2022-04-11,35.9900016784668,36.18000030517578,35.06999969482422,35.18000030517578,34.18117141723633,1480100
2022-04-12,35.18000030517578,35.68000030517578,34.90999984741211,34.9900016784668,33.9965705871582,1184400
2022-04-13,35.119998931884766,35.29999923706055,34.63999938964844,34.97999954223633,33.986854553222656,935400
2022-04-14,35.0099983215332,35.31999969482422,34.46500015258789,34.900001525878906,33.90913009643555,1516100
2022-04-18,34.77000045776367,34.83000183105469,33.220001220703125,33.380001068115234,32.43227767944336,1170900
2022-04-19,33.5099983215332,34.08399963378906,33.400001525878906,33.95000076293945,32.9860954284668,1073000
2022-04-20,33.75,33.779998779296875,33.29999923706055,33.349998474121094,32.403133392333984,852300
2022-04-21,33.459999084472656,33.630001068115234,32.68000030517578,32.77000045776367,31.839599609375,1310600
2022-04-22,32.65999984741211,32.65999984741211,32.060001373291016,32.2599983215332,31.34407615661621,1242900
2022-04-25,32.0,32.689998626708984,31.485000610351562,32.5099983215332,31.586977005004883,1189300
2022-04-26,32.2400016784668,32.56999969482422,31.6200008392334,31.65999984741211,30.7611141204834,1008900
2022-04-27,31.989999771118164,32.68000030517578,31.719999313354492,32.41999816894531,31.499534606933594,1204400
2022-04-28,32.70000076293945,33.20000076293945,32.209999084472656,33.0,32.06306457519531,1508100
2022-04-29,32.880001068115234,33.32500076293945,32.25,32.33000183105469,31.412092208862305,2811400
2022-05-02,32.5,33.11000061035156,31.635000228881836,32.08000183105469,31.169189453125,2473800
2022-05-03,32.040000915527344,32.58000183105469,31.90999984741211,32.439998626708984,31.518964767456055,1965300
2022-05-04,32.52000045776367,33.290000915527344,31.940000534057617,33.189998626708984,32.24767303466797,1409200
2022-05-05,33.189998626708984,35.209999084472656,33.150001525878906,34.869998931884766,33.879974365234375,3414900
2022-05-06,34.33000183105469,35.02000045776367,33.119998931884766,34.77000045776367,33.78281784057617,2448900
2022-05-09,34.2400016784668,35.2400016784668,34.099998474121094,34.720001220703125,33.73423385620117,2429900
2022-05-10,34.209999084472656,34.95000076293945,33.939998626708984,34.7599983215332,33.77309799194336,1895700
2022-05-11,34.650001525878906,35.279998779296875,33.22999954223633,33.349998474121094,32.403133392333984,2046700
2022-05-12,33.38999938964844,34.650001525878906,33.38999938964844,34.630001068115234,33.64678955078125,1322700
2022-05-13,34.59000015258789,35.22999954223633,34.19499969482422,34.939998626708984,34.22471237182617,1145800
2022-05-16,34.7400016784668,35.619998931884766,34.61000061035156,35.43000030517578,34.704681396484375,1071900
2022-05-17,35.7599983215332,36.869998931884766,35.47999954223633,36.72999954223633,35.978065490722656,1441400
2022-05-18,36.439998626708984,37.36000061035156,35.82500076293945,35.959999084472656,35.22382736206055,1651600
2022-05-19,35.5,36.65999984741211,35.279998779296875,36.56999969482422,35.82133865356445,1430600
2022-05-20,36.88999938964844,37.70000076293945,36.45000076293945,37.63999938964844,36.86943435668945,1926800
2022-05-23,37.779998779296875,37.95600128173828,36.93000030517578,37.529998779296875,36.761688232421875,1141600
2022-05-24,37.459999084472656,37.63999938964844,36.91400146484375,37.52000045776367,36.751895904541016,1165300
2022-05-25,37.45000076293945,38.349998474121094,37.380001068115234,38.099998474121094,37.32001876831055,1213100
2022-05-26,38.349998474121094,39.09000015258789,37.95000076293945,38.560001373291016,37.77060317993164,1160600
2022-05-27,38.5,38.95000076293945,38.28499984741211,38.900001525878906,38.10364532470703,1182200
2022-05-31,38.400001525878906,38.61000061035156,37.59000015258789,37.959999084472656,37.182884216308594,2201600
2022-06-01,38.08000183105469,38.310001373291016,37.0,37.75,36.9771842956543,1172800
2022-06-02,37.90999984741211,37.90999984741211,36.525001525878906,37.33000183105469,36.5657844543457,1409100
2022-06-03,37.22999954223633,37.36000061035156,36.86000061035156,37.18000030517578,36.41885757446289,777300
2022-06-06,37.349998474121094,37.709999084472656,37.29999923706055,37.470001220703125,36.702919006347656,905600
2022-06-07,37.470001220703125,37.86000061035156,37.310001373291016,37.810001373291016,37.03595733642578,1106300
2022-06-08,37.779998779296875,38.09000015258789,37.439998626708984,37.61000061035156,36.84005355834961,816500
2022-06-09,37.61000061035156,37.61000061035156,36.380001068115234,36.38999938964844,35.645023345947266,868300
2022-06-10,35.95000076293945,36.01499938964844,35.23500061035156,35.459999084472656,34.73406219482422,1161500
2022-06-13,34.880001068115234,34.880001068115234,33.65999984741211,34.20000076293945,33.49986267089844,1280100
2022-06-14,34.16999816894531,34.16999816894531,32.849998474121094,33.130001068115234,32.45176696777344,1926500
2022-06-15,33.16999816894531,33.90999984741211,32.7599983215332,33.59000015258789,32.90235137939453,1694700
2022-06-16,32.83000183105469,33.060001373291016,32.470001220703125,32.810001373291016,32.1383171081543,1660300
2022-06-17,32.90999984741211,33.459999084472656,32.41999816894531,33.16999816894531,32.49094772338867,4224400
2022-06-21,33.59000015258789,33.650001525878906,32.779998779296875,32.880001068115234,32.20688247680664,1883700
2022-06-22,32.63999938964844,33.869998931884766,32.63999938964844,33.59000015258789,32.90235137939453,1381800
2022-06-23,33.790000915527344,35.13999938964844,33.65999984741211,34.91999816894531,34.20512008666992,1481700
2022-06-24,35.400001525878906,36.08000183105469,35.099998474121094,35.86000061035156,35.125877380371094,1812100
2022-06-27,35.7400016784668,35.97999954223633,35.345001220703125,35.43000030517578,34.704681396484375,858900
2022-06-28,35.47999954223633,35.595001220703125,34.65999984741211,34.790000915527344,34.077781677246094,865800
2022-06-29,35.04999923706055,35.04999923706055,34.42499923706055,34.56999969482422,33.86228561401367,816300
2022-06-30,34.310001373291016,34.56999969482422,33.58000183105469,33.75,33.0590705871582,1359200
2022-07-01,33.91999816894531,34.27000045776367,33.38999938964844,34.25,33.54883575439453,1018400
2022-07-05,33.83000183105469,34.290000915527344,33.20000076293945,34.20000076293945,33.49986267089844,1338300
2022-07-06,34.040000915527344,34.22999954223633,32.90999984741211,33.290000915527344,32.60849380493164,1601300
2022-07-07,33.310001373291016,33.83000183105469,32.90999984741211,33.04999923706055,32.3734016418457,2274500
2022-07-08,32.869998931884766,33.290000915527344,32.5,32.75,32.07954406738281,1217000
2022-07-11,32.599998474121094,33.04999923706055,32.54999923706055,32.70000076293945,32.03056716918945,945600
2022-07-12,32.540000915527344,33.040000915527344,32.38999938964844,32.86000061035156,32.187294006347656,1679500
2022-07-13,32.529998779296875,32.70000076293945,31.959999084472656,32.279998779296875,31.619165420532227,1595400
2022-07-14,32.08000183105469,32.2599983215332,31.450000762939453,31.850000381469727,31.197969436645508,1486500
2022-07-15,32.18000030517578,32.224998474121094,31.440000534057617,31.969999313354492,31.31551170349121,1336700
2022-07-18,32.04999923706055,32.220001220703125,31.059999465942383,31.200000762939453,30.561277389526367,1614800
2022-07-19,31.399999618530273,31.920000076293945,31.299999237060547,31.56999969482422,30.923702239990234,1217500
2022-07-20,31.549999237060547,31.899999618530273,31.229999542236328,31.65999984741211,31.011859893798828,1278500
2022-07-21,31.559999465942383,31.774999618530273,31.200000762939453,31.760000228881836,31.109811782836914,1015800
2022-07-22,31.899999618530273,31.979999542236328,31.6299991607666,31.959999084472656,31.305715560913086,897700
2022-07-25,32.0,32.939998626708984,32.0,32.79999923706055,32.12852096557617,1624300
2022-07-26,32.79999923706055,33.20000076293945,32.79999923706055,32.900001525878906,32.22647476196289,1202500
2022-07-27,32.790000915527344,32.84000015258789,32.119998931884766,32.63999938964844,31.9717960357666,1217300
2022-07-28,32.70000076293945,32.70000076293945,31.969999313354492,32.45000076293945,31.785686492919922,1153400
2022-07-29,32.56999969482422,32.63999938964844,31.510000228881836,31.719999313354492,31.07063102722168,2896600
2022-08-01,31.559999465942383,32.189998626708984,31.389999389648438,31.829999923706055,31.17837905883789,1715300
2022-08-02,31.770000457763672,32.349998474121094,31.549999237060547,31.770000457763672,31.119606018066406,1028100
2022-08-03,31.81999969482422,32.67499923706055,31.700000762939453,32.56999969482422,31.903228759765625,1895800
2022-08-04,32.56999969482422,33.04999923706055,31.389999389648438,32.40999984741211,31.746505737304688,2145800
2022-08-05,31.920000076293945,32.0099983215332,31.15999984741211,31.5,30.855134963989258,2755300
2022-08-08,31.540000915527344,31.729999542236328,31.190000534057617,31.540000915527344,30.894317626953125,1913800
2022-08-09,31.540000915527344,31.6299991607666,31.25,31.389999389648438,30.747386932373047,879600
2022-08-10,31.479999542236328,31.600000381469727,31.325000762939453,31.520000457763672,30.874727249145508,2546200
2022-08-11,31.389999389648438,32.310001373291016,31.360000610351562,31.690000534057617,31.04124641418457,2021800
2022-08-12,31.6200008392334,31.6200008392334,30.780000686645508,30.989999771118164,30.626176834106445,2161700
2022-08-15,30.90999984741211,31.139999389648438,30.75,31.010000228881836,30.64594268798828,1145800
2022-08-16,30.989999771118164,31.350000381469727,30.799999237060547,31.18000030517578,30.813945770263672,977200
2022-08-17,31.020000457763672,31.1299991607666,30.610000610351562,30.8700008392334,30.507585525512695,1114500
2022-08-18,30.899999618530273,30.93000030517578,30.489999771118164,30.729999542236328,30.36922836303711,1148300
2022-08-19,30.729999542236328,30.979999542236328,30.604999542236328,30.65999984741211,30.300050735473633,1311900
2022-08-22,30.600000381469727,30.81999969482422,30.18000030517578,30.3700008392334,30.013456344604492,1225800
2022-08-23,30.260000228881836,30.309999465942383,29.725000381469727,29.920000076293945,29.56873893737793,2520800
2022-08-24,29.8799991607666,30.469999313354492,29.59000015258789,30.059999465942383,29.707094192504883,1280100
2022-08-25,30.1299991607666,30.354999542236328,29.90999984741211,30.34000015258789,29.983808517456055,1113000
2022-08-26,30.399999618530273,30.450000762939453,29.65999984741211,29.690000534057617,29.34143829345703,1413600
2022-08-29,29.549999237060547,29.6299991607666,29.209999084472656,29.350000381469727,29.005430221557617,1164200
2022-08-30,29.3799991607666,29.479999542236328,28.579999923706055,28.65999984741211,28.323530197143555,1306400
2022-08-31,28.780000686645508,28.969999313354492,28.31999969482422,28.530000686645508,28.195056915283203,1792600
2022-09-01,28.459999084472656,28.823999404907227,28.329999923706055,28.809999465942383,28.471769332885742,1332100
2022-09-02,28.770000457763672,29.1200008392334,28.389999389648438,28.5,28.165409088134766,1398200
2022-09-06,28.850000381469727,29.649999618530273,28.690000534057617,28.709999084472656,28.372941970825195,1726800
2022-09-07,28.770000457763672,29.1200008392334,28.225000381469727,28.959999084472656,28.62000846862793,1740400
2022-09-08,28.8700008392334,29.489999771118164,28.825000762939453,29.360000610351562,29.01531410217285,1106400
2022-09-09,29.3700008392334,29.950000762939453,29.31999969482422,29.829999923706055,29.479795455932617,1371900
2022-09-12,29.920000076293945,30.270000457763672,29.31999969482422,29.709999084472656,29.361202239990234,1426000
2022-09-13,29.239999771118164,29.399999618530273,28.559999465942383,28.729999542236328,28.39270782470703,1260700
2022-09-14,28.889999389648438,28.93000030517578,28.18000030517578,28.6200008392334,28.284000396728516,1647300
2022-09-15,28.780000686645508,29.1200008392334,28.540000915527344,28.75,28.412473678588867,1501600
2022-09-16,28.6200008392334,28.950000762939453,28.410999298095703,28.610000610351562,28.274118423461914,5940200
2022-09-19,28.510000228881836,28.6200008392334,27.53499984741211,28.299999237060547,27.967756271362305,1875400
2022-09-20,28.010000228881836,28.110000610351562,27.239999771118164,27.299999237060547,26.979496002197266,1435700
2022-09-21,27.350000381469727,27.639999389648438,26.790000915527344,26.799999237060547,26.485366821289062,1135000
2022-09-22,26.65999984741211,26.75,26.200000762939453,26.290000915527344,25.981355667114258,1475800
2022-09-23,26.049999237060547,26.25,25.309999465942383,25.75,25.447694778442383,1831900
2022-09-26,25.520000457763672,25.829999923706055,25.059999465942383,25.149999618530273,24.854738235473633,1489300
2022-09-27,25.280000686645508,25.350000381469727,24.21500015258789,24.260000228881836,23.975187301635742,2800200
2022-09-28,24.479999542236328,24.690000534057617,24.15999984741211,24.510000228881836,24.222251892089844,2162300
2022-09-29,24.270000457763672,24.3799991607666,23.3799991607666,23.549999237060547,23.273521423339844,2305200
2022-09-30,23.690000534057617,24.15999984741211,23.329999923706055,23.399999618530273,23.125282287597656,2182500
2022-10-03,23.65999984741211,24.270000457763672,23.34000015258789,24.06999969482422,23.787416458129883,2385200
2022-10-04,24.3799991607666,25.81999969482422,24.3799991607666,25.709999084472656,25.40816307067871,3136900
2022-10-05,25.459999084472656,25.84000015258789,25.219999313354492,25.6299991607666,25.3291015625,1846800
2022-10-06,25.440000534057617,25.55500030517578,24.709999084472656,24.760000228881836,24.469316482543945,1309400
2022-10-07,24.649999618530273,24.739999771118164,23.93000030517578,24.010000228881836,23.72812271118164,1335100
2022-10-10,24.110000610351562,24.399999618530273,23.649999618530273,23.670000076293945,23.392112731933594,1304800
2022-10-11,23.649999618530273,23.809999465942383,23.16200065612793,23.5,23.224109649658203,4042300
2022-10-12,23.389999389648438,23.875,23.18000030517578,23.649999618530273,23.37234878540039,1648800
2022-10-13,23.239999771118164,24.270000457763672,23.030000686645508,24.030000686645508,23.747888565063477,1627700
2022-10-14,23.219999313354492,23.5,22.8799991607666,23.309999465942383,23.036338806152344,2336900
2022-10-17,23.6299991607666,23.979999542236328,23.562999725341797,23.809999465942383,23.53046989440918,1840700
2022-10-18,24.190000534057617,24.75,24.010000228881836,24.170000076293945,23.88624382019043,2353800
2022-10-19,24.06999969482422,24.280000686645508,23.780000686645508,23.799999237060547,23.520586013793945,1813900
2022-10-20,23.690000534057617,23.75,23.3799991607666,23.559999465942383,23.283405303955078,1121300
2022-10-21,23.6299991607666,23.809999465942383,23.139999389648438,23.68000030517578,23.401996612548828,2775900
2022-10-24,23.889999389648438,24.145000457763672,23.5,24.040000915527344,23.757770538330078,1274800
2022-10-25,24.030000686645508,24.950000762939453,23.950000762939453,24.729999542236328,24.439668655395508,2353300
2022-10-26,24.799999237060547,25.479999542236328,24.760000228881836,25.290000915527344,24.99309539794922,1304700
2022-10-27,25.450000762939453,26.100000381469727,25.260000228881836,25.950000762939453,25.645347595214844,2395100
2022-10-28,25.959999084472656,26.225000381469727,25.860000610351562,26.18000030517578,25.87264633178711,1527500
2022-10-31,26.049999237060547,26.530000686645508,25.899999618530273,26.18000030517578,25.87264633178711,2227100
2022-11-01,26.450000762939453,26.614999771118164,26.059999465942383,26.389999389648438,26.08017921447754,1606900
2022-11-02,26.489999771118164,26.635000228881836,25.8799991607666,25.93000030517578,25.625581741333008,2028900
2022-11-03,27.25,27.510000228881836,25.520000457763672,25.8799991607666,25.576168060302734,3033300
2022-11-04,25.8799991607666,25.94499969482422,23.739999771118164,24.350000381469727,24.064130783081055,3447400
2022-11-07,24.3799991607666,24.799999237060547,23.760000228881836,24.0,23.718238830566406,2658900
2022-11-08,24.010000228881836,24.43000030517578,23.34000015258789,23.559999465942383,23.283405303955078,3100800
2022-11-09,23.639999389648438,24.360000610351562,23.6200008392334,23.850000381469727,23.57000160217285,2515800
2022-11-10,24.18000030517578,24.920000076293945,24.09000015258789,24.709999084472656,24.709999084472656,2559100
2022-11-11,24.59000015258789,25.469999313354492,24.190000534057617,25.309999465942383,25.309999465942383,2931700
2022-11-14,25.260000228881836,25.399999618530273,24.770000457763672,24.780000686645508,24.780000686645508,1870600
2022-11-15,25.040000915527344,25.430999755859375,24.690000534057617,24.8799991607666,24.8799991607666,1605600
2022-11-16,24.799999237060547,24.979999542236328,24.274999618530273,24.389999389648438,24.389999389648438,1357600
2022-11-17,24.049999237060547,24.190000534057617,23.760000228881836,23.920000076293945,23.920000076293945,1783400
2022-11-18,24.270000457763672,24.579999923706055,24.094999313354492,24.399999618530273,24.399999618530273,2175700
2022-11-21,24.420000076293945,24.774999618530273,24.239999771118164,24.719999313354492,24.719999313354492,1123800
2022-11-22,24.690000534057617,25.049999237060547,24.690000534057617,24.829999923706055,24.829999923706055,1409800
2022-11-23,24.790000915527344,24.905000686645508,24.625,24.809999465942383,24.809999465942383,867600
2022-11-25,24.799999237060547,25.110000610351562,24.750999450683594,25.110000610351562,25.110000610351562,641400
2022-11-28,24.850000381469727,25.040000915527344,24.4950008392334,24.65999984741211,24.65999984741211,1530700
2022-11-29,24.709999084472656,25.0,24.399999618530273,24.940000534057617,24.940000534057617,2374300
2022-11-30,24.979999542236328,26.049999237060547,24.739999771118164,26.020000457763672,26.020000457763672,2422700
2022-12-01,26.190000534057617,26.850000381469727,26.110000610351562,26.420000076293945,26.420000076293945,1774300
2022-12-02,26.1200008392334,26.719999313354492,26.030000686645508,26.719999313354492,26.719999313354492,1236100
2022-12-05,26.549999237060547,26.799999237060547,26.15999984741211,26.350000381469727,26.350000381469727,1102300
2022-12-06,26.34000015258789,26.559999465942383,25.729999542236328,26.149999618530273,26.149999618530273,1668200
2022-12-07,26.149999618530273,26.3799991607666,25.78499984741211,26.079999923706055,26.079999923706055,1402600
2022-12-08,26.239999771118164,26.905000686645508,26.18199920654297,26.860000610351562,26.860000610351562,2082300
2022-12-09,26.8799991607666,27.399999618530273,26.799999237060547,27.049999237060547,27.049999237060547,2096900
2022-12-12,27.219999313354492,27.690000534057617,26.93000030517578,27.579999923706055,27.579999923706055,3249500
2022-12-13,28.0,28.40999984741211,27.90999984741211,28.200000762939453,28.200000762939453,3037200
2022-12-14,28.190000534057617,28.709999084472656,28.09000015258789,28.6200008392334,28.6200008392334,2413000
2022-12-15,28.43000030517578,28.649999618530273,28.139999389648438,28.280000686645508,28.280000686645508,2380500
2022-12-16,28.170000076293945,28.34000015258789,27.31999969482422,27.440000534057617,27.440000534057617,6891000
2022-12-19,27.229999542236328,27.479999542236328,26.899999618530273,27.43000030517578,27.43000030517578,2501200
2022-12-20,27.329999923706055,27.55500030517578,27.079999923706055,27.450000762939453,27.450000762939453,1303500
2022-12-21,27.6299991607666,28.045000076293945,27.600000381469727,27.790000915527344,27.790000915527344,1219300
2022-12-22,27.6299991607666,27.770000457763672,27.235000610351562,27.639999389648438,27.639999389648438,1026400
2022-12-23,27.639999389648438,27.966999053955078,27.540000915527344,27.93000030517578,27.93000030517578,966900
2022-12-27,27.93000030517578,28.065000534057617,27.59000015258789,27.940000534057617,27.940000534057617,1235300
2022-12-28,27.93000030517578,28.075000762939453,27.59000015258789,27.649999618530273,27.649999618530273,1512000
2022-12-29,27.809999465942383,28.420000076293945,27.799999237060547,28.18000030517578,28.18000030517578,2031000
2022-12-30,28.040000915527344,28.06999969482422,27.670000076293945,27.93000030517578,27.93000030517578,1721900
2023-01-03,27.899999618530273,28.43000030517578,27.860000610351562,28.06999969482422,28.06999969482422,1688300
2023-01-04,28.209999084472656,29.149999618530273,28.1299991607666,28.940000534057617,28.940000534057617,2300100
2023-01-05,28.6200008392334,28.84000015258789,27.93000030517578,28.84000015258789,28.84000015258789,1873600
2023-01-06,29.139999389648438,29.459999084472656,28.75,29.149999618530273,29.149999618530273,1821900
2023-01-09,29.139999389648438,30.040000915527344,29.06999969482422,29.579999923706055,29.579999923706055,1696900
2023-01-10,29.690000534057617,30.274999618530273,29.3700008392334,30.1200008392334,30.1200008392334,2057400
2023-01-11,30.299999237060547,30.700000762939453,29.940000534057617,30.639999389648438,30.639999389648438,2244500
2023-01-12,30.690000534057617,31.485000610351562,30.59000015258789,31.3799991607666,31.3799991607666,2715400
2023-01-13,31.43000030517578,32.119998931884766,31.385000228881836,32.060001373291016,32.060001373291016,2578300
