Date,Open,High,Low,Close,Adj Close,Volume
2022-01-18,63.0,63.099998474121094,60.619998931884766,61.41999816894531,57.77836608886719,2839700
2022-01-19,61.900001525878906,62.0,60.189998626708984,60.209999084472656,56.64011001586914,3220900
2022-01-20,59.79999923706055,61.16999816894531,59.2599983215332,59.38999938964844,55.86872863769531,2741400
2022-01-21,58.70000076293945,59.61000061035156,58.029998779296875,58.529998779296875,55.059715270996094,3172700
2022-01-24,57.119998931884766,58.84000015258789,55.54999923706055,58.630001068115234,55.15378952026367,5177700
2022-01-25,58.130001068115234,60.11000061035156,57.0,59.59000015258789,56.05686950683594,3243500
2022-01-26,60.56999969482422,61.63999938964844,59.15999984741211,59.849998474121094,56.301448822021484,3723100
2022-01-27,60.970001220703125,61.470001220703125,59.11000061035156,60.16999816894531,56.602481842041016,2875600
2022-01-28,59.099998474121094,59.349998474121094,57.560001373291016,59.290000915527344,56.65503692626953,2445700
2022-01-31,59.2400016784668,60.70000076293945,58.61000061035156,60.68000030517578,57.9832649230957,2795400
2022-02-01,60.130001068115234,62.0,59.70000076293945,61.869998931884766,59.1203727722168,2535600
2022-02-02,62.060001373291016,63.040000915527344,61.529998779296875,62.88999938964844,60.09504699707031,3809400
2022-02-03,62.209999084472656,62.58000183105469,61.43000030517578,62.06999969482422,59.31148910522461,2088100
2022-02-04,62.38999938964844,63.470001220703125,62.16999816894531,62.88999938964844,60.09504699707031,2908100
2022-02-07,62.88999938964844,63.849998474121094,62.470001220703125,63.2599983215332,60.44860076904297,2093600
2022-02-08,63.209999084472656,63.380001068115234,62.099998474121094,62.72999954223633,59.94215774536133,2047900
2022-02-09,63.08000183105469,64.2699966430664,62.90999984741211,63.63999938964844,60.81171798706055,2107300
2022-02-10,63.11000061035156,64.80000305175781,62.5099983215332,63.02000045776367,60.219268798828125,2470000
2022-02-11,63.369998931884766,64.5999984741211,62.939998626708984,64.51000213623047,61.64305114746094,2585000
2022-02-14,64.22000122070312,64.38999938964844,62.650001525878906,62.91999816894531,60.123714447021484,2465700
2022-02-15,62.31999969482422,63.060001373291016,62.02000045776367,62.43000030517578,59.65549087524414,1907800
2022-02-16,62.880001068115234,63.540000915527344,62.130001068115234,62.650001525878906,59.86571502685547,2081400
2022-02-17,62.65999984741211,63.060001373291016,62.060001373291016,62.599998474121094,59.817935943603516,1901000
2022-02-18,61.970001220703125,62.75,61.45000076293945,61.810001373291016,59.063045501708984,2304800
2022-02-22,63.08000183105469,63.119998931884766,59.22999954223633,60.15999984741211,57.48637390136719,2840600
2022-02-23,60.36000061035156,61.38999938964844,60.18000030517578,60.779998779296875,58.078819274902344,2303700
2022-02-24,61.13999938964844,61.63999938964844,59.63999938964844,61.529998779296875,58.79548645019531,3600200
2022-02-25,61.779998779296875,64.02999877929688,61.65999984741211,64.0,61.15571594238281,3735800
2022-02-28,63.529998779296875,65.7300033569336,63.369998931884766,65.30000305175781,62.39794158935547,6241000
2022-03-01,65.7300033569336,65.7300033569336,62.91999816894531,63.81999969482422,60.98371124267578,4844000
2022-03-02,65.22000122070312,67.55000305175781,64.62000274658203,67.08999633789062,64.10838317871094,5726800
2022-03-03,67.0,68.06999969482422,66.54000091552734,67.70999908447266,64.70084381103516,3629800
2022-03-04,67.36000061035156,68.48999786376953,67.11000061035156,68.41999816894531,65.37928771972656,2857600
2022-03-07,69.0,69.9000015258789,67.11000061035156,68.51000213623047,65.46528625488281,3256700
2022-03-08,69.55000305175781,69.9000015258789,66.31999969482422,66.73999786376953,63.77394104003906,3854400
2022-03-09,66.13999938964844,67.7300033569336,65.30999755859375,66.61000061035156,63.64971923828125,3065900
2022-03-10,66.80999755859375,67.81999969482422,66.5999984741211,67.51000213623047,64.50972747802734,2053200
2022-03-11,67.41999816894531,67.94000244140625,66.0199966430664,66.05999755859375,63.1241569519043,3287500
2022-03-14,65.36000061035156,66.44999694824219,63.459999084472656,64.5199966430664,61.65260314941406,4108800
2022-03-15,63.33000183105469,64.55999755859375,62.20000076293945,64.26000213623047,61.4041633605957,3613000
2022-03-16,64.47000122070312,64.86000061035156,63.2400016784668,64.66000366210938,61.7863883972168,3201400
2022-03-17,65.5,67.0999984741211,65.11000061035156,66.86000061035156,63.888607025146484,2924800
2022-03-18,67.0199966430664,67.41000366210938,66.43000030517578,67.0,64.02238464355469,8652800
2022-03-21,68.0,68.80000305175781,67.61000061035156,68.5199966430664,65.47483825683594,2197500
2022-03-22,68.37000274658203,68.7699966430664,67.62999725341797,68.30000305175781,65.26461791992188,1873500
2022-03-23,68.98999786376953,69.56999969482422,68.73999786376953,68.97000122070312,65.90483856201172,1957000
2022-03-24,69.43000030517578,71.0,69.36000061035156,70.43000030517578,67.29995727539062,3036700
2022-03-25,70.43000030517578,72.33999633789062,70.36000061035156,72.2699966430664,69.05818176269531,2310400
2022-03-28,71.0,71.38999938964844,70.54000091552734,71.04000091552734,67.8828353881836,1877300
2022-03-29,69.83999633789062,71.36000061035156,69.52999877929688,71.23999786376953,68.0739517211914,2140600
2022-03-30,71.75,72.16000366210938,71.18000030517578,71.70999908447266,68.52306365966797,1749900
2022-03-31,71.4000015258789,72.37000274658203,70.58000183105469,70.62999725341797,67.49105834960938,2834200
2022-04-01,70.75,71.91999816894531,70.63999938964844,71.43000030517578,68.25550842285156,2048900
2022-04-04,71.7699966430664,71.94999694824219,70.91000366210938,71.16999816894531,68.0070571899414,1749900
2022-04-05,71.44999694824219,71.91999816894531,69.77999877929688,69.83999633789062,66.73617553710938,2174200
2022-04-06,70.1500015258789,71.44000244140625,69.55000305175781,70.80000305175781,67.65351104736328,2193000
2022-04-07,71.0,71.4000015258789,69.58000183105469,70.88999938964844,67.73950958251953,1747200
2022-04-08,71.19000244140625,71.7699966430664,70.6500015258789,71.61000061035156,68.4275131225586,1907800
2022-04-11,71.0,71.31999969482422,69.95999908447266,70.26000213623047,67.13751220703125,2086600
2022-04-12,70.63999938964844,71.83000183105469,70.62999725341797,70.80999755859375,67.66307067871094,1661900
2022-04-13,71.33999633789062,71.87000274658203,70.63999938964844,71.30000305175781,68.13128662109375,1582500
2022-04-14,71.29000091552734,71.83999633789062,70.86000061035156,71.30000305175781,68.13128662109375,1702500
2022-04-18,71.7699966430664,73.37999725341797,71.26000213623047,72.5,69.27796173095703,4433700
2022-04-19,72.08000183105469,73.06999969482422,71.91999816894531,72.16999816894531,68.9626235961914,2317000
2022-04-20,72.5999984741211,73.86000061035156,72.38999938964844,73.62000274658203,70.34819030761719,2423200
2022-04-21,74.0,75.06999969482422,71.33999633789062,71.47000122070312,68.29373168945312,3750700
2022-04-22,71.29000091552734,71.44999694824219,69.19999694824219,69.27999877929688,66.20106506347656,3336600
2022-04-25,67.55000305175781,67.62999725341797,64.4000015258789,66.30000305175781,63.3535041809082,3516200
2022-04-26,66.63999938964844,67.19000244140625,65.2699966430664,65.2699966430664,62.369266510009766,2357300
2022-04-27,65.5,66.4000015258789,64.8499984741211,65.5,62.589054107666016,2383300
2022-04-28,65.95999908447266,67.3499984741211,64.94000244140625,66.91999816894531,63.945945739746094,2390600
2022-04-29,66.1500015258789,66.4800033569336,63.13999938964844,63.33000183105469,61.37299346923828,2719000
2022-05-02,63.150001525878906,63.9900016784668,62.33000183105469,63.869998931884766,61.896305084228516,2797900
2022-05-03,63.869998931884766,65.56999969482422,63.869998931884766,65.12000274658203,63.1076774597168,2992800
2022-05-04,65.97000122070312,67.70999908447266,64.69000244140625,67.3499984741211,65.26876831054688,3503500
2022-05-05,67.56999969482422,67.56999969482422,63.0099983215332,64.05000305175781,62.070743560791016,4076600
2022-05-06,64.52999877929688,65.66000366210938,62.70000076293945,65.5999984741211,63.57284164428711,2773400
2022-05-09,64.37999725341797,64.58999633789062,61.380001068115234,61.709999084472656,59.80305099487305,3943900
2022-05-10,62.349998474121094,64.16000366210938,61.52000045776367,62.47999954223633,60.54925537109375,3712600
2022-05-11,63.209999084472656,64.97000122070312,61.599998474121094,61.779998779296875,59.87088394165039,2903700
2022-05-12,61.91999816894531,63.060001373291016,61.349998474121094,62.790000915527344,60.84967803955078,2651600
2022-05-13,63.83000183105469,64.97000122070312,63.59000015258789,64.6500015258789,62.652198791503906,2148900
2022-05-16,64.81999969482422,65.83999633789062,64.7699966430664,65.19000244140625,63.17551040649414,1935900
2022-05-17,65.87999725341797,66.75,65.05000305175781,66.56999969482422,64.51287078857422,2398700
2022-05-18,66.8499984741211,66.87000274658203,64.06999969482422,64.79000091552734,62.78787612915039,2552300
2022-05-19,63.40999984741211,64.55000305175781,62.959999084472656,63.290000915527344,61.334228515625,2294800
2022-05-20,63.79999923706055,64.06999969482422,62.13999938964844,63.540000915527344,61.57650375366211,2212300
2022-05-23,64.18000030517578,64.31999969482422,63.22999954223633,63.560001373291016,61.59588623046875,2407700
2022-05-24,63.13999938964844,63.880001068115234,62.189998626708984,63.72999954223633,61.76062774658203,2199900
2022-05-25,63.88999938964844,65.20999908447266,63.79999923706055,65.13999938964844,63.12705612182617,3153200
2022-05-26,65.5999984741211,66.2300033569336,65.41000366210938,65.81999969482422,63.786048889160156,1820900
2022-05-27,65.61000061035156,67.0999984741211,65.37999725341797,67.05000305175781,64.97804260253906,1752700
2022-05-31,67.41000366210938,67.8499984741211,65.45999908447266,65.8499984741211,63.81511688232422,5397500
2022-06-01,66.3499984741211,67.38999938964844,65.33000183105469,66.8499984741211,64.78421783447266,2558000
2022-06-02,66.5199966430664,67.6500015258789,66.29000091552734,67.41000366210938,65.32691955566406,1715100
2022-06-03,67.4000015258789,67.66000366210938,66.80000305175781,67.2699966430664,65.19123077392578,1539900
2022-06-06,67.70999908447266,67.88999938964844,66.83999633789062,67.13999938964844,65.06525421142578,1525600
2022-06-07,66.9000015258789,69.16999816894531,66.76000213623047,69.13999938964844,67.00345611572266,2094000
2022-06-08,68.95999908447266,69.72000122070312,68.02999877929688,68.48999786376953,66.37353515625,1976400
2022-06-09,68.23999786376953,68.33000183105469,66.12000274658203,66.19000244140625,64.14460754394531,1747700
2022-06-10,65.0,65.5199966430664,63.849998474121094,64.73999786376953,62.739418029785156,2587700
2022-06-13,63.0,63.099998474121094,60.33000183105469,61.099998474121094,59.21189880371094,3858800
2022-06-14,61.45000076293945,62.15999984741211,59.689998626708984,60.38999938964844,58.523841857910156,2810400
2022-06-15,60.41999816894531,61.08000183105469,58.2599983215332,59.689998626708984,57.8454704284668,3090600
2022-06-16,58.04999923706055,58.310001373291016,55.38999938964844,55.72999954223633,54.007843017578125,4979100
2022-06-17,55.58000183105469,56.16999816894531,52.349998474121094,53.38999938964844,51.74015426635742,8283500
2022-06-21,54.7400016784668,56.08000183105469,54.369998931884766,55.540000915527344,53.82371520996094,3820300
2022-06-22,53.41999816894531,54.790000915527344,52.720001220703125,53.81999969482422,52.156864166259766,3740800
2022-06-23,54.13999938964844,54.31999969482422,52.189998626708984,53.310001373291016,51.662628173828125,3352200
2022-06-24,54.16999816894531,55.02000045776367,53.54999923706055,54.56999969482422,52.883689880371094,4258300
2022-06-27,55.099998474121094,57.08000183105469,55.099998474121094,56.66999816894531,54.918792724609375,3580600
2022-06-28,57.869998931884766,58.900001525878906,56.689998626708984,56.97999954223633,55.21921920776367,3288000
2022-06-29,57.83000183105469,57.900001525878906,55.79999923706055,56.130001068115234,54.395484924316406,2572300
2022-06-30,55.0,56.060001373291016,54.650001525878906,55.5,53.784950256347656,3841700
2022-07-01,55.849998474121094,57.0,54.439998626708984,56.75,54.9963264465332,3130800
2022-07-05,55.529998779296875,55.59000015258789,53.27000045776367,55.099998474121094,53.39731216430664,3492400
2022-07-06,54.380001068115234,55.560001373291016,52.959999084472656,54.22999954223633,52.554195404052734,4450000
2022-07-07,55.40999984741211,56.84000015258789,55.40999984741211,56.5099983215332,54.76374053955078,2539800
2022-07-08,56.84000015258789,57.400001525878906,55.77000045776367,56.81999969482422,55.06415939331055,2253600
2022-07-11,55.97999954223633,56.06999969482422,54.59000015258789,55.779998779296875,54.056297302246094,2911900
2022-07-12,54.689998626708984,55.5,54.189998626708984,55.0,53.3004035949707,2159300
2022-07-13,54.0,55.61000061035156,54.0,55.029998779296875,53.32947540283203,1857500
2022-07-14,53.36000061035156,54.93000030517578,52.7599983215332,54.849998474121094,53.15503692626953,3525100
2022-07-15,55.97999954223633,56.11000061035156,54.970001220703125,55.70000076293945,53.9787712097168,1963400
2022-07-18,56.5,57.400001525878906,56.43000030517578,56.959999084472656,55.199832916259766,2211400
2022-07-19,57.0,58.650001525878906,57.0,58.36000061035156,56.55657196044922,2111200
2022-07-20,58.029998779296875,58.88999938964844,57.470001220703125,58.43000030517578,56.624412536621094,2065900
2022-07-21,56.939998626708984,58.40999984741211,56.22999954223633,58.400001525878906,56.5953369140625,2752200
2022-07-22,58.83000183105469,59.279998779296875,57.58000183105469,57.9900016784668,56.19800567626953,1474500
2022-07-25,58.599998474121094,59.290000915527344,57.880001068115234,59.13999938964844,57.312469482421875,2579900
2022-07-26,59.619998931884766,60.400001525878906,59.369998931884766,60.040000915527344,58.18465805053711,2589200
2022-07-27,60.369998931884766,60.54999923706055,59.43000030517578,60.290000915527344,58.42693328857422,2144100
2022-07-28,60.880001068115234,60.970001220703125,59.2599983215332,60.369998931884766,58.50445556640625,2203700
2022-07-29,60.11000061035156,60.56999969482422,59.470001220703125,59.7400016784668,58.8046875,2843700
2022-08-01,58.9900016784668,59.400001525878906,57.849998474121094,59.119998931884766,58.194393157958984,2314700
2022-08-02,58.9900016784668,59.29999923706055,57.56999969482422,58.810001373291016,57.88924789428711,3496500
2022-08-03,59.29999923706055,59.70000076293945,58.29999923706055,58.97999954223633,58.056583404541016,2370800
2022-08-04,58.619998931884766,58.619998931884766,57.529998779296875,57.619998931884766,56.71787643432617,2583600
2022-08-05,57.20000076293945,58.72999954223633,56.75,58.54999923706055,57.63331604003906,2365700
2022-08-08,58.779998779296875,60.060001373291016,58.779998779296875,59.209999084472656,58.282981872558594,2631300
2022-08-09,59.56999969482422,61.59000015258789,59.5,61.380001068115234,60.419010162353516,3121200
2022-08-10,61.95000076293945,62.459999084472656,61.22999954223633,62.2599983215332,61.28522872924805,2251600
2022-08-11,63.2400016784668,65.41000366210938,62.959999084472656,64.95999908447266,63.94295883178711,3234900
2022-08-12,64.72000122070312,64.9000015258789,64.13999938964844,64.3499984741211,63.34251022338867,2113700
2022-08-15,62.84000015258789,63.790000915527344,62.29999923706055,63.47999954223633,62.48612976074219,1934000
2022-08-16,63.650001525878906,64.04000091552734,63.029998779296875,63.29999923706055,62.3089485168457,1840600
2022-08-17,62.91999816894531,63.630001068115234,62.29999923706055,62.959999084472656,61.97426986694336,1828900
2022-08-18,63.43000030517578,64.37999725341797,63.43000030517578,64.30000305175781,63.293296813964844,1739100
2022-08-19,64.11000061035156,64.36000061035156,63.720001220703125,63.95000076293945,62.94877243041992,1478200
2022-08-22,63.459999084472656,63.81999969482422,62.91999816894531,63.5,62.50581741333008,1954500
2022-08-23,64.29000091552734,65.33999633789062,64.16000366210938,64.80000305175781,63.78546905517578,2008000
2022-08-24,64.91000366210938,66.27999877929688,64.66000366210938,66.11000061035156,65.07495880126953,2441500
2022-08-25,66.41999816894531,66.86000061035156,65.98999786376953,66.6500015258789,65.60649871826172,1928400
2022-08-26,66.6500015258789,66.83000183105469,64.83999633789062,64.83999633789062,63.824832916259766,1650700
2022-08-29,64.55000305175781,65.31999969482422,64.19999694824219,64.5,63.49016189575195,1475900
2022-08-30,63.72999954223633,63.72999954223633,62.88999938964844,63.029998779296875,62.043174743652344,1848400
2022-08-31,61.90999984741211,62.599998474121094,61.02000045776367,61.22999954223633,60.271358489990234,3672200
2022-09-01,60.529998779296875,60.560001373291016,58.93000030517578,59.52000045776367,58.588130950927734,2535700
2022-09-02,60.95000076293945,61.560001373291016,60.16999816894531,60.54999923706055,59.60200500488281,2502900
2022-09-06,61.130001068115234,61.220001220703125,59.369998931884766,59.560001373291016,58.627506256103516,1947200
2022-09-07,58.77000045776367,60.54999923706055,58.36000061035156,60.380001068115234,59.43466567993164,1898100
2022-09-08,60.36000061035156,61.349998474121094,60.04999923706055,61.310001373291016,60.35010528564453,1687000
2022-09-09,62.22999954223633,62.77000045776367,61.79999923706055,62.4900016784668,61.51163101196289,1352900
2022-09-12,63.220001220703125,64.12999725341797,62.77000045776367,63.869998931884766,62.870025634765625,1572600
2022-09-13,62.560001373291016,63.310001373291016,61.310001373291016,61.68000030517578,60.71431350708008,3225200
2022-09-14,62.16999816894531,63.970001220703125,62.15999984741211,63.439998626708984,62.446754455566406,3735100
2022-09-15,62.279998779296875,63.619998931884766,62.06999969482422,62.459999084472656,61.48210144042969,2628800
2022-09-16,62.06999969482422,62.209999084472656,59.5,60.220001220703125,59.27717208862305,5467300
2022-09-19,58.75,60.900001525878906,58.72999954223633,60.900001525878906,59.94652557373047,1851900
2022-09-20,60.540000915527344,60.599998474121094,59.060001373291016,59.70000076293945,58.76531219482422,1999400
2022-09-21,60.709999084472656,60.790000915527344,58.41999816894531,58.43000030517578,57.51519775390625,2874500
2022-09-22,59.09000015258789,59.130001068115234,57.59000015258789,57.619998931884766,56.71787643432617,2168900
2022-09-23,55.720001220703125,55.7599983215332,51.880001068115234,52.7599983215332,51.93396759033203,4643700
2022-09-26,52.439998626708984,52.7599983215332,50.5,50.58000183105469,49.78810119628906,3765800
2022-09-27,51.59000015258789,52.36000061035156,50.560001373291016,50.97999954223633,50.18183517456055,3008300
2022-09-28,51.400001525878906,53.130001068115234,50.88999938964844,52.939998626708984,52.111148834228516,3812400
2022-09-29,52.439998626708984,52.439998626708984,50.75,51.97999954223633,51.16617965698242,3203500
2022-09-30,51.81999969482422,52.27000045776367,51.029998779296875,51.2400016784668,50.437767028808594,3877200
2022-10-03,52.95000076293945,53.849998474121094,52.720001220703125,53.54999923706055,52.71159744262695,2579100
2022-10-04,54.56999969482422,56.380001068115234,54.34000015258789,56.31999969482422,55.438232421875,2758500
2022-10-05,55.810001373291016,56.959999084472656,55.04999923706055,56.52000045776367,55.635101318359375,2367200
2022-10-06,55.97999954223633,57.290000915527344,55.38999938964844,55.630001068115234,54.759033203125,2246000
2022-10-07,55.529998779296875,55.63999938964844,53.95000076293945,54.529998779296875,53.67625427246094,3595600
2022-10-10,54.43000030517578,55.4900016784668,53.18000030517578,53.290000915527344,52.45566940307617,1921800
2022-10-11,52.65999984741211,54.43000030517578,52.61000061035156,53.59000015258789,52.750972747802734,2358100
2022-10-12,53.08000183105469,53.75,52.470001220703125,53.459999084472656,52.623008728027344,1683800
2022-10-13,52.880001068115234,55.900001525878906,52.619998931884766,55.68000030517578,54.808250427246094,2243700
2022-10-14,55.40999984741211,56.08000183105469,53.7400016784668,54.06999969482422,53.22345733642578,2710600
2022-10-17,54.72999954223633,55.439998626708984,54.599998474121094,54.79999923706055,53.9420280456543,2576200
2022-10-18,55.56999969482422,56.380001068115234,54.880001068115234,55.66999816894531,54.798404693603516,2224700
2022-10-19,55.459999084472656,56.06999969482422,54.939998626708984,55.13999938964844,54.27670669555664,2938300
2022-10-20,55.119998931884766,55.900001525878906,54.4900016784668,55.06999969482422,54.207801818847656,2697500
2022-10-21,55.43000030517578,56.72999954223633,54.75,56.599998474121094,55.713844299316406,2343400
2022-10-24,56.959999084472656,57.0,55.939998626708984,56.310001373291016,55.42839050292969,2228300
2022-10-25,56.150001525878906,57.650001525878906,55.880001068115234,57.59000015258789,56.68834686279297,1930600
2022-10-26,57.88999938964844,58.869998931884766,57.72999954223633,58.439998626708984,57.52503967285156,2663300
2022-10-27,59.41999816894531,59.630001068115234,58.709999084472656,58.900001525878906,57.977840423583984,2454700
2022-10-28,59.470001220703125,59.77000045776367,58.16999816894531,59.720001220703125,58.78499984741211,2544000
2022-10-31,58.560001373291016,59.63999938964844,58.310001373291016,59.31999969482422,59.31999969482422,2481000
2022-11-01,60.0,60.470001220703125,59.689998626708984,60.060001373291016,60.060001373291016,2505000
2022-11-02,60.25,61.20000076293945,58.91999816894531,59.060001373291016,59.060001373291016,3658200
2022-11-03,58.720001220703125,59.720001220703125,57.84000015258789,59.29999923706055,59.29999923706055,2100000
2022-11-04,60.369998931884766,61.04999923706055,59.04999923706055,60.7400016784668,60.7400016784668,2976700
2022-11-07,61.18000030517578,61.880001068115234,60.439998626708984,61.86000061035156,61.86000061035156,2129500
2022-11-08,61.939998626708984,62.900001525878906,61.400001525878906,62.65999984741211,62.65999984741211,2090300
2022-11-09,62.27000045776367,62.349998474121094,60.75,60.86000061035156,60.86000061035156,3000600
2022-11-10,62.5,63.45000076293945,62.02000045776367,63.400001525878906,63.400001525878906,2627200
2022-11-11,64.0999984741211,64.98999786376953,63.619998931884766,64.6500015258789,64.6500015258789,2695700
2022-11-14,64.87000274658203,65.80000305175781,64.31999969482422,64.37999725341797,64.37999725341797,2393600
2022-11-15,64.83999633789062,65.88999938964844,64.37999725341797,65.25,65.25,2267000
2022-11-16,64.73999786376953,65.22000122070312,64.1500015258789,64.70999908447266,64.70999908447266,1586300
2022-11-17,63.709999084472656,63.790000915527344,62.5,63.599998474121094,63.599998474121094,1862000
2022-11-18,63.209999084472656,64.51000213623047,62.75,64.47000122070312,64.47000122070312,3050800
2022-11-21,63.72999954223633,63.810001373291016,61.61000061035156,63.20000076293945,63.20000076293945,2594400
2022-11-22,64.18000030517578,65.62000274658203,63.91999816894531,65.41999816894531,65.41999816894531,4121000
2022-11-23,64.76000213623047,65.91000366210938,64.5199966430664,65.62000274658203,65.62000274658203,1558400
2022-11-25,65.75,66.11000061035156,65.30999755859375,65.41999816894531,65.41999816894531,757200
2022-11-28,64.12000274658203,64.79000091552734,63.68000030517578,63.720001220703125,63.720001220703125,1680400
2022-11-29,64.30000305175781,65.12000274658203,64.08000183105469,64.91000366210938,64.91000366210938,2158700
2022-11-30,65.33000183105469,67.5,64.8499984741211,66.91999816894531,66.91999816894531,6810700
2022-12-01,67.38999938964844,68.16999816894531,66.94999694824219,67.19999694824219,67.19999694824219,2824900
2022-12-02,66.52999877929688,67.55999755859375,66.30000305175781,67.19999694824219,67.19999694824219,1883900
2022-12-05,67.45999908447266,67.58000183105469,64.8499984741211,65.30999755859375,65.30999755859375,2261500
2022-12-06,65.19000244140625,65.8499984741211,63.06999969482422,63.599998474121094,63.599998474121094,2240100
2022-12-07,63.56999969482422,64.5,63.310001373291016,63.849998474121094,63.849998474121094,1793200
2022-12-08,64.76000213623047,65.05999755859375,63.52000045776367,64.12000274658203,64.12000274658203,2397500
2022-12-09,63.720001220703125,64.81999969482422,63.5,63.54999923706055,63.54999923706055,2060500
2022-12-12,63.91999816894531,65.9800033569336,63.810001373291016,65.94999694824219,65.94999694824219,2751900
2022-12-13,67.19999694824219,67.77999877929688,66.13999938964844,66.95999908447266,66.95999908447266,2993200
2022-12-14,67.08000183105469,67.5199966430664,66.27999877929688,66.58999633789062,66.58999633789062,2410600
2022-12-15,65.9000015258789,65.9000015258789,64.19999694824219,64.68000030517578,64.68000030517578,2176900
2022-12-16,63.77000045776367,64.81999969482422,63.16999816894531,64.48999786376953,64.48999786376953,5863800
2022-12-19,64.75,65.0999984741211,63.029998779296875,63.369998931884766,63.369998931884766,2117000
2022-12-20,63.29999923706055,63.849998474121094,62.95000076293945,63.5,63.5,2952100
2022-12-21,64.4000015258789,65.33000183105469,64.05000305175781,65.01000213623047,65.01000213623047,2099300
2022-12-22,64.63999938964844,64.79000091552734,62.66999816894531,64.11000061035156,64.11000061035156,1973700
2022-12-23,64.36000061035156,65.58000183105469,64.29000091552734,65.55999755859375,65.55999755859375,1419800
2022-12-27,65.77999877929688,66.33999633789062,65.43000030517578,66.08999633789062,66.08999633789062,1566700
2022-12-28,66.0199966430664,66.08999633789062,64.31999969482422,64.51000213623047,64.51000213623047,1298700
2022-12-29,64.44999694824219,66.33000183105469,64.2300033569336,65.94999694824219,65.94999694824219,1276400
2022-12-30,65.55000305175781,65.93000030517578,65.20999908447266,65.69999694824219,65.69999694824219,1921600
2023-01-03,65.63999938964844,65.91999816894531,63.2599983215332,63.939998626708984,63.939998626708984,2847900
2023-01-04,63.34000015258789,64.93000030517578,63.2400016784668,64.44000244140625,64.44000244140625,2833900
2023-01-05,64.05000305175781,65.2300033569336,63.7599983215332,64.83000183105469,64.83000183105469,2319100
2023-01-06,65.75,67.0199966430664,65.62999725341797,66.56999969482422,66.56999969482422,1968700
2023-01-09,67.41000366210938,68.04000091552734,67.02999877929688,67.69000244140625,67.69000244140625,2321500
2023-01-10,68.33999633789062,69.37999725341797,67.45999908447266,69.30999755859375,69.30999755859375,2697000
2023-01-11,69.70999908447266,70.23999786376953,69.08999633789062,70.08999633789062,70.08999633789062,2565200
2023-01-12,70.43000030517578,71.38999938964844,69.94000244140625,70.93000030517578,70.93000030517578,2537300
2023-01-13,70.70999908447266,70.94000244140625,70.19999694824219,70.83000183105469,70.83000183105469,1598300
