Date,Open,High,Low,Close,Adj Close,Volume
2022-01-18,95.76000213623047,96.62999725341797,94.7300033569336,95.97000122070312,91.9815902709961,1809500
2022-01-19,96.29000091552734,96.29000091552734,93.97000122070312,94.16000366210938,90.24681091308594,1440400
2022-01-20,94.27999877929688,94.56999969482422,92.12000274658203,92.30000305175781,88.464111328125,1381700
2022-01-21,92.52999877929688,93.2300033569336,91.37000274658203,91.55999755859375,87.75485229492188,1822700
2022-01-24,90.54000091552734,91.70999908447266,88.69999694824219,91.1500015258789,87.36189270019531,3580200
2022-01-25,91.54000091552734,96.0,87.63999938964844,93.94999694824219,90.04553985595703,4805200
2022-01-26,95.13999938964844,97.55999755859375,92.73999786376953,93.87999725341797,89.97843933105469,2766500
2022-01-27,94.20999908447266,95.69000244140625,92.41000366210938,93.22000122070312,89.34588623046875,1856600
2022-01-28,92.8499984741211,93.70999908447266,91.30000305175781,93.66000366210938,89.76759338378906,1850800
2022-01-31,92.97000122070312,93.19999694824219,91.55999755859375,92.98999786376953,89.12542724609375,1930900
2022-02-01,92.81999969482422,95.45999908447266,92.12999725341797,95.33000183105469,91.3681869506836,1962000
2022-02-02,94.6500015258789,96.30000305175781,93.95999908447266,96.08999633789062,92.09658813476562,1985300
2022-02-03,96.01000213623047,96.58999633789062,94.58000183105469,94.83999633789062,90.89855194091797,2010800
2022-02-04,94.37000274658203,95.2699966430664,92.81999969482422,94.52999877929688,90.60142517089844,1349800
2022-02-07,94.52999877929688,94.94000244140625,93.51000213623047,94.30000305175781,90.70724487304688,1243300
2022-02-08,95.0,95.19000244140625,93.0,93.66000366210938,90.09162902832031,1787500
2022-02-09,94.58000183105469,94.98999786376953,93.81999969482422,94.68000030517578,91.07276916503906,1381200
2022-02-10,93.88999938964844,95.0,92.4800033569336,92.98999786376953,89.4471435546875,1485800
2022-02-11,93.08000183105469,94.69000244140625,92.30999755859375,92.80999755859375,89.27400207519531,1326800
2022-02-14,93.0,93.58000183105469,91.97000122070312,92.9800033569336,89.4375228881836,1211300
2022-02-15,93.77999877929688,95.27999877929688,93.37999725341797,94.31999969482422,90.72647857666016,1640200
2022-02-16,94.19000244140625,95.3499984741211,93.22000122070312,94.9800033569336,91.36133575439453,1423400
2022-02-17,94.51000213623047,95.38999938964844,93.41999816894531,93.63999938964844,90.0723876953125,1611500
2022-02-18,93.4000015258789,94.83999633789062,93.16999816894531,93.80999755859375,90.23590850830078,1502000
2022-02-22,93.93000030517578,94.83000183105469,92.98999786376953,93.61000061035156,90.04352569580078,1493800
2022-02-23,93.86000061035156,94.0199966430664,91.18000030517578,91.27999877929688,87.80229187011719,1577300
2022-02-24,90.7699966430664,92.25,89.43000030517578,91.94999694824219,88.44676971435547,2270300
2022-02-25,92.44999694824219,93.1500015258789,91.12000274658203,91.70999908447266,88.21591186523438,2019600
2022-02-28,90.45999908447266,92.12999725341797,90.19999694824219,91.80999755859375,88.31209564208984,1653800
2022-03-01,91.48999786376953,91.91999816894531,88.4800033569336,89.29000091552734,85.88811492919922,1936600
2022-03-02,89.81999969482422,92.16999816894531,89.52999877929688,91.63999938964844,88.1485824584961,2322100
2022-03-03,91.94999694824219,92.69999694824219,90.6500015258789,91.66000366210938,88.1678237915039,1556500
2022-03-04,90.94000244140625,90.94000244140625,87.04000091552734,87.94999694824219,84.59915924072266,2729600
2022-03-07,87.79000091552734,87.93000030517578,82.97000122070312,83.19000244140625,80.0205307006836,2468000
2022-03-08,83.80999755859375,86.43000030517578,83.27999877929688,83.51000213623047,80.32833099365234,2582500
2022-03-09,85.12000274658203,88.29000091552734,84.81999969482422,87.31999969482422,83.99317169189453,2786400
2022-03-10,85.7300033569336,86.55000305175781,84.7699966430664,86.1500015258789,82.86775207519531,1738700
2022-03-11,86.69000244140625,87.6500015258789,85.37999725341797,85.55999755859375,82.30023193359375,1367500
2022-03-14,86.55999755859375,87.8499984741211,86.26000213623047,87.16000366210938,83.83926391601562,2121300
2022-03-15,87.77999877929688,88.37999725341797,86.62999725341797,87.66999816894531,84.32982635498047,1514400
2022-03-16,88.33999633789062,90.98999786376953,88.0999984741211,90.30999755859375,86.86924743652344,1960400
2022-03-17,88.95999908447266,91.37999725341797,88.55000305175781,90.2699966430664,86.83077239990234,1862800
2022-03-18,89.51000213623047,89.68000030517578,87.30000305175781,88.66999816894531,85.29174041748047,3201200
2022-03-21,88.76000213623047,89.62999725341797,87.5199966430664,88.72000122070312,85.33983612060547,1486300
2022-03-22,89.26000213623047,90.13999938964844,88.68000030517578,89.16000366210938,85.76306915283203,1297000
2022-03-23,88.70999908447266,89.06999969482422,87.72000122070312,87.93000030517578,84.5799331665039,1446000
2022-03-24,88.0,90.0,87.47000122070312,88.94999694824219,85.56106567382812,1438900
2022-03-25,88.88999938964844,89.54000091552734,88.20999908447266,88.97000122070312,85.58030700683594,756200
2022-03-28,88.66000366210938,89.41999816894531,87.47000122070312,89.30000305175781,85.89773559570312,1176400
2022-03-29,89.31999969482422,91.25,89.31999969482422,90.94999694824219,87.48487091064453,1508100
2022-03-30,90.93000030517578,90.93000030517578,88.81999969482422,89.4000015258789,85.99393463134766,1255600
2022-03-31,89.62999725341797,89.66000366210938,88.02999877929688,88.06999969482422,84.714599609375,1997500
2022-04-01,88.58999633789062,89.16000366210938,84.44999694824219,85.22000122070312,81.97318267822266,1980100
2022-04-04,84.54000091552734,85.18000030517578,81.98999786376953,84.51000213623047,81.29022979736328,2329200
2022-04-05,82.80999755859375,83.7300033569336,81.83000183105469,82.83999633789062,79.68385314941406,2729100
2022-04-06,82.45999908447266,83.70999908447266,81.80000305175781,83.4800033569336,80.29948425292969,1990400
2022-04-07,83.08000183105469,83.86000061035156,82.29000091552734,83.2699966430664,80.09746551513672,1732100
2022-04-08,83.4000015258789,83.77999877929688,82.69000244140625,83.05000305175781,79.8858642578125,1657700
2022-04-11,82.91999816894531,85.0199966430664,82.5,82.58000183105469,79.43376159667969,1577000
2022-04-12,82.20999908447266,83.73999786376953,82.02999877929688,82.41000366210938,79.2702407836914,1790500
2022-04-13,82.31999969482422,83.37000274658203,82.19999694824219,83.23999786376953,80.06861114501953,1397800
2022-04-14,83.33999633789062,84.30000305175781,83.19999694824219,83.70999908447266,80.52070617675781,4479200
2022-04-18,83.19999694824219,84.37999725341797,83.13999938964844,83.83999633789062,80.645751953125,1359900
2022-04-19,84.0,86.12999725341797,83.7300033569336,85.9000015258789,82.62727355957031,1238600
2022-04-20,86.75,87.91000366210938,86.75,87.5999984741211,84.26248931884766,1324600
2022-04-21,88.08000183105469,89.08999633789062,87.66999816894531,88.0999984741211,84.74345397949219,1410600
2022-04-22,87.16000366210938,87.58999633789062,85.55000305175781,85.69000244140625,82.42527770996094,1639500
2022-04-25,85.36000061035156,86.62999725341797,83.43000030517578,86.3499984741211,83.06012725830078,2752200
2022-04-26,86.0,88.13999938964844,82.27999877929688,83.81999969482422,80.62651824951172,2955300
2022-04-27,84.44999694824219,85.6500015258789,83.52999877929688,84.33999633789062,81.12669372558594,2000600
2022-04-28,84.91000366210938,85.61000061035156,83.52999877929688,85.05999755859375,81.81927490234375,1997400
2022-04-29,84.5,85.83999633789062,82.83999633789062,83.05000305175781,79.8858642578125,1874700
2022-05-02,83.47000122070312,84.80000305175781,82.48999786376953,84.01000213623047,80.80928039550781,1771600
2022-05-03,84.37000274658203,86.27999877929688,84.23999786376953,85.08000183105469,81.83850860595703,1541100
2022-05-04,85.30000305175781,88.25,84.7699966430664,88.01000213623047,84.6568832397461,1800800
2022-05-05,87.0,87.25,84.23999786376953,85.19999694824219,81.95394134521484,1854700
2022-05-06,85.01000213623047,85.27999877929688,82.87999725341797,84.5,81.28060150146484,1405400
2022-05-09,83.80000305175781,85.94999694824219,83.52999877929688,85.3499984741211,82.09822845458984,2228400
2022-05-10,86.66999816894531,86.68000030517578,83.2699966430664,83.75,80.88138580322266,1691000
2022-05-11,83.3499984741211,84.5999984741211,82.33000183105469,82.61000061035156,79.78043365478516,1712900
2022-05-12,82.43000030517578,83.72000122070312,81.97000122070312,83.48999786376953,80.63028717041016,1168000
2022-05-13,83.80000305175781,84.77999877929688,83.26000213623047,83.75,80.88138580322266,1457200
2022-05-16,84.04000091552734,84.04000091552734,81.93000030517578,83.27999877929688,80.42748260498047,1558800
2022-05-17,84.51000213623047,85.30999755859375,83.80000305175781,85.0999984741211,82.18514251708984,1572200
2022-05-18,84.7300033569336,84.9000015258789,81.01000213623047,81.16999816894531,78.3897476196289,2467700
2022-05-19,80.44000244140625,82.47000122070312,79.68000030517578,81.41999816894531,78.63119506835938,1590600
2022-05-20,81.43000030517578,81.83999633789062,78.18000030517578,79.80999755859375,77.07633209228516,1663300
2022-05-23,80.94999694824219,82.80000305175781,80.86000061035156,81.86000061035156,79.05612182617188,1884400
2022-05-24,81.58000183105469,82.38999938964844,80.55999755859375,82.23999786376953,79.42310333251953,1631400
2022-05-25,82.27999877929688,83.86000061035156,81.95999908447266,83.5199966430664,80.65926361083984,1738300
2022-05-26,84.0,85.05000305175781,83.79000091552734,84.13999938964844,81.25802612304688,2069800
2022-05-27,85.06999969482422,85.87000274658203,84.91999816894531,85.66999816894531,82.7356185913086,2347300
2022-05-31,85.47000122070312,87.5999984741211,84.36000061035156,86.83999633789062,83.86554718017578,3783300
2022-06-01,87.05999755859375,88.87999725341797,85.5,88.54000091552734,85.50731658935547,2661900
2022-06-02,89.02999877929688,89.5999984741211,87.68000030517578,88.94999694824219,85.90326690673828,1690900
2022-06-03,88.51000213623047,88.76000213623047,87.76000213623047,88.29000091552734,85.26588439941406,1903300
2022-06-06,89.0,89.29000091552734,88.4800033569336,88.63999938964844,85.60389709472656,1674500
2022-06-07,88.33999633789062,89.38999938964844,86.87000274658203,88.9800033569336,85.9322509765625,2783400
2022-06-08,88.5999984741211,89.83999633789062,88.12999725341797,89.37999725341797,86.31854248046875,2977200
2022-06-09,89.11000061035156,89.87999725341797,88.0,88.02999877929688,85.01477813720703,1491100
2022-06-10,86.91999816894531,86.94999694824219,84.91999816894531,85.0999984741211,82.18514251708984,1739600
2022-06-13,83.6500015258789,84.54000091552734,82.55000305175781,82.9800033569336,80.13776397705078,1917400
2022-06-14,83.58000183105469,84.77999877929688,83.02999877929688,84.16000366210938,81.27734375,1700800
2022-06-15,84.98999786376953,86.94999694824219,84.58000183105469,85.8499984741211,82.9094467163086,2539600
2022-06-16,84.58999633789062,84.76000213623047,81.0,81.56999969482422,78.77605438232422,1793500
2022-06-17,81.5199966430664,82.41999816894531,80.55999755859375,81.91999816894531,79.11406707763672,2863100
2022-06-21,83.95999908447266,84.69999694824219,82.66999816894531,84.51000213623047,81.6153564453125,1359700
2022-06-22,83.4800033569336,84.20999908447266,82.83000183105469,83.56999969482422,80.70755004882812,1425100
2022-06-23,83.76000213623047,84.12000274658203,80.79000091552734,81.58000183105469,78.78570556640625,1969800
2022-06-24,82.18000030517578,84.52999877929688,82.02999877929688,84.20999908447266,81.32563018798828,2220700
2022-06-27,84.73999786376953,85.0199966430664,83.19999694824219,83.81999969482422,80.94898986816406,1468000
2022-06-28,84.05000305175781,85.5,83.12999725341797,83.20999908447266,80.35987854003906,1259300
2022-06-29,83.37999725341797,83.56999969482422,82.16999816894531,83.12999725341797,80.28262329101562,1245700
2022-06-30,82.18000030517578,83.5,81.30000305175781,82.33999633789062,79.5196762084961,1894800
2022-07-01,82.2300033569336,83.41000366210938,81.37999725341797,82.88999938964844,80.05083465576172,1129100
2022-07-05,81.19999694824219,81.93000030517578,80.02999877929688,81.86000061035156,79.05612182617188,1671000
2022-07-06,81.86000061035156,82.05999755859375,80.41000366210938,81.31999969482422,78.53461456298828,1234500
2022-07-07,81.66999816894531,83.44999694824219,81.5,82.23999786376953,79.42310333251953,1572300
2022-07-08,82.55999755859375,82.55999755859375,80.41000366210938,81.06999969482422,78.29318237304688,1515600
2022-07-11,79.55999755859375,80.26000213623047,79.06999969482422,79.29000091552734,76.57415008544922,2230300
2022-07-12,79.33000183105469,81.5,79.12000274658203,80.31999969482422,77.5688705444336,1669600
2022-07-13,78.80000305175781,81.08999633789062,78.80000305175781,79.31999969482422,76.60311889648438,1912000
2022-07-14,78.12999725341797,79.18000030517578,77.0,79.08000183105469,76.37134552001953,1911800
2022-07-15,80.06999969482422,80.44999694824219,78.88999938964844,80.05000305175781,77.30811309814453,6313600
2022-07-18,80.5999984741211,81.37999725341797,79.86000061035156,80.30999755859375,77.55921173095703,1453300
2022-07-19,81.18000030517578,84.2300033569336,81.18000030517578,84.04000091552734,81.16145324707031,2464500
2022-07-20,83.23999786376953,84.98999786376953,83.1500015258789,84.33999633789062,81.451171875,1480300
2022-07-21,84.01000213623047,85.05000305175781,83.66999816894531,84.5,81.6056900024414,1096700
2022-07-22,84.87999725341797,85.19999694824219,84.2300033569336,84.7300033569336,81.82781982421875,1225600
2022-07-25,84.55999755859375,86.25,84.55999755859375,86.02999877929688,83.08329010009766,1732200
2022-07-26,87.5,88.01000213623047,83.93000030517578,86.97000122070312,83.99109649658203,3440500
2022-07-27,87.33999633789062,89.44999694824219,86.7699966430664,89.06999969482422,86.0191650390625,1911100
2022-07-28,89.3499984741211,91.0199966430664,88.8499984741211,90.9800033569336,87.8637466430664,1624900
2022-07-29,90.87000274658203,91.83000183105469,90.18000030517578,91.5199966430664,88.38524627685547,1763700
2022-08-01,91.06999969482422,91.69999694824219,90.29000091552734,90.83000183105469,87.71887969970703,1533400
2022-08-02,89.77999877929688,91.3499984741211,89.7300033569336,90.2300033569336,87.13944244384766,1427300
2022-08-03,90.69000244140625,91.08999633789062,89.80999755859375,90.83999633789062,87.72853088378906,1516400
2022-08-04,91.08999633789062,91.1500015258789,90.43000030517578,90.87999725341797,87.76715850830078,2179900
2022-08-05,90.06999969482422,91.20999908447266,89.62000274658203,91.12999725341797,88.00860595703125,864900
2022-08-08,91.86000061035156,92.54000091552734,91.23999786376953,91.58999633789062,88.45285034179688,1113100
2022-08-09,91.58000183105469,91.94000244140625,90.98999786376953,91.37000274658203,88.24038696289062,901500
2022-08-10,92.91999816894531,93.31999969482422,92.58999633789062,93.25,90.05599212646484,2281700
2022-08-11,93.19999694824219,94.18000030517578,92.58999633789062,93.0,89.8145523071289,1949200
2022-08-12,93.75,93.83999633789062,92.97000122070312,93.7300033569336,90.51956176757812,1508500
2022-08-15,93.4000015258789,95.0999984741211,93.4000015258789,94.23999786376953,91.01207733154297,1363000
2022-08-16,93.75,95.12999725341797,93.48999786376953,94.77999877929688,91.8650131225586,1026100
2022-08-17,93.6500015258789,94.19000244140625,93.43000030517578,93.5199966430664,90.64376831054688,1242700
2022-08-18,93.68000030517578,94.33999633789062,93.4000015258789,94.22000122070312,91.3222427368164,1185400
2022-08-19,93.44999694824219,93.63999938964844,92.80000305175781,93.02999877929688,90.16883087158203,1266300
2022-08-22,92.19000244140625,92.19000244140625,90.31999969482422,90.4800033569336,87.697265625,2564600
2022-08-23,90.62000274658203,91.55000305175781,90.37999725341797,90.62999725341797,87.8426513671875,1719600
2022-08-24,90.87999725341797,91.61000061035156,89.91999816894531,91.48999786376953,88.67620086669922,1766300
2022-08-25,91.75,92.4800033569336,91.44000244140625,92.44999694824219,89.6066665649414,1673000
2022-08-26,92.44999694824219,92.98999786376953,89.83000183105469,89.97000122070312,87.20294952392578,1765300
2022-08-29,89.30000305175781,89.69000244140625,88.76000213623047,88.87999725341797,86.14646911621094,1392400
2022-08-30,88.62999725341797,88.91000366210938,87.19999694824219,88.05000305175781,85.34200286865234,1194700
2022-08-31,87.26000213623047,88.29000091552734,86.9800033569336,87.51000213623047,84.81861114501953,1565800
2022-09-01,86.9800033569336,87.54000091552734,86.63999938964844,87.47000122070312,84.77983856201172,1052900
2022-09-02,88.18000030517578,88.7699966430664,86.20999908447266,86.47000122070312,83.81059265136719,1050100
2022-09-06,86.4800033569336,87.30000305175781,85.95999908447266,86.83000183105469,84.1595230102539,1307200
2022-09-07,86.69999694824219,88.88999938964844,86.12999725341797,88.56999969482422,85.84600830078125,1694100
2022-09-08,87.63999938964844,87.63999938964844,84.7300033569336,86.33000183105469,83.6749038696289,2660100
2022-09-09,88.19999694824219,89.47000122070312,88.0199966430664,88.4800033569336,85.75878143310547,2288700
2022-09-12,88.73999786376953,89.7300033569336,88.4800033569336,89.43000030517578,86.67955780029297,1377500
2022-09-13,88.13999938964844,88.33000183105469,85.63999938964844,86.05999755859375,83.41320037841797,2064700
2022-09-14,86.16000366210938,86.69999694824219,85.56999969482422,86.38999938964844,83.73304748535156,1670500
2022-09-15,86.37999725341797,87.19999694824219,85.16999816894531,85.63999938964844,83.00611877441406,2117500
2022-09-16,84.86000061035156,85.66999816894531,83.88999938964844,85.13999938964844,82.52149200439453,2980900
2022-09-19,84.62999725341797,87.31999969482422,84.62999725341797,87.29000091552734,84.60537719726562,1499000
2022-09-20,86.66000366210938,86.88999938964844,85.62999725341797,86.54000091552734,83.8784408569336,1380600
2022-09-21,87.01000213623047,87.70999908447266,85.45999908447266,85.45999908447266,82.83165740966797,1313500
2022-09-22,85.48999786376953,86.08000183105469,84.4800033569336,84.9000015258789,82.28887939453125,1233800
2022-09-23,84.16000366210938,84.31999969482422,82.58000183105469,83.80999755859375,81.2323989868164,1778300
2022-09-26,83.44000244140625,84.70999908447266,82.9800033569336,83.0,80.44731140136719,1892700
2022-09-27,83.48999786376953,83.93000030517578,81.95999908447266,82.95999908447266,80.40853881835938,1610800
2022-09-28,83.56999969482422,85.68000030517578,83.2300033569336,85.33000183105469,82.70565032958984,1815500
2022-09-29,84.87000274658203,84.95999908447266,83.37000274658203,84.87000274658203,82.25980377197266,2109700
2022-09-30,85.06999969482422,85.5199966430664,83.5999984741211,83.69000244140625,81.1160888671875,2107800
2022-10-03,84.80999755859375,86.9800033569336,84.38999938964844,86.4800033569336,83.8202896118164,1752900
2022-10-04,87.62000274658203,90.13999938964844,87.5199966430664,89.91000366210938,87.1447982788086,2612700
2022-10-05,89.4800033569336,91.62000274658203,88.63999938964844,90.91000366210938,88.11404418945312,2309600
2022-10-06,90.6500015258789,92.05999755859375,89.66999816894531,89.69999694824219,86.94124603271484,1833900
2022-10-07,88.76000213623047,89.08999633789062,87.47000122070312,87.68000030517578,84.98338317871094,1878600
2022-10-10,88.51000213623047,88.7699966430664,87.20999908447266,87.87999725341797,85.1772232055664,1142600
2022-10-11,87.7699966430664,90.26000213623047,87.55000305175781,89.06999969482422,86.33062744140625,1653400
2022-10-12,89.73999786376953,90.2699966430664,88.51000213623047,88.55000305175781,85.82662963867188,1344300
2022-10-13,87.08000183105469,90.62999725341797,86.5,90.23999786376953,87.46464538574219,1711800
2022-10-14,90.08000183105469,90.33999633789062,87.88999938964844,88.2699966430664,85.55522918701172,1586700
2022-10-17,90.05999755859375,90.52999877929688,88.55000305175781,88.8499984741211,86.11739349365234,1962900
2022-10-18,90.41999816894531,91.41000366210938,89.2699966430664,90.69999694824219,87.91049194335938,1644100
2022-10-19,90.61000061035156,91.58999633789062,90.02999877929688,90.73999786376953,87.94927215576172,1538700
2022-10-20,91.0,91.0,87.31999969482422,87.56999969482422,84.87676239013672,1833300
2022-10-21,87.80000305175781,90.63999938964844,87.69999694824219,90.16999816894531,87.39679718017578,2092500
2022-10-24,91.08999633789062,92.25,90.86000061035156,92.0199966430664,89.18990325927734,2215100
2022-10-25,94.9000015258789,94.98999786376953,89.69999694824219,91.73999786376953,88.91851043701172,3208200
2022-10-26,93.44000244140625,94.0,91.83000183105469,92.80000305175781,89.94591522216797,3958300
2022-10-27,93.5999984741211,95.0,92.83000183105469,94.12999725341797,91.23500061035156,2346500
2022-10-28,94.52999877929688,96.51000213623047,94.12000274658203,96.30000305175781,93.33827209472656,2093900
2022-10-31,95.55000305175781,97.12000274658203,95.30000305175781,96.83000183105469,93.85197448730469,2189800
2022-11-01,97.19000244140625,97.55000305175781,95.5999984741211,96.94999694824219,93.96827697753906,1592500
2022-11-02,96.45999908447266,98.88999938964844,95.4800033569336,95.69999694824219,92.75672149658203,2014400
2022-11-03,94.77999877929688,97.91000366210938,93.86000061035156,96.9800033569336,93.99736022949219,2612700
2022-11-04,98.4800033569336,99.6500015258789,98.20999908447266,99.12000274658203,96.07154083251953,2404800
2022-11-07,99.56999969482422,99.88999938964844,98.51000213623047,99.13999938964844,96.09092712402344,2225600
2022-11-08,99.30999755859375,101.06999969482422,98.94999694824219,100.55000305175781,97.45755767822266,2442000
2022-11-09,99.66999816894531,101.51000213623047,99.37999725341797,99.76000213623047,96.69185638427734,3038300
2022-11-10,102.70999908447266,102.83000183105469,100.33000183105469,101.91000366210938,98.7757339477539,3045900
2022-11-11,101.91000366210938,103.1500015258789,101.52999877929688,102.62000274658203,99.46389770507812,2378600
2022-11-14,102.30999755859375,103.87999725341797,101.41999816894531,102.33999633789062,99.55143737792969,1683800
2022-11-15,102.95999908447266,103.91000366210938,101.91000366210938,102.77999877929688,99.97945404052734,1808600
2022-11-16,102.77999877929688,104.58999633789062,102.38999938964844,103.4000015258789,100.58256530761719,2282500
2022-11-17,100.91999816894531,103.58000183105469,100.63999938964844,103.51000213623047,100.68956756591797,2089700
2022-11-18,104.61000061035156,104.97000122070312,103.33000183105469,103.87000274658203,101.03975677490234,3114900
2022-11-21,103.93000030517578,104.83000183105469,103.68000030517578,104.36000061035156,101.51640319824219,1363100
2022-11-22,104.61000061035156,106.25,104.5,106.0199966430664,103.13116455078125,1951600
2022-11-23,106.2300033569336,107.18000030517578,105.1500015258789,105.88999938964844,103.00471496582031,1846000
2022-11-25,106.05999755859375,106.19999694824219,104.94000244140625,105.02999877929688,102.16814422607422,673400
2022-11-28,104.69999694824219,104.94000244140625,103.06999969482422,103.61000061035156,100.7868423461914,1885800
2022-11-29,103.7699966430664,104.94999694824219,103.56999969482422,104.26000213623047,101.41912841796875,1656800
2022-11-30,104.16000366210938,106.41000366210938,103.41000366210938,105.91000366210938,103.024169921875,3059100
2022-12-01,106.12000274658203,106.79000091552734,105.55000305175781,105.94999694824219,103.06307220458984,1846500
2022-12-02,104.41000366210938,106.11000061035156,104.06999969482422,105.79000091552734,102.90744018554688,2040300
2022-12-05,105.05999755859375,105.06999969482422,103.18000030517578,103.36000061035156,100.54364776611328,1552200
2022-12-06,103.52999877929688,104.0999984741211,102.86000061035156,103.66999816894531,100.84519958496094,2313500
2022-12-07,103.94999694824219,105.2300033569336,103.9000015258789,104.48999786376953,101.64286041259766,1994100
2022-12-08,104.72000122070312,105.5199966430664,103.13999938964844,103.61000061035156,100.7868423461914,1564900
2022-12-09,103.80000305175781,104.0199966430664,101.04000091552734,101.26000213623047,98.50086975097656,3092000
2022-12-12,101.76000213623047,103.37999725341797,100.86000061035156,102.95999908447266,100.15454864501953,2099300
2022-12-13,105.41999816894531,105.62000274658203,100.70999908447266,102.22000122070312,99.4347152709961,2664900
2022-12-14,104.62999725341797,105.47000122070312,102.20999908447266,102.76000213623047,99.95999908447266,2386700
2022-12-15,99.9800033569336,99.9800033569336,97.45999908447266,97.93000030517578,97.93000030517578,2781900
2022-12-16,97.08000183105469,98.69000244140625,96.48999786376953,98.2300033569336,98.2300033569336,4948800
2022-12-19,98.2699966430664,99.97000122070312,98.2699966430664,99.11000061035156,99.11000061035156,1989500
2022-12-20,99.3499984741211,100.30999755859375,98.94999694824219,99.41000366210938,99.41000366210938,2167000
2022-12-21,100.12999725341797,101.44999694824219,99.91000366210938,101.04000091552734,101.04000091552734,1690300
2022-12-22,100.69999694824219,100.9800033569336,98.44999694824219,99.81999969482422,99.81999969482422,2570600
2022-12-23,99.7699966430664,101.08999633789062,99.30000305175781,100.55000305175781,100.55000305175781,1537100
2022-12-27,100.73999786376953,101.16000366210938,100.06999969482422,100.31999969482422,100.31999969482422,1040100
2022-12-28,100.69999694824219,100.83000183105469,99.16000366210938,99.25,99.25,1022800
2022-12-29,99.86000061035156,99.98999786376953,98.3499984741211,98.58999633789062,98.58999633789062,1374400
2022-12-30,97.98999786376953,99.31999969482422,97.5999984741211,98.97000122070312,98.97000122070312,1261500
2023-01-03,98.87999725341797,99.2300033569336,97.66999816894531,98.43000030517578,98.43000030517578,1974200
2023-01-04,99.06999969482422,99.3499984741211,97.7699966430664,98.20999908447266,98.20999908447266,1766300
2023-01-05,97.93000030517578,98.23999786376953,96.95999908447266,97.77999877929688,97.77999877929688,1742300
2023-01-06,98.48999786376953,100.61000061035156,98.48999786376953,100.31999969482422,100.31999969482422,1594800
2023-01-09,100.26000213623047,101.16999816894531,99.52999877929688,99.79000091552734,99.79000091552734,1807000
2023-01-10,98.76000213623047,100.52999877929688,98.27999877929688,100.48999786376953,100.48999786376953,1838800
2023-01-11,100.58999633789062,101.13999938964844,99.43000030517578,101.05999755859375,101.05999755859375,2252200
2023-01-12,100.47000122070312,101.9000015258789,100.2699966430664,101.38999938964844,101.38999938964844,1938400
2023-01-13,100.87999725341797,102.77999877929688,100.55999755859375,102.66999816894531,102.66999816894531,1702800
