Date,Open,High,Low,Close,Adj Close,Volume
2022-01-18,105.05000305175781,106.44000244140625,104.06999969482422,105.5999984741211,105.36563110351562,1089200
2022-01-19,106.2699966430664,107.3499984741211,102.0999984741211,102.16000366210938,101.93326568603516,1148100
2022-01-20,102.48999786376953,104.0999984741211,99.72000122070312,99.9800033569336,99.75811004638672,1145100
2022-01-21,99.9800033569336,100.55999755859375,97.86000061035156,98.2699966430664,98.0519027709961,3039000
2022-01-24,95.75,99.66000366210938,93.91000366210938,99.4800033569336,99.25921630859375,1840200
2022-01-25,97.87000274658203,98.16999816894531,95.37000274658203,97.05999755859375,96.84458923339844,1456600
2022-01-26,99.0,101.25,95.94000244140625,97.05999755859375,96.84458923339844,1095100
2022-01-27,97.94000244140625,99.69999694824219,96.44000244140625,96.88999938964844,96.67496490478516,1165900
2022-01-28,96.87999725341797,98.55000305175781,94.91000366210938,98.5,98.2813949584961,939300
2022-01-31,97.55000305175781,102.72000122070312,97.55000305175781,102.72000122070312,102.49202728271484,1471000
2022-02-01,103.08999633789062,104.11000061035156,101.02999877929688,103.12000274658203,102.89114379882812,1054200
2022-02-02,103.30000305175781,104.0,101.47000122070312,103.80999755859375,103.57959747314453,1161600
2022-02-03,102.4800033569336,103.80999755859375,101.30999755859375,101.47000122070312,101.24480438232422,1049900
2022-02-04,101.19000244140625,102.41999816894531,99.91999816894531,99.94999694824219,99.7281723022461,853000
2022-02-07,100.0,100.81999969482422,98.43000030517578,98.87000274658203,98.65057373046875,1241500
2022-02-08,99.25,102.62999725341797,98.97000122070312,102.25,102.0230712890625,1103800
2022-02-09,104.0199966430664,106.41999816894531,104.0199966430664,106.2699966430664,106.03414154052734,999600
2022-02-10,104.0999984741211,106.8499984741211,101.95999908447266,102.87000274658203,102.64169311523438,1325900
2022-02-11,102.81999969482422,103.83000183105469,99.33000183105469,99.91000366210938,99.68826293945312,1394800
2022-02-14,100.04000091552734,101.30999755859375,98.5199966430664,99.45999908447266,99.23926544189453,879500
2022-02-15,101.30000305175781,105.04000091552734,101.30000305175781,104.83999633789062,104.60731506347656,1334700
2022-02-16,103.72000122070312,107.72000122070312,103.20999908447266,106.9800033569336,106.74256896972656,1156100
2022-02-17,105.80999755859375,106.44000244140625,102.69999694824219,102.9800033569336,102.75145721435547,1118900
2022-02-18,102.76000213623047,103.93000030517578,101.83999633789062,102.16999816894531,101.94324493408203,901100
2022-02-22,101.38999938964844,103.30999755859375,100.12000274658203,100.7699966430664,100.54634857177734,1253400
2022-02-23,101.26000213623047,101.66000366210938,97.77999877929688,98.31999969482422,98.1017837524414,1154700
2022-02-24,98.0,109.5,97.0,108.73999786376953,108.49866485595703,2814000
2022-02-25,107.43000030517578,108.9000015258789,104.08999633789062,108.20999908447266,107.96983337402344,2063600
2022-02-28,106.83999633789062,109.98999786376953,106.12000274658203,108.94000244140625,108.6982192993164,1398800
2022-03-01,109.5199966430664,111.02999877929688,107.94000244140625,108.37000274658203,108.12948608398438,1710200
2022-03-02,109.33000183105469,110.87999725341797,108.87000274658203,110.23999786376953,109.9953384399414,1192900
2022-03-03,110.88999938964844,113.11000061035156,110.88999938964844,112.37000274658203,112.12060546875,1537400
2022-03-04,110.6500015258789,111.33000183105469,107.62000274658203,109.16999816894531,108.9277114868164,1056300
2022-03-07,108.80000305175781,111.87000274658203,107.77999877929688,108.01000213623047,107.77029418945312,1628400
2022-03-08,108.37999725341797,117.70999908447266,108.13999938964844,116.83000183105469,116.57071685791016,3089900
2022-03-09,117.81999969482422,121.1500015258789,116.76000213623047,118.72000122070312,118.4565200805664,2264000
2022-03-10,116.98999786376953,121.4800033569336,116.63999938964844,121.05000305175781,120.78134155273438,1636100
2022-03-11,121.5,124.94999694824219,121.5,123.31999969482422,123.04630279541016,1963100
2022-03-14,123.18000030517578,124.66000366210938,121.27999877929688,122.5999984741211,122.3279037475586,1837100
2022-03-15,121.83999633789062,123.0,119.4800033569336,121.66999816894531,121.39996337890625,1090600
2022-03-16,122.8499984741211,124.44000244140625,119.80000305175781,122.83999633789062,122.5673599243164,1172900
2022-03-17,121.7699966430664,125.69000244140625,121.75,125.66000366210938,125.38111114501953,763300
2022-03-18,124.86000061035156,127.1500015258789,124.0,126.55999755859375,126.27910614013672,1269200
2022-03-21,126.7699966430664,128.94000244140625,126.66999816894531,128.22000122070312,127.93544006347656,1257700
2022-03-22,128.58999633789062,131.33999633789062,128.57000732421875,129.74000549316406,129.45205688476562,1154500
2022-03-23,129.22000122070312,129.9499969482422,127.72000122070312,129.2100067138672,128.92323303222656,936100
2022-03-24,129.2899932861328,132.86000061035156,129.2899932861328,132.57000732421875,132.27577209472656,1059700
2022-03-25,132.57000732421875,134.5,131.86000061035156,134.3000030517578,134.00192260742188,1206700
2022-03-28,134.1699981689453,135.61000061035156,133.47999572753906,135.5399932861328,135.23919677734375,1349000
2022-03-29,136.67999267578125,137.72000122070312,131.8800048828125,134.4600067138672,134.16159057617188,1443600
2022-03-30,136.25999450683594,136.49000549316406,130.91000366210938,132.16000366210938,131.86669921875,1753400
2022-03-31,132.1300048828125,135.47000122070312,131.3800048828125,131.61000061035156,131.31790161132812,1288500
2022-04-01,132.0,133.75999450683594,131.16000366210938,131.6199951171875,131.327880859375,1087000
2022-04-04,131.6199951171875,132.1999969482422,129.80999755859375,131.44000244140625,131.14828491210938,1158200
2022-04-05,131.22000122070312,133.10000610351562,129.8699951171875,130.10000610351562,129.811279296875,1573200
2022-04-06,128.0,130.61000061035156,126.2699966430664,129.41000366210938,129.12278747558594,1984100
2022-04-07,129.5800018310547,133.72999572753906,128.72999572753906,132.36000061035156,132.06625366210938,1811700
2022-04-08,133.0,135.1300048828125,131.6699981689453,133.99000549316406,133.7633819580078,1661100
2022-04-11,132.64999389648438,135.1300048828125,132.32000732421875,133.02999877929688,132.80499267578125,1832400
2022-04-12,133.6999969482422,135.32000732421875,132.77999877929688,133.9199981689453,133.6934814453125,1594600
2022-04-13,133.97000122070312,135.3699951171875,133.64999389648438,134.74000549316406,134.51210021972656,1079700
2022-04-14,134.8699951171875,136.74000549316406,134.58999633789062,135.13999938964844,134.91143798828125,1532700
2022-04-18,134.8699951171875,137.2899932861328,134.80999755859375,136.3699951171875,136.1393280029297,1014100
2022-04-19,136.52000427246094,139.22000122070312,135.85000610351562,138.91000366210938,138.675048828125,1044700
2022-04-20,137.55999755859375,140.0399932861328,136.57000732421875,137.83999633789062,137.6068572998047,1480600
2022-04-21,139.1699981689453,139.1699981689453,124.37999725341797,125.2699966430664,125.05811309814453,3511800
2022-04-22,124.23999786376953,124.87999725341797,119.69000244140625,120.54000091552734,120.33612060546875,2619000
2022-04-25,119.18000030517578,121.01000213623047,117.25,120.66999816894531,120.46590423583984,1725100
2022-04-26,119.5999984741211,120.05999755859375,116.56999969482422,117.06999969482422,116.87197875976562,1385200
2022-04-27,117.58000183105469,119.97000122070312,117.43000030517578,117.80000305175781,117.60075378417969,1831400
2022-04-28,118.55999755859375,119.7699966430664,115.12000274658203,118.83999633789062,118.63899230957031,1141100
2022-04-29,118.0,120.8499984741211,115.4800033569336,115.9800033569336,115.7838363647461,1122900
2022-05-02,115.72000122070312,116.75,112.88999938964844,116.2300033569336,116.03341674804688,1663700
2022-05-03,116.0999984741211,119.88999938964844,116.0999984741211,119.01000213623047,118.8087158203125,1271600
2022-05-04,119.5,121.55000305175781,116.8499984741211,121.27999877929688,121.07486724853516,2059800
2022-05-05,123.19000244140625,125.72000122070312,118.62000274658203,120.98999786376953,120.78535461425781,2174400
2022-05-06,119.76000213623047,120.69999694824219,115.2699966430664,117.58999633789062,117.39110565185547,1620300
2022-05-09,115.5,116.66999816894531,109.16999816894531,109.83000183105469,109.64423370361328,2095800
2022-05-10,110.7300033569336,113.19000244140625,108.70999908447266,111.81999969482422,111.63087463378906,2108500
2022-05-11,111.08999633789062,114.08999633789062,108.52999877929688,108.76000213623047,108.5760498046875,2069100
2022-05-12,107.55000305175781,110.05999755859375,106.33000183105469,108.93000030517578,108.74575805664062,1365600
2022-05-13,110.9000015258789,114.70999908447266,110.77999877929688,112.56999969482422,112.37960052490234,1662100
2022-05-16,112.62999725341797,113.58000183105469,110.62000274658203,112.19000244140625,112.000244140625,1288800
2022-05-17,113.86000061035156,114.66999816894531,111.05999755859375,113.66000366210938,113.46776580810547,1608400
2022-05-18,112.93000030517578,116.26000213623047,110.0199966430664,110.62000274658203,110.43290710449219,1132000
2022-05-19,109.55000305175781,115.29000091552734,109.25,113.52999877929688,113.33797454833984,1447900
2022-05-20,114.83999633789062,115.33000183105469,111.13999938964844,113.0,112.80886840820312,1588800
2022-05-23,114.48999786376953,117.94000244140625,114.12000274658203,116.43000030517578,116.23306274414062,1372700
2022-05-24,115.4800033569336,116.37000274658203,113.7699966430664,115.91000366210938,115.71395111083984,1307500
2022-05-25,116.37999725341797,119.26000213623047,115.75,118.36000061035156,118.15980529785156,1243900
2022-05-26,120.0,122.62000274658203,119.27999877929688,120.62999725341797,120.42596435546875,1764600
2022-05-27,121.91999816894531,124.41000366210938,121.61000061035156,123.51000213623047,123.30109405517578,1486000
2022-05-31,123.87000274658203,123.9800033569336,118.33000183105469,119.0,118.79872131347656,10607300
2022-06-01,120.52999877929688,121.75,117.69000244140625,119.77999877929688,119.57740020751953,1350900
2022-06-02,119.81999969482422,124.70999908447266,119.01000213623047,124.56999969482422,124.35929870605469,1189200
2022-06-03,123.72000122070312,129.44000244140625,123.18000030517578,129.1199951171875,128.901611328125,1746200
2022-06-06,134.57000732421875,138.4600067138672,130.8800048828125,131.39999389648438,131.177734375,2312900
2022-06-07,130.27000427246094,134.16000366210938,128.89999389648438,133.74000549316406,133.51380920410156,1402000
2022-06-08,133.17999267578125,133.17999267578125,129.14999389648438,130.44000244140625,130.21937561035156,1565600
2022-06-09,129.74000549316406,132.7100067138672,128.4199981689453,130.75999450683594,130.538818359375,912700
2022-06-10,128.5800018310547,129.07000732421875,124.6500015258789,126.5999984741211,126.3858642578125,1411400
2022-06-13,125.36000061035156,128.72999572753906,123.08999633789062,125.80999755859375,125.59719848632812,2222700
2022-06-14,125.86000061035156,126.48999786376953,122.47000122070312,123.55000305175781,123.34102630615234,1504300
2022-06-15,123.80000305175781,125.6500015258789,120.93000030517578,124.12000274658203,123.9100570678711,1631900
2022-06-16,121.19000244140625,122.33000183105469,113.87000274658203,114.7300033569336,114.53594970703125,2132700
2022-06-17,113.87000274658203,116.83000183105469,112.86000061035156,113.8499984741211,113.65743255615234,2049000
2022-06-21,116.19000244140625,120.69999694824219,115.4800033569336,119.2300033569336,119.0283432006836,1338300
2022-06-22,116.91000366210938,120.16999816894531,116.69999694824219,118.86000061035156,118.6589584350586,1119100
2022-06-23,119.16999816894531,121.48999786376953,116.55999755859375,120.76000213623047,120.55574798583984,1472000
2022-06-24,122.0,126.56999969482422,121.52999877929688,125.9800033569336,125.76692199707031,2702700
2022-06-27,126.91000366210938,128.27999877929688,125.18000030517578,127.91000366210938,127.69365692138672,1214700
2022-06-28,128.4499969482422,129.86000061035156,123.79000091552734,124.0999984741211,123.89009857177734,888300
2022-06-29,124.33000183105469,124.5999984741211,117.95999908447266,119.75,119.54745483398438,1727100
2022-06-30,117.52999877929688,125.47000122070312,117.52999877929688,125.33999633789062,125.20117950439453,1493100
2022-07-01,125.20999908447266,127.7699966430664,122.1500015258789,126.13999938964844,126.00029754638672,1036100
2022-07-05,124.08999633789062,127.58999633789062,121.75,127.25,127.10906982421875,1297300
2022-07-06,126.77999877929688,128.0,123.05999755859375,126.29000091552734,126.15013885498047,1048100
2022-07-07,127.75,132.52000427246094,126.80999755859375,132.25,132.10353088378906,981300
2022-07-08,132.24000549316406,133.5800018310547,130.39999389648438,131.9499969482422,131.80386352539062,882800
2022-07-11,130.72000122070312,132.0,130.22999572753906,131.14999389648438,131.00474548339844,589100
2022-07-12,129.85000610351562,131.1999969482422,126.87999725341797,127.72000122070312,127.57855224609375,985400
2022-07-13,126.13999938964844,129.50999450683594,125.16000366210938,127.9000015258789,127.75834655761719,985900
2022-07-14,125.7699966430664,128.19000244140625,124.51000213623047,128.0399932861328,127.89818572998047,888500
2022-07-15,130.16000366210938,130.16000366210938,120.38999938964844,128.00999450683594,127.86821746826172,1401400
2022-07-18,128.74000549316406,130.27999877929688,126.7699966430664,126.95999908447266,126.81938934326172,844800
2022-07-19,128.14999389648438,131.5500030517578,128.14999389648438,131.11000061035156,130.9647979736328,885300
2022-07-20,131.0,133.25999450683594,129.72000122070312,132.3000030517578,132.15347290039062,783100
2022-07-21,131.2899932861328,133.22000122070312,130.6199951171875,133.13999938964844,132.99253845214844,547400
2022-07-22,133.8000030517578,136.08999633789062,131.58999633789062,133.05999755859375,132.91262817382812,699700
2022-07-25,131.8800048828125,133.86000061035156,128.75,133.67999267578125,133.5319366455078,784400
2022-07-26,133.9499969482422,135.1699981689453,132.5800018310547,133.27999877929688,133.13238525390625,907300
2022-07-27,134.08999633789062,135.16000366210938,133.07000732421875,133.97000122070312,133.82164001464844,1455000
2022-07-28,138.1699981689453,145.3800048828125,136.3300018310547,145.2899932861328,145.12908935546875,2590000
2022-07-29,146.00999450683594,146.83999633789062,137.99000549316406,138.72999572753906,138.57635498046875,2613400
2022-08-01,138.0,139.47000122070312,136.5,138.72000122070312,138.5663604736328,1453700
2022-08-02,138.55999755859375,140.10000610351562,136.66000366210938,138.30999755859375,138.1568145751953,940600
2022-08-03,139.7100067138672,139.7100067138672,136.11000061035156,137.05999755859375,136.908203125,1659600
2022-08-04,135.3300018310547,136.11000061035156,131.8000030517578,133.41000366210938,133.2622528076172,1779100
2022-08-05,134.16000366210938,138.64999389648438,133.47000122070312,136.91000366210938,136.7583770751953,1287200
2022-08-08,137.94000244140625,139.75999450683594,137.17999267578125,137.25999450683594,137.1079864501953,1095600
2022-08-09,136.83999633789062,137.9199981689453,135.5800018310547,135.83999633789062,135.68955993652344,654300
2022-08-10,137.7899932861328,140.52999877929688,137.55999755859375,140.25,140.0946807861328,1187900
2022-08-11,142.07000732421875,142.74000549316406,140.75999450683594,141.25,141.09356689453125,888000
2022-08-12,141.36000061035156,143.6300048828125,141.00999450683594,143.4600067138672,143.30111694335938,790800
2022-08-15,142.14999389648438,143.4600067138672,141.32000732421875,142.97000122070312,142.81166076660156,624900
2022-08-16,142.72999572753906,144.07000732421875,142.05999755859375,142.42999267578125,142.27224731445312,912100
2022-08-17,141.25,144.22999572753906,140.4199981689453,144.1199951171875,143.96038818359375,1077900
2022-08-18,145.02999877929688,146.3000030517578,143.64999389648438,144.47999572753906,144.31997680664062,573600
2022-08-19,143.55999755859375,144.0,141.7899932861328,142.02000427246094,141.8627166748047,728500
2022-08-22,139.82000732421875,142.35000610351562,138.9199981689453,140.00999450683594,139.8549346923828,652300
2022-08-23,140.52000427246094,143.00999450683594,140.16000366210938,141.22000122070312,141.0635986328125,725700
2022-08-24,141.6999969482422,145.52000427246094,141.6999969482422,145.11000061035156,144.94927978515625,731800
2022-08-25,146.3699951171875,149.3300018310547,146.13999938964844,147.75,147.58636474609375,863400
2022-08-26,148.2100067138672,148.2100067138672,143.9600067138672,144.6300048828125,144.46983337402344,982800
2022-08-29,143.0,146.6300048828125,142.3000030517578,144.8699951171875,144.7095489501953,654300
2022-08-30,146.1699981689453,146.66000366210938,139.7100067138672,140.75999450683594,140.60409545898438,758600
2022-08-31,140.6699981689453,142.05999755859375,139.9499969482422,141.3000030517578,141.1435089111328,1415200
2022-09-01,140.4600067138672,141.3699951171875,137.02000427246094,139.10000610351562,138.94595336914062,1328300
2022-09-02,141.35000610351562,144.67999267578125,140.10000610351562,140.60000610351562,140.4442901611328,790300
2022-09-06,140.38999938964844,141.67999267578125,138.50999450683594,140.25999450683594,140.1046600341797,889900
2022-09-07,140.1300048828125,142.60000610351562,139.22999572753906,142.42999267578125,142.27224731445312,886700
2022-09-08,141.97000122070312,146.66000366210938,141.1199951171875,146.61000061035156,146.4476318359375,990600
2022-09-09,147.75,148.0,145.55999755859375,146.75999450683594,146.5974578857422,730000
2022-09-12,147.52999877929688,148.14999389648438,144.6300048828125,145.66000366210938,145.49868774414062,774700
2022-09-13,141.75,144.30999755859375,140.88999938964844,141.4499969482422,141.29335021972656,730800
2022-09-14,141.5,143.2100067138672,140.1199951171875,142.3699951171875,142.2123260498047,1565500
2022-09-15,139.94000244140625,142.10000610351562,138.0399932861328,138.8800048828125,138.7261962890625,1623000
2022-09-16,137.10000610351562,138.52000427246094,134.86000061035156,137.4199981689453,137.26780700683594,3608000
2022-09-19,135.99000549316406,142.14999389648438,135.75,141.27999877929688,141.12353515625,1753600
2022-09-20,140.63999938964844,140.89999389648438,137.52999877929688,138.57000732421875,138.4165496826172,1272700
2022-09-21,139.1300048828125,142.13999938964844,136.4199981689453,136.52999877929688,136.37879943847656,699700
2022-09-22,137.5,137.91000366210938,135.3699951171875,135.7100067138672,135.55970764160156,761000
2022-09-23,133.69000244140625,133.69000244140625,126.63999938964844,128.75999450683594,128.6173858642578,1647300
2022-09-26,128.0800018310547,131.0399932861328,125.43000030517578,125.73999786376953,125.60073852539062,1282500
2022-09-27,127.66000366210938,128.8300018310547,124.12999725341797,125.55000305175781,125.41095733642578,1034900
2022-09-28,126.80000305175781,131.07000732421875,126.62000274658203,130.1999969482422,130.05580139160156,962900
2022-09-29,129.0,129.0,124.91000366210938,127.93000030517578,127.78831481933594,857600
2022-09-30,128.3699951171875,130.1300048828125,126.48999786376953,127.38999938964844,127.3185806274414,1033700
2022-10-03,129.38999938964844,132.2899932861328,128.0,131.35000610351562,131.2763671875,787100
2022-10-04,133.30999755859375,136.97000122070312,133.30999755859375,136.02999877929688,135.9537353515625,888600
2022-10-05,134.44000244140625,135.80999755859375,131.99000549316406,134.5500030517578,134.4745635986328,757500
2022-10-06,134.3699951171875,136.3800048828125,132.1300048828125,132.22000122070312,132.1458740234375,698700
2022-10-07,131.6699981689453,131.75,127.52999877929688,128.52999877929688,128.45794677734375,623000
2022-10-10,128.5800018310547,131.07000732421875,128.2899932861328,129.02999877929688,128.95765686035156,565300
2022-10-11,129.47000122070312,132.67999267578125,127.66999816894531,129.44000244140625,129.367431640625,1064900
2022-10-12,129.8800048828125,129.8800048828125,126.29000091552734,126.36000061035156,126.2891616821289,775500
2022-10-13,124.16999816894531,130.6300048828125,123.5999984741211,130.2100067138672,130.1370086669922,843000
2022-10-14,130.75999450683594,131.52999877929688,123.25,123.41000366210938,123.34081268310547,816800
2022-10-17,126.4000015258789,130.30999755859375,125.91000366210938,129.69000244140625,129.61729431152344,902000
2022-10-18,133.16000366210938,135.99000549316406,131.67999267578125,133.4199981689453,133.34519958496094,871100
2022-10-19,132.22999572753906,133.16000366210938,130.50999450683594,132.57000732421875,132.4956817626953,601900
2022-10-20,132.86000061035156,134.07000732421875,130.3300018310547,130.74000549316406,130.6667022705078,706200
2022-10-21,131.02000427246094,134.0399932861328,130.60000610351562,133.41000366210938,133.335205078125,775500
2022-10-24,134.3800048828125,137.77000427246094,133.9199981689453,137.41000366210938,137.3329620361328,958200
2022-10-25,137.72999572753906,142.75,137.30999755859375,142.35000610351562,142.27020263671875,1365400
2022-10-26,143.1999969482422,144.30999755859375,140.05999755859375,140.49000549316406,140.41123962402344,982200
2022-10-27,141.3800048828125,142.63999938964844,139.77000427246094,140.25999450683594,140.18136596679688,751500
2022-10-28,140.8800048828125,142.72000122070312,139.47000122070312,141.17999267578125,141.10084533691406,830600
2022-10-31,140.61000061035156,142.27999877929688,140.4600067138672,142.0399932861328,141.96035766601562,753900
2022-11-01,143.5800018310547,144.05999755859375,141.72000122070312,142.27000427246094,142.19024658203125,719900
2022-11-02,140.99000549316406,142.9600067138672,136.58999633789062,136.77999877929688,136.70330810546875,1229300
2022-11-03,144.55999755859375,146.6999969482422,136.9600067138672,144.41000366210938,144.32904052734375,2404500
2022-11-04,147.64999389648438,149.5,140.77999877929688,146.77000427246094,146.68771362304688,1635600
2022-11-07,147.72000122070312,149.02999877929688,145.22999572753906,147.25,147.16744995117188,1220500
2022-11-08,147.25,149.7899932861328,146.0,147.75999450683594,147.67715454101562,1001000
2022-11-09,145.9199981689453,147.89999389648438,142.61000061035156,143.0399932861328,142.9597930908203,823800
2022-11-10,147.8300018310547,148.99000549316406,143.92999267578125,147.05999755859375,146.97755432128906,1345000
2022-11-11,147.07000732421875,149.0,144.1699981689453,144.47000122070312,144.38900756835938,1065400
2022-11-14,144.0500030517578,144.8000030517578,142.1199951171875,142.19000244140625,142.11029052734375,907400
2022-11-15,144.02999877929688,145.42999267578125,141.92999267578125,144.0500030517578,143.96923828125,779200
2022-11-16,143.6199951171875,147.0,142.85000610351562,146.72999572753906,146.64773559570312,826600
2022-11-17,145.02000427246094,148.86000061035156,144.4199981689453,148.75,148.66661071777344,884900
2022-11-18,150.0,150.39999389648438,146.83999633789062,148.66000366210938,148.57666015625,749500
2022-11-21,147.8300018310547,149.63999938964844,147.52000427246094,148.94000244140625,148.85650634765625,621100
2022-11-22,150.0,151.77000427246094,147.72000122070312,147.7899932861328,147.70713806152344,923300
2022-11-23,147.50999450683594,149.88999938964844,145.27000427246094,146.1999969482422,146.11802673339844,682800
2022-11-25,146.92999267578125,149.19000244140625,146.47000122070312,148.52000427246094,148.43673706054688,271700
2022-11-28,148.5800018310547,150.5500030517578,142.72000122070312,143.55999755859375,143.47950744628906,880900
2022-11-29,144.02999877929688,145.1699981689453,143.10000610351562,144.5500030517578,144.46896362304688,579700
2022-11-30,144.39999389648438,150.1699981689453,144.1699981689453,149.8800048828125,149.7959747314453,1560700
2022-12-01,150.5,153.02000427246094,149.3000030517578,151.72999572753906,151.64492797851562,907000
2022-12-02,150.66000366210938,154.64999389648438,150.3800048828125,153.07000732421875,152.98419189453125,627000
2022-12-05,151.83999633789062,152.33999633789062,149.00999450683594,150.82000732421875,150.73545837402344,748200
2022-12-06,151.22999572753906,152.17999267578125,148.97000122070312,149.58999633789062,149.50613403320312,475800
2022-12-07,149.2899932861328,150.89999389648438,148.0800018310547,148.30999755859375,148.2268524169922,627900
2022-12-08,150.07000732421875,151.55999755859375,148.97999572753906,150.30999755859375,150.22572326660156,622300
2022-12-09,150.49000549316406,151.6699981689453,147.85000610351562,148.13999938964844,148.05694580078125,745000
2022-12-12,148.66000366210938,150.42999267578125,148.33999633789062,150.25999450683594,150.17575073242188,565500
2022-12-13,154.8800048828125,155.0,150.2100067138672,152.5399932861328,152.4544677734375,984400
2022-12-14,153.55999755859375,154.8000030517578,150.80999755859375,152.08999633789062,152.00473022460938,1518800
2022-12-15,149.30999755859375,149.30999755859375,143.94000244140625,144.82000732421875,144.7388153076172,1921300
2022-12-16,142.89999389648438,144.1999969482422,141.7100067138672,143.27000427246094,143.18968200683594,2219200
2022-12-19,143.97999572753906,144.3300018310547,141.52000427246094,142.36000061035156,142.28018188476562,1290500
2022-12-20,142.10000610351562,145.2100067138672,142.10000610351562,142.66000366210938,142.58001708984375,1664500
2022-12-21,143.80999755859375,145.50999450683594,143.5,144.7100067138672,144.62887573242188,653800
2022-12-22,143.3800048828125,144.32000732421875,140.4199981689453,142.58999633789062,142.5100555419922,672800
2022-12-23,142.7100067138672,144.22000122070312,141.94000244140625,144.1999969482422,144.11915588378906,405700
2022-12-27,144.5,145.42999267578125,143.30999755859375,143.97000122070312,143.8892822265625,417600
2022-12-28,143.8300018310547,145.02000427246094,140.85000610351562,141.32000732421875,141.24078369140625,445600
2022-12-29,142.7899932861328,143.39999389648438,141.61000061035156,142.6999969482422,142.6199951171875,502400
2022-12-30,141.3800048828125,142.9600067138672,140.42999267578125,142.5,142.5,400900
2023-01-03,142.86000061035156,143.3300018310547,139.16000366210938,140.61000061035156,140.61000061035156,789800
2023-01-04,140.83999633789062,141.39999389648438,137.8800048828125,138.5500030517578,138.5500030517578,930000
2023-01-05,138.0,139.4600067138672,134.61000061035156,135.57000732421875,135.57000732421875,1101400
2023-01-06,137.75,140.9600067138672,136.77000427246094,139.1199951171875,139.1199951171875,894800
2023-01-09,139.49000549316406,142.97000122070312,138.22000122070312,138.63999938964844,138.63999938964844,815800
2023-01-10,138.00999450683594,139.6300048828125,138.00999450683594,139.50999450683594,139.50999450683594,939600
2023-01-11,141.0399932861328,143.6699981689453,139.97000122070312,140.69000244140625,140.69000244140625,875700
2023-01-12,141.5500030517578,147.97999572753906,141.1999969482422,147.80999755859375,147.80999755859375,1204000
2023-01-13,147.19000244140625,149.1699981689453,146.47000122070312,148.5,148.5,770800
