Date,Open,High,Low,Close,Adj Close,Volume
2022-01-18,128.74000549316406,129.3699951171875,127.33000183105469,128.61000061035156,126.77622985839844,1443500
2022-01-19,128.6999969482422,130.42999267578125,128.11000061035156,129.14999389648438,127.30854034423828,1025700
2022-01-20,129.3699951171875,130.75999450683594,128.24000549316406,128.35000610351562,126.51995086669922,1238300
2022-01-21,128.39999389648438,130.13999938964844,127.44000244140625,127.98999786376953,126.16507720947266,1167500
2022-01-24,126.70999908447266,127.9000015258789,124.33999633789062,127.5999984741211,125.7806396484375,1858900
2022-01-25,125.98999786376953,126.86000061035156,123.75,124.83000183105469,123.05013275146484,1633900
2022-01-26,125.41000366210938,127.41000366210938,124.19000244140625,125.08999633789062,123.30642700195312,1740800
2022-01-27,125.73999786376953,127.37999725341797,123.12000274658203,123.58999633789062,121.82780456542969,1323100
2022-01-28,123.72000122070312,126.58999633789062,122.33000183105469,126.58000183105469,124.77519226074219,1196200
2022-01-31,125.66999816894531,127.7699966430664,125.66999816894531,127.66000366210938,125.83978271484375,1389300
2022-02-01,127.62999725341797,128.4199981689453,124.45999908447266,125.9800033569336,124.18374633789062,1733500
2022-02-02,125.66999816894531,128.97999572753906,125.05999755859375,128.69000244140625,126.85511016845703,1988300
2022-02-03,127.51000213623047,129.05999755859375,126.87999725341797,127.08000183105469,125.26805114746094,1046200
2022-02-04,126.41999816894531,127.9000015258789,125.30000305175781,126.45999908447266,124.65689086914062,1167100
2022-02-07,126.5199966430664,127.80999755859375,126.1500015258789,126.41999816894531,124.61746215820312,1023200
2022-02-08,126.75,127.23999786376953,125.79000091552734,126.94999694824219,125.13990020751953,1289300
2022-02-09,125.44000244140625,128.2899932861328,125.26000213623047,127.63999938964844,125.820068359375,1829800
2022-02-10,125.87999725341797,128.1999969482422,125.0199966430664,125.7300033569336,123.93730163574219,2133000
2022-02-11,124.69000244140625,125.4800033569336,119.19000244140625,120.18000030517578,118.46643829345703,3188300
2022-02-14,120.18000030517578,120.51000213623047,117.0,118.56999969482422,116.87938690185547,2768100
2022-02-15,119.97000122070312,120.26000213623047,117.91999816894531,118.45999908447266,116.77095794677734,2250700
2022-02-16,118.30000305175781,118.54000091552734,115.66999816894531,117.55000305175781,115.87394714355469,2384800
2022-02-17,117.55000305175781,118.41999816894531,116.66999816894531,116.7300033569336,115.06562805175781,1204700
2022-02-18,116.63999938964844,118.12999725341797,115.86000061035156,117.54000091552734,115.86407470703125,1952700
2022-02-22,118.5,118.87999725341797,116.37999725341797,117.16000366210938,115.48949432373047,1385600
2022-02-23,117.38999938964844,118.01000213623047,115.86000061035156,115.95999908447266,114.30660247802734,1701800
2022-02-24,114.37999725341797,117.97000122070312,113.56999969482422,117.47000122070312,115.79508209228516,1604000
2022-02-25,118.01000213623047,120.95999908447266,117.5,120.88999938964844,119.16631317138672,1114800
2022-02-28,119.72000122070312,121.5999984741211,119.30999755859375,120.27999877929688,118.56501007080078,1880300
2022-03-01,120.30000305175781,121.7300033569336,120.01000213623047,121.22000122070312,119.49160766601562,1766700
2022-03-02,121.44999694824219,126.0,121.44999694824219,124.8499984741211,123.0698471069336,2176700
2022-03-03,125.37999725341797,126.98999786376953,125.30999755859375,126.25,124.44988250732422,1236600
2022-03-04,125.11000061035156,130.1699981689453,124.94000244140625,129.97000122070312,128.11685180664062,2232900
2022-03-07,129.6199951171875,130.08999633789062,127.16000366210938,127.95999908447266,126.13550567626953,2297400
2022-03-08,127.68000030517578,128.74000549316406,123.0199966430664,123.11000061035156,121.35466003417969,1972400
2022-03-09,124.72000122070312,126.37000274658203,123.76000213623047,125.7699966430664,123.97672271728516,1429100
2022-03-10,124.69000244140625,126.87000274658203,124.66000366210938,126.79000091552734,124.98219299316406,920300
2022-03-11,127.33999633789062,128.27999877929688,126.45999908447266,126.54000091552734,124.73575592041016,899100
2022-03-14,127.33000183105469,128.49000549316406,126.16000366210938,128.47000122070312,126.63824462890625,1648600
2022-03-15,129.69000244140625,129.77999877929688,127.70999908447266,129.05999755859375,127.2198257446289,970400
2022-03-16,129.66000366210938,130.6199951171875,127.93000030517578,130.02999877929688,128.17599487304688,948600
2022-03-17,130.14999389648438,131.6699981689453,129.8699951171875,131.52999877929688,129.65460205078125,900200
2022-03-18,131.85000610351562,132.0500030517578,130.0,131.49000549316406,129.6151885986328,1429700
2022-03-21,131.39999389648438,132.16000366210938,130.8000030517578,131.52999877929688,129.65460205078125,714900
2022-03-22,132.11000061035156,132.16000366210938,129.4600067138672,129.52000427246094,127.67325592041016,901900
2022-03-23,129.07000732421875,130.57000732421875,128.61000061035156,129.47999572753906,127.63384246826172,790100
2022-03-24,129.80999755859375,130.94000244140625,129.1699981689453,130.19000244140625,128.33370971679688,769000
2022-03-25,130.6199951171875,131.60000610351562,129.9600067138672,131.5,129.6250457763672,614700
2022-03-28,131.86000061035156,133.24000549316406,131.3300018310547,133.05999755859375,131.1627960205078,849400
2022-03-29,133.52999877929688,134.0,132.4499969482422,133.6300048828125,131.72467041015625,1242800
2022-03-30,133.60000610351562,134.6999969482422,133.2100067138672,134.69000244140625,132.76956176757812,545700
2022-03-31,134.52000427246094,135.27000427246094,132.49000549316406,132.5,131.05836486816406,1269000
2022-04-01,132.6300048828125,133.39999389648438,131.7100067138672,133.25,131.8002166748047,1054800
2022-04-04,133.0,133.42999267578125,131.39999389648438,132.13999938964844,130.7022705078125,948600
2022-04-05,132.0399932861328,134.88999938964844,131.67999267578125,133.27000427246094,131.8199920654297,1104200
2022-04-06,132.69000244140625,134.2899932861328,132.27999877929688,133.44000244140625,131.98814392089844,1281100
2022-04-07,133.22999572753906,135.8800048828125,132.82000732421875,135.27999877929688,133.80813598632812,1303000
2022-04-08,135.8000030517578,136.55999755859375,135.0800018310547,135.8300018310547,134.3521270751953,937200
2022-04-11,135.97999572753906,136.72000122070312,135.3300018310547,135.77000427246094,134.29278564453125,1171200
2022-04-12,135.2899932861328,136.3699951171875,133.5800018310547,133.91000366210938,132.45303344726562,863900
2022-04-13,133.8000030517578,134.57000732421875,132.22999572753906,133.14999389648438,131.7012939453125,849600
2022-04-14,133.6699981689453,134.6300048828125,132.63999938964844,132.7100067138672,131.26609802246094,890700
2022-04-18,133.11000061035156,133.7100067138672,131.6999969482422,132.3000030517578,130.86053466796875,761500
2022-04-19,133.02000427246094,134.1199951171875,132.8000030517578,133.72000122070312,132.2650909423828,906200
2022-04-20,134.57000732421875,135.3800048828125,133.92999267578125,134.32000732421875,132.8585662841797,790800
2022-04-21,134.94000244140625,136.27999877929688,134.3699951171875,134.80999755859375,133.34323120117188,1032400
2022-04-22,134.75,135.07000732421875,132.25999450683594,132.39999389648438,130.95944213867188,1501500
2022-04-25,132.27999877929688,132.69000244140625,130.38999938964844,132.4499969482422,131.0089111328125,1261700
2022-04-26,134.16000366210938,137.66000366210938,133.55999755859375,134.97999572753906,133.51138305664062,2081700
2022-04-27,134.99000549316406,138.0500030517578,134.7899932861328,137.05999755859375,135.56874084472656,1799200
2022-04-28,136.85000610351562,138.39999389648438,135.91000366210938,138.11000061035156,136.60733032226562,999600
2022-04-29,137.3300018310547,137.61000061035156,134.02999877929688,134.27000427246094,132.80911254882812,1610500
2022-05-02,134.0399932861328,135.22999572753906,129.44000244140625,130.99000549316406,129.5648193359375,1943200
2022-05-03,131.14999389648438,133.41000366210938,130.77999877929688,131.22999572753906,129.8021697998047,1202200
2022-05-04,131.42999267578125,133.77000427246094,130.27999877929688,133.57000732421875,132.11672973632812,1270600
2022-05-05,133.0399932861328,133.52999877929688,129.39999389648438,130.3300018310547,128.9119873046875,1332800
2022-05-06,130.9600067138672,136.08999633789062,130.6199951171875,135.19000244140625,133.71910095214844,2450200
2022-05-09,134.02000427246094,134.74000549316406,130.10000610351562,130.9499969482422,129.5252227783203,1595300
2022-05-10,131.7899932861328,132.64999389648438,127.93000030517578,129.11000061035156,127.70525360107422,1377500
2022-05-11,128.75999450683594,131.24000549316406,128.50999450683594,129.13999938964844,127.73493194580078,1146000
2022-05-12,129.38999938964844,130.13999938964844,126.62000274658203,127.72000122070312,126.33037567138672,1866600
2022-05-13,129.5,131.2899932861328,128.64999389648438,130.88999938964844,129.46588134765625,1743300
2022-05-16,130.88999938964844,132.3000030517578,129.52000427246094,130.82000732421875,129.3966522216797,967600
2022-05-17,131.39999389648438,132.3800048828125,129.74000549316406,132.3300018310547,130.8902130126953,1332600
2022-05-18,131.6199951171875,132.36000061035156,127.91999816894531,128.08999633789062,126.69634246826172,1159700
2022-05-19,127.0199966430664,128.57000732421875,125.41000366210938,127.51000213623047,126.12266540527344,1395700
2022-05-20,128.30999755859375,129.61000061035156,126.69999694824219,129.4499969482422,128.0415496826172,1142900
2022-05-23,130.0,131.52000427246094,129.2899932861328,130.9600067138672,129.53514099121094,1177500
2022-05-24,131.33999633789062,133.72000122070312,130.77000427246094,133.4499969482422,131.99803161621094,1113000
2022-05-25,133.4499969482422,133.80999755859375,132.32000732421875,132.9499969482422,131.50347900390625,2718700
2022-05-26,133.99000549316406,134.80999755859375,133.57000732421875,134.13999938964844,132.68052673339844,1108700
2022-05-27,134.57000732421875,136.94000244140625,134.14999389648438,136.8699951171875,135.3808135986328,1129200
2022-05-31,136.1300048828125,136.75,133.27000427246094,133.83999633789062,132.3837890625,3575800
2022-06-01,133.4199981689453,134.52999877929688,133.4199981689453,133.97000122070312,132.5123748779297,1186600
2022-06-02,134.14999389648438,135.60000610351562,132.85000610351562,135.38999938964844,133.91693115234375,838300
2022-06-03,134.60000610351562,135.00999450683594,133.7100067138672,134.41000366210938,132.9475860595703,854400
2022-06-06,135.02000427246094,135.10000610351562,133.13999938964844,133.24000549316406,131.79031372070312,1072300
2022-06-07,132.75999450683594,135.39999389648438,132.4199981689453,135.3699951171875,133.8971405029297,895100
2022-06-08,134.5500030517578,134.5500030517578,131.94000244140625,132.17999267578125,130.74183654785156,759100
2022-06-09,132.0399932861328,132.63999938964844,128.41000366210938,128.47999572753906,127.08210754394531,1253700
2022-06-10,126.97000122070312,128.07000732421875,125.7300033569336,126.54000091552734,125.16321563720703,1494400
2022-06-13,124.69999694824219,126.01000213623047,123.61000061035156,124.19000244140625,122.83878326416016,1386100
2022-06-14,124.0999984741211,125.08000183105469,122.31999969482422,123.05999755859375,121.7210693359375,1285900
2022-06-15,123.81999969482422,124.87999725341797,121.94999694824219,123.36000061035156,122.01781463623047,1387500
2022-06-16,121.97000122070312,122.76000213623047,120.80999755859375,121.76000213623047,120.43522644042969,1355300
2022-06-17,121.98999786376953,122.36000061035156,119.72000122070312,120.7300033569336,119.41642761230469,1925200
2022-06-21,121.94999694824219,124.93000030517578,121.70999908447266,124.52999877929688,123.17508697509766,1263300
2022-06-22,123.56999969482422,126.70999908447266,123.12000274658203,124.97000122070312,123.61029815673828,1140300
2022-06-23,125.5,126.86000061035156,125.08000183105469,126.70999908447266,125.33135986328125,951300
2022-06-24,127.5,130.24000549316406,127.27999877929688,129.89999389648438,128.4866485595703,1781700
2022-06-27,129.58999633789062,130.47000122070312,129.00999450683594,129.39999389648438,127.9920883178711,1153200
2022-06-28,129.8300018310547,130.83999633789062,127.77999877929688,127.91000366210938,126.51831817626953,990700
2022-06-29,128.3000030517578,130.4499969482422,127.31999969482422,130.2100067138672,128.7932891845703,946000
2022-06-30,128.75,131.1199951171875,128.47000122070312,130.8699951171875,129.905029296875,1387800
2022-07-01,130.9600067138672,133.1999969482422,130.13999938964844,133.0399932861328,132.0590057373047,983600
2022-07-05,131.8800048828125,132.0800018310547,127.93000030517578,129.55999755859375,128.6046905517578,1224200
2022-07-06,130.25999450683594,132.82000732421875,129.32000732421875,131.82000732421875,130.8480224609375,906200
2022-07-07,131.8699951171875,132.22000122070312,129.49000549316406,129.91000366210938,128.9521026611328,1815800
2022-07-08,129.92999267578125,130.52000427246094,129.02000427246094,129.86000061035156,128.90248107910156,836800
2022-07-11,129.5399932861328,130.55999755859375,129.5399932861328,130.1199951171875,129.16055297851562,456300
2022-07-12,129.72999572753906,130.8699951171875,127.87000274658203,128.39999389648438,127.45323181152344,651900
2022-07-13,127.12999725341797,128.55999755859375,126.68000030517578,127.6500015258789,126.70877075195312,703400
2022-07-14,126.31999969482422,128.5399932861328,126.04000091552734,128.3699951171875,127.42345428466797,549800
2022-07-15,129.8300018310547,129.9499969482422,127.95999908447266,129.0,128.04881286621094,686500
2022-07-18,129.25,129.25,126.5199966430664,126.75,125.8154067993164,756500
2022-07-19,127.88999938964844,129.0,127.45999908447266,128.88999938964844,127.93962860107422,854200
2022-07-20,129.5500030517578,129.72000122070312,128.38999938964844,129.27000427246094,128.3168182373047,830400
2022-07-21,129.8000030517578,131.2899932861328,128.8800048828125,131.24000549316406,130.2722930908203,697400
2022-07-22,131.4600067138672,131.8699951171875,130.22999572753906,131.02000427246094,130.05392456054688,673100
2022-07-25,131.13999938964844,132.1699981689453,130.64999389648438,132.0500030517578,131.07632446289062,587500
2022-07-26,131.99000549316406,132.14999389648438,130.77999877929688,131.5,130.53038024902344,885200
2022-07-27,131.7899932861328,133.58999633789062,131.5399932861328,132.94000244140625,131.9597625732422,860000
2022-07-28,133.64999389648438,137.47999572753906,133.1699981689453,137.25999450683594,136.24789428710938,995800
2022-07-29,138.07000732421875,140.27000427246094,137.67999267578125,138.66000366210938,137.63758850097656,1639800
2022-08-01,137.94000244140625,138.5800018310547,137.35000610351562,137.72999572753906,136.71444702148438,1316600
2022-08-02,138.0500030517578,138.8000030517578,136.9499969482422,138.22999572753906,137.21075439453125,1304300
2022-08-03,138.57000732421875,140.97000122070312,138.38999938964844,140.39999389648438,139.36474609375,1065300
2022-08-04,140.07000732421875,142.6199951171875,140.00999450683594,141.5399932861328,140.496337890625,1132100
2022-08-05,140.8000030517578,143.69000244140625,139.6999969482422,141.89999389648438,140.8536834716797,1374800
2022-08-08,142.8300018310547,144.3000030517578,141.6999969482422,142.83999633789062,141.78677368164062,1202700
2022-08-09,143.4499969482422,144.24000549316406,142.5500030517578,142.82000732421875,141.7669219970703,714300
2022-08-10,144.60000610351562,144.60000610351562,142.33999633789062,142.94000244140625,141.8860321044922,770100
2022-08-11,143.1300048828125,143.19000244140625,141.17999267578125,141.8000030517578,140.7544403076172,1353400
2022-08-12,142.25,144.75999450683594,141.9499969482422,144.7100067138672,143.64297485351562,1494800
2022-08-15,144.67999267578125,146.39999389648438,143.9499969482422,145.99000549316406,144.91354370117188,942400
2022-08-16,145.22000122070312,147.75,144.6199951171875,147.1199951171875,146.0352020263672,913900
2022-08-17,146.6699981689453,148.1199951171875,146.33999633789062,147.94000244140625,146.8491668701172,735300
2022-08-18,148.25999450683594,148.25999450683594,146.3699951171875,147.30999755859375,146.22381591796875,665900
2022-08-19,147.50999450683594,147.72999572753906,146.32000732421875,146.44000244140625,145.3602294921875,889500
2022-08-22,145.27999877929688,146.92999267578125,144.88999938964844,146.35000610351562,145.27088928222656,669000
2022-08-23,145.7100067138672,146.08999633789062,144.86000061035156,145.74000549316406,144.66539001464844,684300
2022-08-24,145.86000061035156,147.17999267578125,145.6699981689453,146.67999267578125,145.5984344482422,684300
2022-08-25,146.8800048828125,147.61000061035156,146.25999450683594,147.55999755859375,146.4719696044922,673900
2022-08-26,147.6999969482422,148.00999450683594,144.44000244140625,144.67999267578125,143.61318969726562,708900
2022-08-29,143.80999755859375,146.42999267578125,143.6999969482422,145.47000122070312,144.3973846435547,680100
2022-08-30,145.8699951171875,145.8699951171875,143.5399932861328,143.83999633789062,142.77938842773438,587300
2022-08-31,144.08999633789062,144.58999633789062,142.67999267578125,142.72000122070312,141.6676483154297,1578200
2022-09-01,141.9499969482422,144.00999450683594,141.66000366210938,143.97000122070312,142.90843200683594,937500
2022-09-02,144.72999572753906,145.32000732421875,142.4199981689453,142.7899932861328,141.73712158203125,740400
2022-09-06,143.57000732421875,144.80999755859375,142.77999877929688,144.0500030517578,142.98785400390625,1222100
2022-09-07,144.10000610351562,147.94000244140625,143.75999450683594,147.4600067138672,146.37271118164062,1568500
2022-09-08,147.0,149.02000427246094,146.69000244140625,148.0,146.90872192382812,1011400
2022-09-09,148.82000732421875,148.82000732421875,147.02000427246094,147.7100067138672,146.62086486816406,1121300
2022-09-12,147.8300018310547,149.1699981689453,147.44000244140625,148.10000610351562,147.0079803466797,728000
2022-09-13,146.4499969482422,147.97000122070312,145.8699951171875,146.30999755859375,145.23118591308594,1101300
2022-09-14,146.6300048828125,148.11000061035156,145.52999877929688,145.9600067138672,144.88375854492188,1601400
2022-09-15,146.0500030517578,146.60000610351562,145.11000061035156,145.6699981689453,144.5959014892578,1115600
2022-09-16,143.6300048828125,144.17999267578125,142.80999755859375,143.63999938964844,142.58087158203125,2338800
2022-09-19,143.52000427246094,146.07000732421875,142.66000366210938,145.97999572753906,144.90359497070312,955900
2022-09-20,145.00999450683594,145.24000549316406,142.72999572753906,144.33999633789062,143.2757110595703,974800
2022-09-21,145.24000549316406,146.50999450683594,143.24000549316406,143.25999450683594,142.2036590576172,1325700
2022-09-22,142.9499969482422,143.1300048828125,140.9199981689453,141.55999755859375,140.51620483398438,882100
2022-09-23,140.44000244140625,140.72999572753906,138.92999267578125,140.50999450683594,139.47393798828125,1029300
2022-09-26,140.33999633789062,141.25999450683594,139.61000061035156,140.07000732421875,139.0371856689453,1208900
2022-09-27,140.99000549316406,141.0399932861328,137.85000610351562,138.60000610351562,137.57803344726562,1116100
2022-09-28,139.27999877929688,140.64999389648438,137.5800018310547,140.0500030517578,139.017333984375,916300
2022-09-29,139.83999633789062,139.83999633789062,136.4499969482422,137.4499969482422,136.43650817871094,1083900
2022-09-30,137.27000427246094,137.6699981689453,135.9199981689453,136.0399932861328,135.52496337890625,1619200
2022-10-03,137.1300048828125,140.0,136.14999389648438,139.3000030517578,138.7726287841797,1163500
2022-10-04,140.7100067138672,143.17999267578125,140.1199951171875,142.52000427246094,141.98043823242188,1189400
2022-10-05,141.25999450683594,142.27999877929688,140.7100067138672,141.1699981689453,140.6355438232422,984500
2022-10-06,139.82000732421875,140.22999572753906,133.27000427246094,133.41000366210938,132.90493774414062,2136800
2022-10-07,132.27999877929688,132.6199951171875,129.07000732421875,129.22999572753906,128.74075317382812,1482300
2022-10-10,129.89999389648438,130.75999450683594,128.97000122070312,130.10000610351562,129.6074676513672,1231300
2022-10-11,129.5399932861328,131.14999389648438,129.24000549316406,129.63999938964844,129.14920043945312,1168400
2022-10-12,130.13999938964844,130.13999938964844,128.4199981689453,128.4499969482422,127.96370697021484,910400
2022-10-13,126.30000305175781,131.25,125.11000061035156,130.67999267578125,130.1852569580078,1119100
2022-10-14,131.75,131.8699951171875,127.1500015258789,127.44999694824219,126.96749114990234,1080000
2022-10-17,129.10000610351562,131.74000549316406,129.07000732421875,130.77999877929688,130.28488159179688,940900
2022-10-18,132.75999450683594,133.66000366210938,132.0500030517578,133.64999389648438,133.14401245117188,928200
2022-10-19,133.17999267578125,134.3000030517578,132.72000122070312,133.97999572753906,133.47276306152344,983800
2022-10-20,134.3699951171875,134.3699951171875,131.75,132.2899932861328,131.78916931152344,753600
2022-10-21,131.9499969482422,133.82000732421875,130.80999755859375,133.5399932861328,133.034423828125,1114100
2022-10-24,134.77999877929688,136.2899932861328,134.35000610351562,134.55999755859375,134.05056762695312,878200
2022-10-25,134.8000030517578,135.60000610351562,134.2100067138672,135.1300048828125,134.61842346191406,1891000
2022-10-26,136.27999877929688,136.97999572753906,133.50999450683594,133.6199951171875,133.1141357421875,1489700
2022-10-27,134.25,135.97999572753906,133.97000122070312,134.63999938964844,134.13027954101562,1350600
2022-10-28,132.07000732421875,133.25999450683594,129.17999267578125,133.17999267578125,132.67579650878906,2370800
2022-10-31,132.5,134.88999938964844,131.7899932861328,132.6199951171875,132.117919921875,1934300
2022-11-01,133.47999572753906,134.4499969482422,130.5500030517578,131.17999267578125,130.68336486816406,1213800
2022-11-02,130.88999938964844,133.94000244140625,130.2899932861328,130.32000732421875,129.82662963867188,1208500
2022-11-03,129.27999877929688,133.22999572753906,129.27999877929688,131.77000427246094,131.27114868164062,1585200
2022-11-04,132.61000061035156,133.69000244140625,128.5500030517578,129.91000366210938,129.41818237304688,2127600
2022-11-07,130.52999877929688,132.1699981689453,130.11000061035156,131.49000549316406,130.99220275878906,1201600
2022-11-08,131.47000122070312,132.83999633789062,130.5500030517578,132.52000427246094,132.018310546875,1115300
2022-11-09,132.52000427246094,133.3000030517578,131.94000244140625,132.07000732421875,131.57000732421875,965800
2022-11-10,135.4499969482422,136.0,131.64999389648438,134.85000610351562,134.3394775390625,1541500
2022-11-11,135.19000244140625,135.6999969482422,129.6300048828125,131.05999755859375,130.56382751464844,2259700
2022-11-14,131.33999633789062,132.41000366210938,129.8800048828125,129.97999572753906,129.4879150390625,1271700
2022-11-15,130.99000549316406,131.9499969482422,128.14999389648438,128.82000732421875,128.3323211669922,1731400
2022-11-16,129.25,131.16000366210938,128.89999389648438,130.82000732421875,130.32473754882812,2154700
2022-11-17,130.1699981689453,132.07000732421875,129.72999572753906,131.91000366210938,131.41061401367188,1831700
2022-11-18,133.38999938964844,134.16000366210938,132.6999969482422,133.88999938964844,133.38311767578125,1027500
2022-11-21,134.5,135.58999633789062,134.11000061035156,134.64999389648438,134.14022827148438,751200
2022-11-22,135.00999450683594,135.9600067138672,134.4199981689453,135.38999938964844,134.87742614746094,892300
2022-11-23,135.25,136.77000427246094,134.8300018310547,135.92999267578125,135.41537475585938,1405000
2022-11-25,136.49000549316406,137.44000244140625,136.0399932861328,136.8800048828125,136.36180114746094,510200
2022-11-28,136.3699951171875,138.02000427246094,136.02999877929688,136.52000427246094,136.00315856933594,1437600
2022-11-29,136.13999938964844,136.8800048828125,135.30999755859375,136.64999389648438,136.13265991210938,1334800
2022-11-30,136.1300048828125,139.2899932861328,136.0399932861328,139.2899932861328,138.76266479492188,2107000
2022-12-01,140.41000366210938,140.97999572753906,139.44000244140625,139.75,139.22093200683594,1044600
2022-12-02,138.97999572753906,140.60000610351562,137.82000732421875,140.52000427246094,139.98802185058594,809900
2022-12-05,139.22999572753906,139.6699981689453,138.1699981689453,139.11000061035156,138.58335876464844,760900
2022-12-06,138.80999755859375,139.0399932861328,136.2100067138672,136.89999389648438,136.3817138671875,841100
2022-12-07,135.1300048828125,136.8699951171875,134.8800048828125,135.57000732421875,135.0567626953125,844400
2022-12-08,135.5,136.9199981689453,135.47999572753906,136.35000610351562,135.83380126953125,707200
2022-12-09,136.55999755859375,137.44000244140625,135.77999877929688,135.80999755859375,135.29583740234375,643000
2022-12-12,136.69000244140625,137.55999755859375,135.58999633789062,136.82000732421875,136.30203247070312,767100
2022-12-13,138.3699951171875,138.3699951171875,135.99000549316406,136.39999389648438,135.88360595703125,896400
2022-12-14,136.77000427246094,138.1199951171875,135.36000061035156,135.92999267578125,135.41537475585938,1029200
2022-12-15,134.8699951171875,135.17999267578125,132.3800048828125,133.39999389648438,132.89495849609375,1006300
2022-12-16,132.2899932861328,132.50999450683594,130.97999572753906,131.5500030517578,131.05197143554688,2485700
2022-12-19,131.0,131.05999755859375,129.05999755859375,129.64999389648438,129.15916442871094,1768800
2022-12-20,129.49000549316406,130.4600067138672,128.61000061035156,130.0399932861328,129.5476837158203,1117400
2022-12-21,130.77000427246094,131.57000732421875,129.8800048828125,131.47999572753906,130.98223876953125,922600
2022-12-22,131.11000061035156,131.11000061035156,128.17999267578125,129.44000244140625,128.94996643066406,806300
2022-12-23,129.02000427246094,130.97000122070312,128.7100067138672,130.77000427246094,130.27493286132812,519500
2022-12-27,130.80999755859375,131.1300048828125,129.9499969482422,130.9199981689453,130.4243621826172,778600
2022-12-28,131.0399932861328,131.3000030517578,129.32000732421875,129.41000366210938,128.92007446289062,900700
2022-12-29,130.13999938964844,131.38999938964844,129.75,130.75,130.2550048828125,969200
2022-12-30,129.8800048828125,130.13999938964844,128.0,128.99000549316406,128.99000549316406,801300
2023-01-03,129.67999267578125,129.99000549316406,127.73999786376953,128.67999267578125,128.67999267578125,1354500
2023-01-04,128.97999572753906,129.19000244140625,127.58000183105469,128.25,128.25,1513300
2023-01-05,127.73999786376953,128.02999877929688,125.05999755859375,125.5199966430664,125.5199966430664,1874000
2023-01-06,126.3499984741211,129.0800018310547,126.3499984741211,128.36000061035156,128.36000061035156,2265700
2023-01-09,128.99000549316406,129.6699981689453,127.30999755859375,127.7300033569336,127.7300033569336,2350700
2023-01-10,125.54000091552734,125.93000030517578,123.19999694824219,125.16999816894531,125.16999816894531,3225000
2023-01-11,126.37000274658203,126.97000122070312,125.19999694824219,126.91999816894531,126.91999816894531,2086500
2023-01-12,127.05999755859375,127.05999755859375,122.93000030517578,123.2699966430664,123.2699966430664,1893400
2023-01-13,122.91999816894531,124.97000122070312,122.5,124.88999938964844,124.88999938964844,2365400
