Date,Open,High,Low,Close,Adj Close,Volume
2022-01-18,94.91000366210938,95.01000213623047,89.63999938964844,92.16000366210938,91.14164733886719,15343500
2022-01-19,93.0,93.31999969482422,90.97000122070312,91.51000213623047,90.49883270263672,9110700
2022-01-20,92.52999877929688,93.31999969482422,91.41999816894531,91.43000030517578,90.41970825195312,8790900
2022-01-21,91.06999969482422,91.06999969482422,88.33000183105469,89.19999694824219,88.21435546875,9773200
2022-01-24,86.44999694824219,89.05999755859375,85.18000030517578,88.70999908447266,87.7297592163086,13314700
2022-01-25,87.2699966430664,89.69000244140625,85.73999786376953,88.52999877929688,87.5517578125,9155100
2022-01-26,89.98999786376953,91.27999877929688,89.0,90.01000213623047,89.0154037475586,8703900
2022-01-27,91.01000213623047,92.9000015258789,89.05000305175781,89.69999694824219,88.70883178710938,10986500
2022-01-28,88.95999908447266,90.43000030517578,86.18000030517578,88.91000366210938,87.92755889892578,13898000
2022-01-31,87.87000274658203,88.2699966430664,84.91999816894531,87.69999694824219,86.73092651367188,12540800
2022-02-01,88.62000274658203,90.41000366210938,87.58000183105469,90.05999755859375,89.06484985351562,9309100
2022-02-02,89.94999694824219,90.69999694824219,88.30000305175781,90.36000061035156,89.36153411865234,6511500
2022-02-03,90.33999633789062,91.5999984741211,88.75,88.88999938964844,87.90778350830078,7044400
2022-02-04,88.94999694824219,93.06999969482422,88.94999694824219,91.9000015258789,90.88451385498047,8962400
2022-02-07,92.55999755859375,93.83999633789062,91.88999938964844,93.13999938964844,92.1108169555664,5368300
2022-02-08,93.7699966430664,95.27999877929688,93.69000244140625,94.95999908447266,93.91070556640625,8092700
2022-02-09,95.63999938964844,96.23999786376953,94.2300033569336,94.5199966430664,93.47557067871094,5545100
2022-02-10,93.66000366210938,95.5199966430664,92.51000213623047,92.8499984741211,92.01873016357422,9336400
2022-02-11,92.2300033569336,92.63999938964844,88.51000213623047,89.11000061035156,88.31221008300781,12520300
2022-02-14,89.22000122070312,89.37000274658203,86.2300033569336,87.73999786376953,86.95448303222656,9735700
2022-02-15,89.1500015258789,90.41999816894531,88.9000015258789,89.63999938964844,88.83747100830078,6049500
2022-02-16,88.55999755859375,89.83999633789062,88.23999786376953,89.33000183105469,88.5302505493164,4936600
2022-02-17,88.0,88.33999633789062,85.91000366210938,86.0199966430664,85.2498779296875,7858200
2022-02-18,85.7300033569336,86.8499984741211,85.33999633789062,85.61000061035156,84.84355163574219,5605800
2022-02-22,85.2699966430664,86.30000305175781,84.12000274658203,84.56999969482422,83.81285858154297,7000700
2022-02-23,85.37000274658203,86.5199966430664,82.18000030517578,82.55000305175781,81.81094360351562,7808600
2022-02-24,79.16999816894531,82.58999633789062,77.5199966430664,82.2699966430664,81.533447265625,10687500
2022-02-25,82.41999816894531,86.47000122070312,82.37999725341797,85.75,84.9822998046875,9128100
2022-02-28,83.01000213623047,85.48999786376953,82.63999938964844,84.45999908447266,83.70384216308594,9401400
2022-03-01,83.16000366210938,83.62000274658203,76.51000213623047,77.86000061035156,77.1629409790039,14470700
2022-03-02,79.0,82.54000091552734,78.81999969482422,81.80999755859375,81.07756805419922,10446900
2022-03-03,82.0,82.29000091552734,80.04000091552734,80.70999908447266,79.98741912841797,6544700
2022-03-04,78.5,79.5999984741211,77.66000366210938,79.2300033569336,78.52067565917969,6676000
2022-03-07,78.38999938964844,79.27999877929688,76.2300033569336,76.36000061035156,75.67636108398438,7950500
2022-03-08,77.1500015258789,77.69999694824219,74.62999725341797,75.69000244140625,75.01236724853516,7100700
2022-03-09,79.18000030517578,80.16000366210938,78.16000366210938,79.38999938964844,78.67922973632812,5883900
2022-03-10,78.12999725341797,79.83000183105469,77.70999908447266,79.6500015258789,78.9369125366211,5030900
2022-03-11,81.30000305175781,81.6500015258789,80.16000366210938,80.23999786376953,79.52162170410156,6321000
2022-03-14,82.30000305175781,84.81999969482422,81.83000183105469,83.26000213623047,82.51458740234375,9527100
2022-03-15,84.11000061035156,84.37999725341797,82.30000305175781,83.16999816894531,82.42539978027344,5805400
2022-03-16,84.94999694824219,88.98999786376953,84.56999969482422,88.94000244140625,88.14374542236328,10413500
2022-03-17,87.72000122070312,89.81999969482422,86.76000213623047,89.77999877929688,88.9762191772461,6689600
2022-03-18,89.98999786376953,90.7699966430664,89.43000030517578,90.0,89.19424438476562,13003200
2022-03-21,90.05000305175781,90.33000183105469,88.23999786376953,89.01000213623047,88.2131118774414,5782200
2022-03-22,90.26000213623047,93.0,90.26000213623047,92.19999694824219,91.37454986572266,8382700
2022-03-23,91.2300033569336,92.02999877929688,89.75,89.75,88.94648742675781,6159300
2022-03-24,90.61000061035156,91.51000213623047,89.88999938964844,90.93000030517578,90.11592102050781,6164600
2022-03-25,89.98999786376953,91.47000122070312,89.2300033569336,91.36000061035156,90.54207611083984,6894600
2022-03-28,91.44999694824219,91.8499984741211,90.6500015258789,91.80000305175781,90.97813415527344,4194000
2022-03-29,93.06999969482422,93.16000366210938,91.02999877929688,91.22000122070312,90.4033203125,6072600
2022-03-30,91.41999816894531,91.52999877929688,88.37999725341797,88.76000213623047,87.9653549194336,7478300
2022-03-31,88.44999694824219,88.80000305175781,84.19000244140625,84.30999755859375,83.55519104003906,12792300
2022-04-01,85.37000274658203,85.52999877929688,82.72000122070312,83.54000091552734,82.79208374023438,10638900
2022-04-04,83.08000183105469,84.01000213623047,82.08999633789062,82.30000305175781,81.56319427490234,9851100
2022-04-05,82.27999877929688,84.4000015258789,81.66000366210938,81.86000061035156,81.12712097167969,8913800
2022-04-06,81.19999694824219,82.48999786376953,80.62999725341797,80.87000274658203,80.14598846435547,7083100
2022-04-07,80.43000030517578,80.69000244140625,78.5999984741211,80.02999877929688,79.31350708007812,8144100
2022-04-08,80.69999694824219,82.27999877929688,80.12999725341797,81.69000244140625,80.95864868164062,6617700
2022-04-11,81.62000274658203,83.47000122070312,81.12999725341797,81.58000183105469,80.84963989257812,5632300
2022-04-12,81.69000244140625,82.76000213623047,79.58000183105469,80.06999969482422,79.3531494140625,7596900
2022-04-13,80.08000183105469,84.05000305175781,79.69000244140625,83.83000183105469,83.0794906616211,9598100
2022-04-14,84.0,85.58999633789062,82.45999908447266,82.75,82.0091552734375,11563000
2022-04-18,76.30000305175781,77.0,72.9000015258789,74.94000244140625,74.26908111572266,24023500
2022-04-19,75.04000091552734,77.68000030517578,74.98999786376953,76.9000015258789,76.21153259277344,15361200
2022-04-20,77.55999755859375,78.12999725341797,76.3499984741211,76.44999694824219,75.76556396484375,8671300
2022-04-21,77.61000061035156,78.23999786376953,70.77999877929688,73.2699966430664,72.61402893066406,18283400
2022-04-22,73.30000305175781,73.5199966430664,70.25,70.31999969482422,69.69043731689453,11945500
2022-04-25,69.61000061035156,70.7300033569336,68.55000305175781,70.30999755859375,69.6805191040039,9841800
2022-04-26,69.76000213623047,70.5999984741211,68.51000213623047,68.54000091552734,67.92637634277344,8661200
2022-04-27,69.0,70.33999633789062,68.54000091552734,68.58000183105469,67.96601867675781,6988200
2022-04-28,69.12999725341797,69.62000274658203,67.55000305175781,69.12000274658203,68.50118255615234,6481100
2022-04-29,69.0,69.61000061035156,66.1500015258789,66.33000183105469,65.73616790771484,7744600
2022-05-02,67.62000274658203,68.72000122070312,66.45999908447266,67.88999938964844,67.28219604492188,8411800
2022-05-03,68.1500015258789,70.0199966430664,67.94000244140625,69.45999908447266,68.83814239501953,9513300
2022-05-04,69.58000183105469,71.5999984741211,68.87000274658203,71.36000061035156,70.72113037109375,6842000
2022-05-05,70.4000015258789,70.55000305175781,68.33999633789062,69.8499984741211,69.22464752197266,7036300
2022-05-06,69.33000183105469,69.55000305175781,66.72000122070312,67.41999816894531,66.81640625,8118100
2022-05-09,66.44000244140625,66.48999786376953,63.779998779296875,64.12999725341797,63.555850982666016,9216400
2022-05-10,64.75,65.7699966430664,63.4900016784668,64.58000183105469,64.0018310546875,6661700
2022-05-11,65.01000213623047,67.5,64.54000091552734,65.12000274658203,64.53700256347656,10257400
2022-05-12,64.68000030517578,65.77999877929688,63.34000015258789,64.94999694824219,64.56681060791016,8308100
2022-05-13,65.7699966430664,66.18000030517578,64.91000366210938,65.61000061035156,65.2229232788086,6799100
2022-05-16,64.75,65.30000305175781,63.400001525878906,64.04000091552734,63.66218566894531,6051600
2022-05-17,65.69999694824219,66.27999877929688,64.33000183105469,65.19999694824219,64.81533813476562,8095200
2022-05-18,64.41999816894531,64.45999908447266,62.84000015258789,63.27000045776367,62.896728515625,7867300
2022-05-19,62.209999084472656,63.65999984741211,61.95000076293945,62.65999984741211,62.29032516479492,9179100
2022-05-20,63.31999969482422,63.630001068115234,61.529998779296875,63.279998779296875,62.90666580200195,7793700
2022-05-23,64.12999725341797,65.31999969482422,63.560001373291016,65.2699966430664,64.88492584228516,6723400
2022-05-24,64.91000366210938,64.98999786376953,62.849998474121094,63.939998626708984,63.56277084350586,5758700
2022-05-25,63.869998931884766,66.75,63.36000061035156,65.80000305175781,65.41180419921875,10584800
2022-05-26,66.91999816894531,69.44000244140625,66.8499984741211,68.81999969482422,68.41398620605469,7846700
2022-05-27,69.20999908447266,70.62999725341797,68.87000274658203,70.58999633789062,70.17353820800781,7402900
2022-05-31,70.12000274658203,70.9800033569336,69.7300033569336,70.0999984741211,69.68643188476562,11549000
2022-06-01,70.58999633789062,70.94999694824219,68.87999725341797,69.56999969482422,69.15956115722656,5065800
2022-06-02,70.0,71.7300033569336,69.26000213623047,71.66999816894531,71.2471694946289,5380700
2022-06-03,70.48999786376953,71.31999969482422,69.94000244140625,70.06999969482422,69.65660858154297,3561900
2022-06-06,71.08999633789062,71.43000030517578,67.87999725341797,68.05999755859375,67.6584701538086,8687300
2022-06-07,67.13999938964844,67.6500015258789,66.51000213623047,67.48999786376953,67.09182739257812,14689200
2022-06-08,66.5,66.80999755859375,65.36000061035156,65.7300033569336,65.34222412109375,10059100
2022-06-09,65.6500015258789,65.95999908447266,64.20999908447266,64.25,63.870941162109375,7698400
2022-06-10,63.209999084472656,63.209999084472656,61.66999816894531,62.220001220703125,61.85292434692383,8355100
2022-06-13,60.209999084472656,61.619998931884766,59.349998474121094,60.2400016784668,59.884605407714844,12359000
2022-06-14,60.939998626708984,62.029998779296875,60.11000061035156,61.11000061035156,60.74946975708008,11800900
2022-06-15,61.880001068115234,62.91999816894531,61.25,61.5099983215332,61.1471061706543,11274400
2022-06-16,60.279998779296875,61.0,59.79999923706055,60.86000061035156,60.500946044921875,9045900
2022-06-17,61.47999954223633,61.619998931884766,59.91999816894531,59.9900016784668,59.636077880859375,16943900
2022-06-21,62.290000915527344,63.61000061035156,62.06999969482422,62.380001068115234,62.01197814941406,10367600
2022-06-22,61.38999938964844,62.86000061035156,61.220001220703125,62.439998626708984,62.071624755859375,6636600
2022-06-23,62.59000015258789,62.81999969482422,60.790000915527344,62.029998779296875,61.66404342651367,6216700
2022-06-24,62.83000183105469,64.68000030517578,62.709999084472656,64.43000030517578,64.04988098144531,16120000
2022-06-27,65.4000015258789,65.4000015258789,63.5099983215332,64.1500015258789,63.77153396606445,6530900
2022-06-28,65.13999938964844,65.61000061035156,63.970001220703125,64.16999816894531,63.79141616821289,7243500
2022-06-29,64.1500015258789,64.44999694824219,63.13999938964844,63.619998931884766,63.244659423828125,5628900
2022-06-30,62.52000045776367,63.52000045776367,60.9900016784668,63.18000030517578,62.80725860595703,7550100
2022-07-01,63.189998626708984,63.970001220703125,62.439998626708984,63.91999816894531,63.54289245605469,4653800
2022-07-05,62.66999816894531,63.400001525878906,61.38999938964844,63.38999938964844,63.01601791381836,4476900
2022-07-06,62.9900016784668,64.08999633789062,62.72999954223633,63.439998626708984,63.06572341918945,6266000
2022-07-07,63.91999816894531,64.47000122070312,63.650001525878906,64.23999786376953,63.861000061035156,4713500
2022-07-08,64.12000274658203,64.55999755859375,63.18000030517578,64.36000061035156,63.98030090332031,4558600
2022-07-11,63.56999969482422,63.630001068115234,62.709999084472656,62.939998626708984,62.56867218017578,4999200
2022-07-12,62.439998626708984,63.86000061035156,62.04999923706055,62.25,61.88274383544922,6283000
2022-07-13,61.380001068115234,62.0,60.720001220703125,61.54999923706055,61.18687057495117,4370300
2022-07-14,60.290000915527344,61.16999816894531,59.59000015258789,60.56999969482422,60.21265411376953,5681100
2022-07-15,61.349998474121094,62.529998779296875,60.939998626708984,62.18000030517578,61.81315612792969,7219800
2022-07-18,63.689998626708984,63.689998626708984,60.83000183105469,61.2400016784668,60.87870407104492,9338600
2022-07-19,61.95000076293945,63.369998931884766,61.68000030517578,63.20000076293945,62.82714080810547,6802700
2022-07-20,63.18000030517578,63.54999923706055,62.400001525878906,62.83000183105469,62.45932388305664,6765800
2022-07-21,63.0,63.150001525878906,61.959999084472656,63.130001068115234,62.75755310058594,6901300
2022-07-22,63.369998931884766,63.88999938964844,62.619998931884766,62.9900016784668,62.618377685546875,6794100
2022-07-25,63.5,63.93000030517578,63.0099983215332,63.65999984741211,63.284423828125,6720300
2022-07-26,63.41999816894531,63.43000030517578,60.93000030517578,61.16999816894531,60.80911636352539,5592300
2022-07-27,61.349998474121094,62.849998474121094,61.150001525878906,62.5099983215332,62.14120864868164,5267500
2022-07-28,64.11000061035156,67.7300033569336,62.81999969482422,67.69999694824219,67.30059051513672,16393500
2022-07-29,67.69999694824219,70.2699966430664,67.62000274658203,69.05000305175781,68.64263153076172,9927900
2022-08-01,67.94000244140625,69.11000061035156,67.30000305175781,68.72000122070312,68.3145751953125,5941400
2022-08-02,65.70999908447266,68.0,65.58999633789062,67.55000305175781,67.15147399902344,13210100
2022-08-03,68.58000183105469,69.5999984741211,68.45999908447266,68.9800033569336,68.57304382324219,6793600
2022-08-04,69.11000061035156,69.41999816894531,68.5,69.0,68.5929183959961,5798900
2022-08-05,68.30000305175781,70.30999755859375,68.16999816894531,69.30999755859375,68.90109252929688,4870900
2022-08-08,69.37000274658203,69.61000061035156,68.06999969482422,68.44999694824219,68.0461654663086,4403900
2022-08-09,68.80999755859375,69.12999725341797,68.38999938964844,69.04000091552734,68.6326904296875,3940000
2022-08-10,70.0,70.30000305175781,68.94000244140625,69.94000244140625,69.52738189697266,6992600
2022-08-11,70.8499984741211,72.7699966430664,70.7699966430664,72.56999969482422,72.3695068359375,16375600
2022-08-12,73.0,75.19999694824219,71.88999938964844,75.0,74.79279327392578,15009800
2022-08-15,74.18000030517578,76.55000305175781,73.93000030517578,75.86000061035156,75.6504135131836,12471500
2022-08-16,75.36000061035156,77.41000366210938,75.2699966430664,77.18000030517578,76.96676635742188,11219100
2022-08-17,75.8499984741211,76.70999908447266,74.98999786376953,75.45999908447266,75.25151824951172,9084300
2022-08-18,75.3499984741211,76.16999816894531,75.01000213623047,75.75,75.54071807861328,3790300
2022-08-19,75.0999984741211,75.23999786376953,73.44999694824219,73.86000061035156,73.65593719482422,5133600
2022-08-22,72.5,72.94999694824219,71.8499984741211,72.55000305175781,72.34956359863281,3994900
2022-08-23,72.2699966430664,73.12999725341797,72.19999694824219,72.79000091552734,72.58889770507812,3902800
2022-08-24,72.94000244140625,73.76000213623047,72.72000122070312,73.31999969482422,73.117431640625,3712200
2022-08-25,73.68000030517578,74.30000305175781,73.26000213623047,74.0,73.7955551147461,4297600
2022-08-26,74.44999694824219,74.61000061035156,71.83000183105469,71.88999938964844,71.6913833618164,5369800
2022-08-29,71.5199966430664,72.88999938964844,71.05999755859375,71.94000244140625,71.74124908447266,5363600
2022-08-30,72.4800033569336,72.9000015258789,70.91999816894531,72.5,72.29969787597656,6952100
2022-08-31,72.83999633789062,72.83999633789062,70.94000244140625,70.94999694824219,70.75397491455078,7519000
2022-09-01,71.0,71.8499984741211,69.4000015258789,71.72000122070312,71.5218505859375,5949300
2022-09-02,72.05000305175781,72.44000244140625,70.0,70.33999633789062,70.14566040039062,6188300
2022-09-06,71.02999877929688,71.33999633789062,69.41999816894531,70.47000122070312,70.27530670166016,4903600
2022-09-07,69.94000244140625,72.16999816894531,69.87999725341797,71.79000091552734,71.59165954589844,5208000
2022-09-08,71.69000244140625,73.30999755859375,71.25,73.16000366210938,72.95787811279297,5304000
2022-09-09,73.80000305175781,74.86000061035156,73.68000030517578,74.54000091552734,74.33406066894531,6471700
2022-09-12,74.68000030517578,75.0199966430664,73.95999908447266,74.91999816894531,74.7130126953125,4511700
2022-09-13,73.13999938964844,73.86000061035156,72.5199966430664,72.94999694824219,72.74845123291016,5310200
2022-09-14,73.13999938964844,73.4000015258789,72.04000091552734,72.75,72.54900360107422,5270000
2022-09-15,71.58000183105469,73.4800033569336,71.56999969482422,72.58000183105469,72.37947845458984,4910100
2022-09-16,71.95999908447266,72.19999694824219,70.69000244140625,71.87000274658203,71.67144012451172,12599100
2022-09-19,71.2699966430664,73.87999725341797,71.12000274658203,73.70999908447266,73.50635528564453,7608900
2022-09-20,73.08000183105469,74.5199966430664,72.9000015258789,73.3499984741211,73.14734649658203,7442400
2022-09-21,74.36000061035156,75.33999633789062,72.8499984741211,72.91000366210938,72.70856475830078,8087200
2022-09-22,73.58000183105469,74.16999816894531,71.5999984741211,72.05999755859375,71.86090850830078,8132800
2022-09-23,71.1500015258789,71.33000183105469,69.80999755859375,70.88999938964844,70.69414520263672,7988600
2022-09-26,70.45999908447266,71.9800033569336,70.2699966430664,70.88999938964844,70.69414520263672,10467400
2022-09-27,71.7699966430664,72.66000366210938,70.6500015258789,71.62999725341797,71.43209838867188,6557600
2022-09-28,71.5999984741211,73.7699966430664,71.48999786376953,73.25,73.04762268066406,8273400
2022-09-29,72.38999938964844,73.26000213623047,71.56999969482422,72.63999938964844,72.4393081665039,7057500
2022-09-30,72.44000244140625,73.63999938964844,71.33999633789062,71.87000274658203,71.67144012451172,7633200
2022-10-03,72.94999694824219,73.48999786376953,72.01000213623047,73.20999908447266,73.00773620605469,8144000
2022-10-04,74.68000030517578,76.58999633789062,74.58000183105469,76.22000122070312,76.0094223022461,8491600
2022-10-05,75.45999908447266,76.79000091552734,75.30000305175781,75.93000030517578,75.72022247314453,6384300
2022-10-06,75.73999786376953,77.04000091552734,75.5,75.98999786376953,75.7800521850586,6276900
2022-10-07,75.5,75.87999725341797,73.58999633789062,74.30999755859375,74.10469055175781,8063000
2022-10-10,74.83999633789062,75.30999755859375,73.25,73.55999755859375,73.35676574707031,6192300
2022-10-11,72.87999725341797,73.11000061035156,71.2300033569336,71.70999908447266,71.51187896728516,9676100
2022-10-12,71.70999908447266,72.66999816894531,70.73999786376953,71.88999938964844,71.6913833618164,8460000
2022-10-13,70.31999969482422,74.58000183105469,70.08999633789062,74.06999969482422,73.8653564453125,9491900
2022-10-14,74.31999969482422,75.0,68.45999908447266,68.9800033569336,68.7894287109375,13326300
2022-10-17,70.56999969482422,70.56999969482422,65.38999938964844,67.43000030517578,67.24370574951172,20113300
2022-10-18,69.63999938964844,70.94000244140625,68.2699966430664,68.61000061035156,68.42044830322266,11732200
2022-10-19,68.20999908447266,69.62000274658203,68.19999694824219,68.70999908447266,68.5201644897461,5917800
2022-10-20,68.66000366210938,69.9800033569336,67.83000183105469,68.0,67.8121337890625,7761700
2022-10-21,68.26000213623047,70.3499984741211,67.7699966430664,70.31999969482422,70.12571716308594,6621300
2022-10-24,70.30999755859375,71.29000091552734,69.5199966430664,70.69999694824219,70.50466918945312,5456300
2022-10-25,70.94000244140625,72.68000030517578,70.63999938964844,72.45999908447266,72.25980377197266,5144600
2022-10-26,72.5999984741211,74.30999755859375,72.5999984741211,72.94999694824219,72.74845123291016,5788500
2022-10-27,73.47000122070312,77.77999877929688,73.30999755859375,77.33000183105469,77.1163558959961,16821900
2022-10-28,78.63999938964844,80.69000244140625,78.08000183105469,80.19000244140625,79.96845245361328,11482000
2022-10-31,79.88999938964844,80.4800033569336,78.97000122070312,79.66999816894531,79.44989013671875,10450800
2022-11-01,80.08000183105469,81.08000183105469,79.43000030517578,79.88999938964844,79.66928100585938,5430600
2022-11-02,79.72000122070312,80.63999938964844,78.36000061035156,78.93000030517578,78.71192932128906,5139100
2022-11-03,78.22000122070312,80.04000091552734,77.58999633789062,78.94999694824219,78.73187255859375,5370400
2022-11-04,79.98999786376953,80.86000061035156,78.88999938964844,79.05000305175781,78.83160400390625,9053600
2022-11-07,79.36000061035156,79.68000030517578,78.22000122070312,79.6500015258789,79.42994689941406,5633700
2022-11-08,80.0,80.36000061035156,79.0,79.62999725341797,79.40999603271484,5142500
2022-11-09,79.41000366210938,79.69999694824219,78.12999725341797,78.2699966430664,78.2699966430664,4194300
2022-11-10,80.44000244140625,80.95999908447266,76.05999755859375,78.55999755859375,78.55999755859375,12947100
2022-11-11,79.94000244140625,80.19000244140625,77.51000213623047,78.36000061035156,78.36000061035156,12172300
2022-11-14,77.12999725341797,77.47000122070312,75.62000274658203,76.47000122070312,76.47000122070312,12606400
2022-11-15,77.44000244140625,78.94999694824219,77.19999694824219,78.30000305175781,78.30000305175781,6709500
2022-11-16,78.0199966430664,78.36000061035156,77.37999725341797,77.41000366210938,77.41000366210938,6278100
2022-11-17,76.36000061035156,78.04000091552734,76.0,77.9000015258789,77.9000015258789,6787200
2022-11-18,78.97000122070312,80.2300033569336,78.83999633789062,79.80999755859375,79.80999755859375,7540900
2022-11-21,79.93000030517578,80.30000305175781,79.47000122070312,80.0,80.0,5858500
2022-11-22,80.77999877929688,82.20999908447266,80.66000366210938,81.26000213623047,81.26000213623047,6901000
2022-11-23,81.77999877929688,82.38999938964844,81.26000213623047,81.41000366210938,81.41000366210938,4386400
2022-11-25,81.63999938964844,81.77999877929688,80.87999725341797,81.61000061035156,81.61000061035156,1683400
2022-11-28,80.91999816894531,81.2699966430664,79.75,79.83000183105469,79.83000183105469,5833900
2022-11-29,79.80999755859375,80.83000183105469,79.80999755859375,80.38999938964844,80.38999938964844,6043100
2022-11-30,80.04000091552734,82.66000366210938,79.56999969482422,82.54000091552734,82.54000091552734,10237600
2022-12-01,82.58000183105469,82.66999816894531,80.75,81.7300033569336,81.7300033569336,6122000
2022-12-02,81.27999877929688,82.54000091552734,80.7300033569336,82.45999908447266,82.45999908447266,4227000
2022-12-05,81.72000122070312,81.98999786376953,80.38999938964844,81.23999786376953,81.23999786376953,4943200
2022-12-06,80.9800033569336,81.80999755859375,80.04000091552734,80.58999633789062,80.58999633789062,4989600
2022-12-07,80.13999938964844,81.26000213623047,79.98999786376953,80.19000244140625,80.19000244140625,5911100
2022-12-08,80.81999969482422,80.8499984741211,79.83999633789062,80.25,80.25,3898800
2022-12-09,79.91999816894531,80.30000305175781,79.7300033569336,79.81999969482422,79.81999969482422,5098400
2022-12-12,79.5999984741211,80.55000305175781,79.51000213623047,80.29000091552734,80.29000091552734,6803900
2022-12-13,82.02999877929688,82.29000091552734,77.30000305175781,77.75,77.75,10448800
2022-12-14,77.5,79.01000213623047,77.01000213623047,77.31999969482422,77.31999969482422,8753100
2022-12-15,76.72000122070312,77.31999969482422,75.9800033569336,77.05999755859375,77.05999755859375,7854500
2022-12-16,76.66999816894531,78.55999755859375,76.55000305175781,78.19000244140625,78.19000244140625,13857700
2022-12-19,78.25,79.54000091552734,78.0199966430664,78.26000213623047,78.26000213623047,6478200
2022-12-20,78.76000213623047,80.16999816894531,78.41000366210938,79.55999755859375,79.55999755859375,7110700
2022-12-21,80.55999755859375,81.69999694824219,80.5199966430664,81.25,81.25,7123500
2022-12-22,81.11000061035156,81.44000244140625,79.83000183105469,80.80000305175781,80.80000305175781,6124600
2022-12-23,80.77999877929688,82.1500015258789,80.26000213623047,81.7699966430664,81.7699966430664,4756400
2022-12-27,82.11000061035156,82.7699966430664,81.70999908447266,82.22000122070312,82.22000122070312,5346500
2022-12-28,82.37000274658203,82.98999786376953,81.94000244140625,82.3499984741211,82.3499984741211,3382700
2022-12-29,82.75,82.97000122070312,82.23999786376953,82.66000366210938,82.66000366210938,3378500
2022-12-30,82.22000122070312,83.37999725341797,82.0,83.26000213623047,83.26000213623047,5058400
2023-01-03,83.56999969482422,83.8499984741211,81.23999786376953,81.94000244140625,81.94000244140625,7443200
2023-01-04,83.19000244140625,83.7300033569336,82.20999908447266,83.3499984741211,83.3499984741211,6199100
2023-01-05,82.9000015258789,83.5999984741211,82.19999694824219,83.11000061035156,83.11000061035156,4562400
2023-01-06,84.01000213623047,84.97000122070312,83.20999908447266,84.54000091552734,84.54000091552734,6462600
2023-01-09,85.0,86.62999725341797,84.83999633789062,85.43000030517578,85.43000030517578,8036900
2023-01-10,85.43000030517578,85.91999816894531,84.97000122070312,85.62000274658203,85.62000274658203,3986600
2023-01-11,85.55000305175781,85.91000366210938,83.08999633789062,83.41999816894531,83.41999816894531,10252000
2023-01-12,83.63999938964844,84.04000091552734,82.72000122070312,83.4800033569336,83.4800033569336,8211600
2023-01-13,82.76000213623047,83.18000030517578,81.54000091552734,82.9800033569336,82.9800033569336,9308600
