Date,Open,High,Low,Close,Adj Close,Volume
2022-01-18,300.7099914550781,306.95001220703125,297.7799987792969,306.2200012207031,303.3196105957031,2738200
2022-01-19,306.6600036621094,309.20001220703125,303.57000732421875,303.7900085449219,300.9126281738281,1859800
2022-01-20,305.32000732421875,307.57000732421875,296.75,297.6600036621094,294.8406677246094,1501300
2022-01-21,297.6600036621094,301.8500061035156,292.760009765625,292.8500061035156,290.0762939453125,2124900
2022-01-24,287.25,299.6400146484375,284.8999938964844,298.5199890136719,295.6925354003906,2987300
2022-01-25,294.510009765625,298.95001220703125,290.5199890136719,294.260009765625,291.4729309082031,2908000
2022-01-26,295.0,299.989990234375,291.7200012207031,292.75,289.9771728515625,3524100
2022-01-27,290.2799987792969,294.94000244140625,279.80999755859375,283.1700134277344,280.4879455566406,3374500
2022-01-28,282.3800048828125,287.8500061035156,273.7799987792969,287.70001220703125,284.97503662109375,2316800
2022-01-31,287.0,288.8999938964844,283.20001220703125,286.510009765625,283.79632568359375,2498700
2022-02-01,288.7300109863281,294.29998779296875,284.69000244140625,293.0899963378906,290.31396484375,2221000
2022-02-02,293.70001220703125,295.75,290.1700134277344,294.32000732421875,291.5323181152344,1190100
2022-02-03,291.510009765625,294.0799865722656,287.3999938964844,287.8299865722656,285.1037902832031,998800
2022-02-04,286.0199890136719,286.1000061035156,280.6099853515625,281.7300109863281,279.0616149902344,1459700
2022-02-07,282.1499938964844,282.67999267578125,279.2200012207031,279.2200012207031,276.5753479003906,1474900
2022-02-08,280.1000061035156,281.0,277.9800109863281,279.6700134277344,277.0210876464844,1125900
2022-02-09,283.0,288.5,282.9599914550781,286.6199951171875,283.9052429199219,1086400
2022-02-10,283.17999267578125,285.4200134277344,278.510009765625,279.92999267578125,277.27862548828125,1215200
2022-02-11,278.94000244140625,279.92999267578125,272.20001220703125,273.1000061035156,270.5133361816406,1265100
2022-02-14,273.5400085449219,274.6499938964844,269.17999267578125,270.4800109863281,267.9181213378906,1074700
2022-02-15,274.739990234375,275.04998779296875,270.239990234375,271.57000732421875,268.9977722167969,1166900
2022-02-16,271.8599853515625,273.04998779296875,266.8800048828125,272.6300048828125,270.0477600097656,924000
2022-02-17,271.25,273.05999755859375,266.4599914550781,267.2200012207031,264.68902587890625,946100
2022-02-18,267.69000244140625,271.489990234375,266.3599853515625,268.07000732421875,265.53094482421875,1317400
2022-02-22,265.8599853515625,266.7200012207031,259.1300048828125,261.5799865722656,259.1024169921875,2088600
2022-02-23,262.8999938964844,264.1000061035156,259.1499938964844,259.3999938964844,256.9430236816406,2101400
2022-02-24,253.52000427246094,259.5799865722656,251.42999267578125,258.94000244140625,256.4874267578125,2010200
2022-02-25,259.54998779296875,267.3900146484375,259.1600036621094,267.2699890136719,265.3533935546875,1423800
2022-02-28,264.7300109863281,266.79998779296875,260.8299865722656,263.1300048828125,261.2430725097656,2315000
2022-03-01,261.5199890136719,263.4599914550781,253.9499969482422,255.52999877929688,253.6975860595703,2311200
2022-03-02,256.04998779296875,261.17999267578125,255.5800018310547,260.2200012207031,258.35394287109375,1449300
2022-03-03,262.82000732421875,263.92999267578125,256.2200012207031,258.0400085449219,256.1895751953125,997900
2022-03-04,255.4600067138672,258.75,253.52000427246094,258.489990234375,256.6363525390625,1643700
2022-03-07,257.45001220703125,258.5,242.89999389648438,242.9499969482422,241.20779418945312,2197700
2022-03-08,242.4499969482422,248.0800018310547,236.1999969482422,239.85000610351562,238.13002014160156,2049100
2022-03-09,241.97999572753906,244.5399932861328,238.00999450683594,241.7100067138672,239.9766845703125,1887100
2022-03-10,238.3800048828125,239.44000244140625,235.85000610351562,237.5500030517578,235.84652709960938,1672300
2022-03-11,238.00999450683594,239.1300048828125,233.32000732421875,233.58999633789062,231.91490173339844,1269900
2022-03-14,234.86000061035156,239.6699981689453,233.41000366210938,237.6300048828125,235.9259490966797,1340700
2022-03-15,239.72999572753906,244.47999572753906,239.27000427246094,242.44000244140625,240.70144653320312,1757500
2022-03-16,244.97999572753906,249.60000610351562,239.66000366210938,244.3800048828125,242.62753295898438,1651100
2022-03-17,242.50999450683594,247.52999877929688,241.49000549316406,247.52000427246094,245.7450408935547,1409000
2022-03-18,248.1300048828125,252.6300048828125,244.8800048828125,251.52999877929688,249.7262725830078,2068300
2022-03-21,251.1999969482422,251.8800048828125,244.13999938964844,245.82000732421875,244.0572052001953,1135900
2022-03-22,251.49000549316406,252.14999389648438,248.5500030517578,250.1699981689453,248.37600708007812,1400300
2022-03-23,248.4199981689453,249.75999450683594,246.8000030517578,247.63999938964844,245.86415100097656,1276500
2022-03-24,248.4600067138672,250.00999450683594,246.60000610351562,249.92999267578125,248.1377410888672,1369800
2022-03-25,249.2899932861328,250.7899932861328,244.4600067138672,245.2100067138672,243.4515838623047,1143300
2022-03-28,245.5399932861328,250.6199951171875,244.11000061035156,250.5800018310547,248.78306579589844,1282100
2022-03-29,259.04998779296875,264.42999267578125,256.32000732421875,259.3500061035156,257.49017333984375,1904000
2022-03-30,257.0,258.1099853515625,252.19000244140625,253.00999450683594,251.1956329345703,1157500
2022-03-31,253.4499969482422,255.5,249.6199951171875,249.6199951171875,247.8299560546875,1816700
2022-04-01,251.36000061035156,255.3699951171875,249.63999938964844,255.2100067138672,253.3798828125,1378300
2022-04-04,253.82000732421875,259.0799865722656,252.32000732421875,259.0400085449219,257.1824035644531,1587500
2022-04-05,258.2799987792969,262.30999755859375,256.75,257.9700012207031,256.1200866699219,1603300
2022-04-06,255.91000366210938,263.6499938964844,254.3000030517578,262.6300048828125,260.7466735839844,1671300
2022-04-07,261.260009765625,264.2099914550781,258.3299865722656,263.8299865722656,261.93804931640625,1559400
2022-04-08,265.0,266.7699890136719,262.3999938964844,263.760009765625,261.8685607910156,1131300
2022-04-11,262.0799865722656,264.4599914550781,260.7300109863281,261.1000061035156,259.2276611328125,995900
2022-04-12,262.989990234375,265.20001220703125,255.83999633789062,256.95001220703125,255.10739135742188,857600
2022-04-13,255.74000549316406,259.7200012207031,254.22999572753906,258.3999938964844,256.5469970703125,1282300
2022-04-14,259.8399963378906,261.260009765625,252.75,252.89999389648438,251.08642578125,1246800
2022-04-18,249.75999450683594,252.5800018310547,245.3800048828125,246.1699981689453,244.40469360351562,1389300
2022-04-19,246.64999389648438,253.85000610351562,246.64999389648438,252.25,250.44110107421875,1275500
2022-04-20,255.02999877929688,258.6700134277344,251.02000427246094,253.08999633789062,251.2750701904297,1705500
2022-04-21,256.3900146484375,258.42999267578125,251.3300018310547,251.61000061035156,249.80569458007812,1408400
2022-04-22,251.14999389648438,251.14999389648438,244.63999938964844,244.9199981689453,243.1636505126953,1426500
2022-04-25,245.1300048828125,248.35000610351562,240.6999969482422,248.02000427246094,246.24143981933594,1738500
2022-04-26,268.7799987792969,275.94000244140625,266.32000732421875,271.3699951171875,269.4239807128906,5011900
2022-04-27,272.739990234375,283.989990234375,272.45001220703125,279.3800048828125,277.3765563964844,3950200
2022-04-28,283.0,284.70001220703125,276.260009765625,281.30999755859375,279.292724609375,2367100
2022-04-29,280.0299987792969,285.0,273.8999938964844,274.9599914550781,272.9882507324219,3099500
2022-05-02,273.79998779296875,278.20001220703125,265.9100036621094,268.7799987792969,266.85260009765625,2870700
2022-05-03,268.489990234375,271.0799865722656,265.9200134277344,269.3699951171875,267.4383239746094,2007000
2022-05-04,270.44000244140625,283.1499938964844,270.2099914550781,282.5299987792969,280.50396728515625,2059100
2022-05-05,280.1099853515625,282.1600036621094,273.6099853515625,276.95001220703125,274.9639892578125,2130000
2022-05-06,275.7699890136719,275.7699890136719,268.1400146484375,273.3800048828125,271.4195861816406,1758600
2022-05-09,269.989990234375,280.8399963378906,269.5199890136719,276.9700012207031,274.98382568359375,2280300
2022-05-10,278.6700134277344,280.0,265.17999267578125,266.3699951171875,264.4598388671875,2208700
2022-05-11,265.3599853515625,271.4700012207031,263.7799987792969,264.6700134277344,262.77203369140625,1376500
2022-05-12,262.4200134277344,275.1099853515625,261.0,274.5400085449219,272.5712585449219,2637500
2022-05-13,275.6600036621094,277.9100036621094,270.489990234375,273.3299865722656,271.36993408203125,1501600
2022-05-16,270.6199951171875,274.7099914550781,265.32000732421875,271.3699951171875,269.4239807128906,1278700
2022-05-17,275.29998779296875,276.45001220703125,266.6600036621094,269.260009765625,267.3291015625,1603800
2022-05-18,266.3999938964844,267.9800109863281,258.05999755859375,259.6600036621094,257.7979431152344,1526900
2022-05-19,257.739990234375,263.32000732421875,255.16000366210938,259.3699951171875,258.1064453125,1690300
2022-05-20,260.510009765625,262.30999755859375,250.17999267578125,257.95001220703125,256.6933898925781,2576100
2022-05-23,260.6099853515625,261.79998779296875,257.3699951171875,259.2699890136719,258.0069274902344,1290300
2022-05-24,259.3900146484375,260.0199890136719,254.1999969482422,257.6499938964844,256.3948059082031,1450700
2022-05-25,257.2099914550781,265.4599914550781,255.75999450683594,265.1199951171875,263.82843017578125,1420800
2022-05-26,270.2699890136719,274.2699890136719,266.3999938964844,271.9700012207031,270.6450500488281,1363900
2022-05-27,274.1000061035156,276.3800048828125,272.510009765625,276.3500061035156,275.0037536621094,1180100
2022-05-31,272.7099914550781,272.7099914550781,265.0,268.0400085449219,266.7342224121094,4118300
2022-06-01,270.1199951171875,270.1199951171875,263.42999267578125,265.260009765625,263.9677734375,1202100
2022-06-02,266.54998779296875,269.7699890136719,265.07000732421875,269.489990234375,268.1771545410156,2271600
2022-06-03,266.79998779296875,273.42999267578125,266.4100036621094,268.8800048828125,267.5700988769531,1395800
2022-06-06,268.989990234375,275.8900146484375,268.17999267578125,275.0299987792969,273.6901550292969,1220000
2022-06-07,272.1300048828125,278.30999755859375,271.45001220703125,277.2300109863281,275.87945556640625,1293200
2022-06-08,275.0199890136719,275.7699890136719,266.92999267578125,268.0799865722656,266.7740173339844,1154600
2022-06-09,267.29998779296875,273.8500061035156,261.8699951171875,261.989990234375,260.71368408203125,1593100
2022-06-10,258.1300048828125,258.29998779296875,247.22000122070312,247.4199981689453,246.21466064453125,1513800
2022-06-13,241.4499969482422,245.25,236.6300048828125,237.86000061035156,236.70123291015625,1635600
2022-06-14,236.9199981689453,239.1999969482422,226.94000244140625,229.47999572753906,228.36204528808594,1539000
2022-06-15,231.72000122070312,233.50999450683594,224.39999389648438,228.99000549316406,227.87445068359375,1580200
2022-06-16,223.2899932861328,223.82000732421875,216.1199951171875,218.9499969482422,217.88336181640625,1553000
2022-06-17,218.55999755859375,226.27999877929688,214.22000122070312,222.7899932861328,221.70465087890625,2627900
2022-06-21,221.6999969482422,224.16000366210938,217.22999572753906,220.14999389648438,219.0775146484375,2509400
2022-06-22,215.1300048828125,223.5500030517578,215.00999450683594,221.1999969482422,220.1223907470703,2370500
2022-06-23,222.05999755859375,225.32000732421875,220.49000549316406,224.88999938964844,223.79441833496094,2481900
2022-06-24,227.0,231.66000366210938,226.0,231.25,230.12342834472656,2744300
2022-06-27,230.36000061035156,231.2100067138672,226.17999267578125,227.16000366210938,226.05335998535156,1633400
2022-06-28,229.08999633789062,231.3699951171875,222.80999755859375,223.30999755859375,222.2221221923828,1143300
2022-06-29,222.32000732421875,226.32000732421875,221.08999633789062,225.41000366210938,224.3118896484375,1266800
2022-06-30,224.0,225.60000610351562,218.61000061035156,223.91000366210938,222.81919860839844,1548400
2022-07-01,225.0,235.49000549316406,224.3800048828125,235.22999572753906,234.08404541015625,2295800
2022-07-05,233.0,242.66000366210938,230.97000122070312,242.22999572753906,241.04994201660156,2331100
2022-07-06,242.83999633789062,247.0399932861328,240.3699951171875,242.74000549316406,241.55746459960938,1817700
2022-07-07,240.7899932861328,245.75999450683594,239.2100067138672,239.49000549316406,238.32330322265625,1528300
2022-07-08,238.5,239.66000366210938,236.16000366210938,238.2899932861328,237.12913513183594,923500
2022-07-11,236.24000549316406,243.6699981689453,236.00999450683594,241.9600067138672,240.78128051757812,1214200
2022-07-12,245.0800018310547,252.17999267578125,243.61000061035156,246.55999755859375,245.3588409423828,1691000
2022-07-13,240.0,246.57000732421875,237.8699951171875,245.72000122070312,244.52294921875,1308500
2022-07-14,242.27000427246094,245.16000366210938,240.5800018310547,244.44000244140625,243.2491912841797,1098300
2022-07-15,248.6199951171875,249.05999755859375,243.80999755859375,245.57000732421875,244.37368774414062,1109600
2022-07-18,246.11000061035156,247.08999633789062,242.07000732421875,243.25,242.06497192382812,1269600
2022-07-19,246.2100067138672,248.00999450683594,243.0500030517578,247.47999572753906,246.2743682861328,1034900
2022-07-20,248.25,250.52000427246094,246.17999267578125,249.52999877929688,248.3143768310547,1062800
2022-07-21,250.4600067138672,257.0899963378906,249.72000122070312,256.5899963378906,255.33999633789062,1087000
2022-07-22,258.6499938964844,263.239990234375,256.8599853515625,259.010009765625,257.7481994628906,1496900
2022-07-25,257.80999755859375,259.8399963378906,255.77000427246094,259.010009765625,257.7481994628906,1194600
2022-07-26,257.0,257.2799987792969,252.5399932861328,254.2899932861328,253.05117797851562,1366300
2022-07-27,226.19000244140625,233.27999877929688,220.74000549316406,231.97000122070312,230.83993530273438,7253600
2022-07-28,230.8300018310547,245.61000061035156,230.50999450683594,243.0399932861328,241.85598754882812,2498400
2022-07-29,243.0,246.0399932861328,241.47999572753906,241.94000244140625,240.76136779785156,1974000
2022-08-01,240.3800048828125,243.74000549316406,238.8300018310547,243.08999633789062,241.90574645996094,2162200
2022-08-02,244.08999633789062,245.3699951171875,239.4499969482422,243.61000061035156,242.4232177734375,1980000
2022-08-03,242.7899932861328,243.22999572753906,237.82000732421875,239.32000732421875,238.1541290283203,1887400
2022-08-04,239.57000732421875,244.75999450683594,239.57000732421875,243.08999633789062,241.90574645996094,1016700
2022-08-05,240.00999450683594,240.82000732421875,235.72999572753906,237.0800018310547,235.92503356933594,1955100
2022-08-08,239.8000030517578,242.91000366210938,238.72000122070312,240.49000549316406,239.3184356689453,1518600
2022-08-09,239.47000122070312,240.1999969482422,232.17999267578125,232.36000061035156,231.22802734375,2056700
2022-08-10,237.8800048828125,247.22000122070312,237.1699981689453,243.74000549316406,242.55259704589844,2464800
2022-08-11,246.24000549316406,247.33999633789062,242.11000061035156,243.99000549316406,242.80137634277344,1624800
2022-08-12,245.11000061035156,251.82000732421875,244.66000366210938,251.61000061035156,250.38424682617188,1479100
2022-08-15,252.14999389648438,258.2699890136719,251.33999633789062,257.3399963378906,256.0863342285156,1333600
2022-08-16,255.35000610351562,258.9200134277344,255.1199951171875,256.2699890136719,255.02154541015625,1369200
2022-08-17,252.36000061035156,254.13999938964844,250.0500030517578,251.47000122070312,250.24493408203125,1419500
2022-08-18,250.80999755859375,251.9600067138672,247.44000244140625,248.97000122070312,248.34967041015625,1262600
2022-08-19,247.99000549316406,248.8699951171875,244.13999938964844,244.5800018310547,243.97061157226562,939900
2022-08-22,241.49000549316406,244.52999877929688,240.42999267578125,241.44000244140625,240.8384246826172,1065400
2022-08-23,239.36000061035156,240.85000610351562,236.9499969482422,238.0800018310547,237.48680114746094,1241300
2022-08-24,238.25999450683594,242.69000244140625,237.1199951171875,239.52999877929688,238.9331817626953,1464200
2022-08-25,241.32000732421875,244.6300048828125,240.05999755859375,244.52999877929688,243.9207305908203,825300
2022-08-26,245.0,245.0,235.52999877929688,235.6999969482422,235.11273193359375,1184000
2022-08-29,233.8300018310547,236.3699951171875,231.63999938964844,234.00999450683594,233.42694091796875,1255700
2022-08-30,235.94000244140625,238.1699981689453,234.41000366210938,235.0,234.4144744873047,1343600
2022-08-31,237.9199981689453,237.99000549316406,232.05999755859375,232.10000610351562,231.52171325683594,1742500
2022-09-01,231.08999633789062,233.41000366210938,230.0800018310547,232.3300018310547,231.75112915039062,1575000
2022-09-02,235.25,236.25999450683594,230.85000610351562,231.80999755859375,231.232421875,1199100
2022-09-06,232.5,232.75,227.8699951171875,228.3800048828125,227.81097412109375,1303000
2022-09-07,229.60000610351562,238.7100067138672,228.24000549316406,238.64999389648438,238.0553741455078,1434500
2022-09-08,236.75,241.1300048828125,235.49000549316406,240.77999877929688,240.18006896972656,1179700
2022-09-09,241.1999969482422,242.36000061035156,239.50999450683594,240.35000610351562,239.7511444091797,1318300
2022-09-12,241.92999267578125,244.82000732421875,241.0,242.97000122070312,242.3646240234375,1477800
2022-09-13,236.1300048828125,236.74000549316406,230.25999450683594,230.86000061035156,230.2847900390625,1084200
2022-09-14,230.05999755859375,230.41000366210938,223.8699951171875,225.85000610351562,225.2872772216797,1360900
2022-09-15,225.99000549316406,229.86000061035156,223.52999877929688,223.8699951171875,223.31219482421875,1100000
2022-09-16,219.6999969482422,223.1699981689453,219.6999969482422,221.55999755859375,221.00796508789062,2410700
2022-09-19,220.86000061035156,223.50999450683594,220.57000732421875,223.17999267578125,222.62391662597656,1159800
2022-09-20,220.0,220.52000427246094,217.07000732421875,218.8300018310547,218.28475952148438,1188000
2022-09-21,220.08999633789062,221.14999389648438,213.66000366210938,213.83999633789062,213.30718994140625,1197100
2022-09-22,211.72000122070312,212.5,207.67999267578125,208.0500030517578,207.53163146972656,2213900
2022-09-23,206.47000122070312,212.94000244140625,206.39999389648438,211.22000122070312,210.6937255859375,1610600
2022-09-26,211.0500030517578,212.32000732421875,206.83999633789062,209.0,208.47926330566406,1783300
2022-09-27,211.41000366210938,212.7100067138672,206.0399932861328,208.55999755859375,208.04034423828125,1538200
2022-09-28,211.67999267578125,214.19000244140625,208.17999267578125,213.07000732421875,212.53912353515625,1579500
2022-09-29,211.24000549316406,211.64999389648438,206.32000732421875,207.83999633789062,207.3221435546875,1100800
2022-09-30,208.41000366210938,210.75,204.57000732421875,204.75,204.23985290527344,1512200
2022-10-03,206.83999633789062,216.05999755859375,206.64999389648438,214.3800048828125,213.84585571289062,1606400
2022-10-04,217.25999450683594,221.39999389648438,216.67999267578125,219.50999450683594,218.9630584716797,1704400
2022-10-05,216.58999633789062,219.7100067138672,216.58999633789062,217.3699951171875,216.82839965820312,1363200
2022-10-06,217.3000030517578,220.49000549316406,215.85000610351562,216.77000427246094,216.2299041748047,1178100
2022-10-07,213.7100067138672,214.8000030517578,204.0500030517578,205.60000610351562,205.08773803710938,1198900
2022-10-10,205.14999389648438,207.47999572753906,200.24000549316406,205.8000030517578,205.2872314453125,1621700
2022-10-11,204.19000244140625,208.5500030517578,202.3699951171875,204.50999450683594,204.0004425048828,1228300
2022-10-12,206.0500030517578,206.36000061035156,201.0800018310547,201.50999450683594,201.00791931152344,1399100
2022-10-13,198.1300048828125,207.08999633789062,195.24000549316406,205.67999267578125,205.1675262451172,1797200
2022-10-14,206.72999572753906,209.24000549316406,201.4600067138672,201.6999969482422,201.19744873046875,1181000
2022-10-17,205.6199951171875,210.16000366210938,205.6199951171875,209.1199951171875,208.5989532470703,1304500
2022-10-18,215.02999877929688,218.83999633789062,211.32000732421875,212.6300048828125,212.1002197265625,1270700
2022-10-19,210.02000427246094,211.3000030517578,205.32000732421875,207.24000549316406,206.72364807128906,1046500
2022-10-20,206.3300018310547,208.8000030517578,199.7899932861328,201.22000122070312,200.71864318847656,1704800
2022-10-21,199.50999450683594,207.92999267578125,199.00999450683594,207.82000732421875,207.3022003173828,2082600
2022-10-24,209.0800018310547,214.9499969482422,207.5,212.52999877929688,212.00045776367188,2003700
2022-10-25,224.89999389648438,228.57000732421875,219.13999938964844,220.1999969482422,219.65135192871094,2812500
2022-10-26,219.4499969482422,222.4600067138672,215.3800048828125,220.8800048828125,220.3296661376953,2100300
2022-10-27,222.1999969482422,224.52000427246094,221.3000030517578,221.85000610351562,221.2972412109375,1755000
2022-10-28,221.8300018310547,227.61000061035156,221.61000061035156,226.22999572753906,225.66632080078125,1469300
2022-10-31,225.1999969482422,228.30999755859375,224.19000244140625,225.02999877929688,224.4693145751953,1666000
2022-11-01,227.0399932861328,227.58999633789062,221.42999267578125,224.77999877929688,224.21994018554688,2148900
2022-11-02,225.0,225.4199981689453,215.42999267578125,215.72999572753906,215.19248962402344,1777100
2022-11-03,212.39999389648438,219.9499969482422,211.8699951171875,217.19000244140625,216.6488494873047,1767600
2022-11-04,220.52999877929688,221.07000732421875,213.00999450683594,216.22999572753906,215.6912384033203,1774000
2022-11-07,217.58999633789062,222.0399932861328,215.7100067138672,221.3699951171875,220.8184356689453,1343100
2022-11-08,223.52999877929688,228.27999877929688,221.75,225.4199981689453,224.85833740234375,1273800
2022-11-09,224.25,225.99000549316406,221.44000244140625,222.0,221.44686889648438,988200
2022-11-10,234.1199951171875,244.86000061035156,231.74000549316406,239.0,238.40451049804688,2699300
2022-11-11,237.52000427246094,242.3800048828125,236.1300048828125,237.24000549316406,236.64889526367188,1913100
2022-11-14,236.74000549316406,237.6199951171875,233.16000366210938,234.0800018310547,233.49676513671875,2775900
2022-11-15,239.0,243.55999755859375,237.8699951171875,240.58999633789062,239.99053955078125,1799200
2022-11-16,239.99000549316406,243.1699981689453,239.11000061035156,240.80999755859375,240.20999145507812,1539900
2022-11-17,238.1300048828125,238.67999267578125,231.6699981689453,237.11000061035156,237.11000061035156,1521100
2022-11-18,240.0,244.88999938964844,237.60000610351562,240.0399932861328,240.0399932861328,1394800
2022-11-21,240.5,243.97000122070312,238.74000549316406,239.25999450683594,239.25999450683594,1583000
2022-11-22,240.0399932861328,243.5800018310547,235.6199951171875,243.4499969482422,243.4499969482422,2046800
2022-11-23,243.58999633789062,250.05999755859375,241.63999938964844,250.0,250.0,1380500
2022-11-25,248.0,249.8699951171875,246.94000244140625,249.52000427246094,249.52000427246094,403900
2022-11-28,247.3699951171875,249.8000030517578,245.11000061035156,245.55999755859375,245.55999755859375,817000
2022-11-29,245.0,246.9499969482422,239.61000061035156,241.57000732421875,241.57000732421875,1239100
2022-11-30,237.50999450683594,249.58999633789062,236.6300048828125,249.17999267578125,249.17999267578125,2873600
2022-12-01,253.30999755859375,253.30999755859375,248.88999938964844,251.61000061035156,251.61000061035156,1061000
2022-12-02,248.3800048828125,259.69000244140625,246.67999267578125,257.75,257.75,1769300
2022-12-05,253.75,256.5,252.9199981689453,253.58999633789062,253.58999633789062,1431600
2022-12-06,254.41000366210938,255.5500030517578,249.3800048828125,253.4600067138672,253.4600067138672,1150600
2022-12-07,253.36000061035156,255.4600067138672,249.99000549316406,251.1199951171875,251.1199951171875,1285700
2022-12-08,251.52000427246094,254.5800018310547,249.8800048828125,254.4499969482422,254.4499969482422,1153900
2022-12-09,254.19000244140625,255.22000122070312,251.9499969482422,252.8800048828125,252.8800048828125,972700
2022-12-12,254.67999267578125,254.67999267578125,249.02999877929688,253.8800048828125,253.8800048828125,1402700
2022-12-13,261.8800048828125,265.6400146484375,255.02999877929688,258.8599853515625,258.8599853515625,1312700
2022-12-14,254.0,258.92999267578125,248.63999938964844,248.67999267578125,248.67999267578125,1742900
2022-12-15,246.00999450683594,246.00999450683594,241.22999572753906,244.19000244140625,244.19000244140625,1324600
2022-12-16,242.00999450683594,243.5399932861328,238.50999450683594,240.47000122070312,240.47000122070312,2295300
2022-12-19,239.6699981689453,241.61000061035156,237.14999389648438,238.11000061035156,238.11000061035156,1026100
2022-12-20,237.08999633789062,240.49000549316406,236.4199981689453,238.5800018310547,238.5800018310547,952800
2022-12-21,239.47999572753906,242.30999755859375,238.52000427246094,242.2100067138672,242.2100067138672,1046500
2022-12-22,239.17999267578125,241.52999877929688,237.72000122070312,241.3000030517578,241.3000030517578,934200
2022-12-23,240.69000244140625,244.22999572753906,238.83999633789062,242.6699981689453,242.6699981689453,605000
2022-12-27,241.8300018310547,242.69000244140625,239.0800018310547,239.4199981689453,239.4199981689453,653300
2022-12-28,240.0,242.27000427246094,237.19000244140625,237.47999572753906,237.47999572753906,861100
2022-12-29,239.30999755859375,242.10000610351562,239.0,241.32000732421875,241.32000732421875,605200
2022-12-30,239.6199951171875,240.86000061035156,235.11000061035156,237.3300018310547,237.3300018310547,877700
2023-01-03,240.5800018310547,241.08999633789062,236.91000366210938,239.3699951171875,239.3699951171875,1006100
2023-01-04,242.41000366210938,245.10000610351562,240.67999267578125,244.17999267578125,244.17999267578125,790100
2023-01-05,239.8000030517578,241.13999938964844,226.5,227.75,227.75,1601800
2023-01-06,229.4600067138672,237.2100067138672,228.11000061035156,235.8000030517578,235.8000030517578,1400000
2023-01-09,237.10000610351562,241.27000427246094,234.07000732421875,236.00999450683594,236.00999450683594,1047400
2023-01-10,233.94000244140625,235.8699951171875,232.6199951171875,234.10000610351562,234.10000610351562,865800
2023-01-11,237.16000366210938,243.9600067138672,236.74000549316406,243.75999450683594,243.75999450683594,1459100
2023-01-12,244.16000366210938,246.57000732421875,238.5500030517578,243.74000549316406,243.74000549316406,1077600
2023-01-13,241.02999877929688,246.4499969482422,241.02999877929688,245.8800048828125,245.8800048828125,827100
