Date,Open,High,Low,Close,Adj Close,Volume
2022-01-18,38.11000061035156,38.529998779296875,36.9900016784668,37.540000915527344,36.98981475830078,19101100
2022-01-19,37.83000183105469,37.9900016784668,36.630001068115234,37.099998474121094,36.5562629699707,11154600
2022-01-20,36.66999816894531,38.33000183105469,36.66999816894531,37.04999923706055,36.50699234008789,14720200
2022-01-21,37.54999923706055,37.599998474121094,35.68000030517578,36.36000061035156,35.82710647583008,15762200
2022-01-24,35.290000915527344,36.68000030517578,34.68000030517578,36.599998474121094,36.06358337402344,17956500
2022-01-25,36.5099983215332,39.0,35.7599983215332,38.790000915527344,38.22148895263672,24167100
2022-01-26,39.060001373291016,40.279998779296875,38.41999816894531,39.79999923706055,39.2166862487793,25985100
2022-01-27,40.2599983215332,41.040000915527344,38.220001220703125,38.86000061035156,38.29045867919922,24350400
2022-01-28,38.91999816894531,40.34000015258789,38.689998626708984,39.68000030517578,39.098445892333984,18155000
2022-01-31,39.22999954223633,39.58000183105469,38.630001068115234,39.06999969482422,38.49738693237305,16444600
2022-02-01,38.77000045776367,39.86000061035156,38.439998626708984,39.52000045776367,38.94078826904297,18792000
2022-02-02,39.56999969482422,39.56999969482422,38.63999938964844,39.25,38.674747467041016,16356600
2022-02-03,39.43000030517578,39.43000030517578,38.40999984741211,38.58000183105469,38.01456832885742,12302100
2022-02-04,39.02000045776367,39.599998474121094,38.5099983215332,38.5099983215332,37.94559097290039,19955400
2022-02-07,38.2400016784668,40.880001068115234,38.040000915527344,40.27000045776367,39.67980194091797,20523700
2022-02-08,40.04999923706055,40.13999938964844,38.58000183105469,38.900001525878906,38.44922637939453,13575900
2022-02-09,39.0099983215332,39.720001220703125,38.86000061035156,39.400001525878906,38.94343185424805,12472500
2022-02-10,39.18000030517578,40.560001373291016,38.939998626708984,39.16999816894531,38.716094970703125,11082700
2022-02-11,39.40999984741211,40.7400016784668,39.09000015258789,40.619998931884766,40.1492919921875,15533600
2022-02-14,40.400001525878906,40.43000030517578,39.0,39.29999923706055,38.84458923339844,12804400
2022-02-15,38.439998626708984,40.18000030517578,38.119998931884766,40.09000015258789,39.62543869018555,14924600
2022-02-16,40.66999816894531,42.63999938964844,40.650001525878906,41.689998626708984,41.20689392089844,21249800
2022-02-17,41.09000015258789,41.54999923706055,40.810001373291016,41.11000061035156,40.63361740112305,9526500
2022-02-18,40.4900016784668,41.11000061035156,39.709999084472656,40.209999084472656,39.744041442871094,11301500
2022-02-22,41.43000030517578,41.560001373291016,38.959999084472656,39.54999923706055,39.09169387817383,20930000
2022-02-23,39.79999923706055,40.380001068115234,39.38999938964844,39.7400016784668,39.27949523925781,9462300
2022-02-24,39.7400016784668,39.97999954223633,37.290000915527344,38.31999969482422,37.875946044921875,21602400
2022-02-25,38.439998626708984,39.599998474121094,38.290000915527344,39.45000076293945,38.992855072021484,11382000
2022-02-28,38.880001068115234,39.27000045776367,37.970001220703125,39.2400016784668,38.78528594970703,14946300
2022-03-01,39.63999938964844,39.91999816894531,36.66999816894531,37.66999816894531,37.23347854614258,20586200
2022-03-02,38.56999969482422,39.470001220703125,38.189998626708984,39.2400016784668,38.78528594970703,16209100
2022-03-03,38.630001068115234,38.83000183105469,37.52000045776367,38.52000045776367,38.073631286621094,22756100
2022-03-04,38.150001525878906,39.06999969482422,37.70000076293945,38.939998626708984,38.48876190185547,22922900
2022-03-07,39.4900016784668,43.400001525878906,39.380001068115234,42.099998474121094,41.61214065551758,29778900
2022-03-08,43.04999923706055,46.27000045776367,43.04999923706055,45.08000183105469,44.557613372802734,41068100
2022-03-09,43.38999938964844,44.279998779296875,41.5,42.560001373291016,42.06681823730469,30347200
2022-03-10,43.099998474121094,43.720001220703125,42.09000015258789,43.400001525878906,42.89707946777344,15498300
2022-03-11,42.68000030517578,43.70000076293945,42.439998626708984,42.900001525878906,42.40287399291992,13251200
2022-03-14,42.06999969482422,42.06999969482422,40.84000015258789,41.54999923706055,41.06851577758789,14389400
2022-03-15,39.81999969482422,40.54999923706055,38.689998626708984,39.2599983215332,38.805049896240234,17239000
2022-03-16,39.369998931884766,39.880001068115234,37.599998474121094,37.880001068115234,37.44104766845703,27499200
2022-03-17,38.75,39.84000015258789,38.310001373291016,39.5099983215332,39.052154541015625,37986300
2022-03-18,39.45000076293945,40.290000915527344,39.13999938964844,39.72999954223633,39.26960754394531,28267600
2022-03-21,40.66999816894531,41.4900016784668,40.52000045776367,41.189998626708984,40.712684631347656,19283700
2022-03-22,41.20000076293945,42.0099983215332,40.869998931884766,41.20000076293945,40.722572326660156,15467100
2022-03-23,42.119998931884766,42.869998931884766,41.9900016784668,42.40999984741211,41.91855239868164,19967500
2022-03-24,42.4900016784668,43.720001220703125,42.310001373291016,42.63999938964844,42.14588165283203,16281400
2022-03-25,42.470001220703125,43.70000076293945,42.27000045776367,43.68000030517578,43.17383575439453,12252900
2022-03-28,42.599998474121094,42.63999938964844,41.439998626708984,41.72999954223633,41.246429443359375,13984200
2022-03-29,40.4900016784668,42.79999923706055,40.189998626708984,42.630001068115234,42.13600158691406,13207500
2022-03-30,42.83000183105469,43.45000076293945,41.95000076293945,42.209999084472656,41.72086715698242,10201700
2022-03-31,41.689998626708984,42.40999984741211,41.2400016784668,41.310001373291016,40.831302642822266,11618700
2022-04-01,41.20000076293945,42.470001220703125,41.18000030517578,41.689998626708984,41.20689392089844,12210600
2022-04-04,41.91999816894531,42.27000045776367,40.7400016784668,41.54999923706055,41.06851577758789,10618200
2022-04-05,41.470001220703125,42.36000061035156,40.380001068115234,40.459999084472656,39.991146087646484,10473900
2022-04-06,40.970001220703125,41.34000015258789,40.31999969482422,40.779998779296875,40.307437896728516,8726600
2022-04-07,41.0099983215332,41.459999084472656,39.7400016784668,40.970001220703125,40.495243072509766,8895800
2022-04-08,41.33000183105469,42.720001220703125,41.11000061035156,42.54999923706055,42.05692672729492,10526400
2022-04-11,42.63999938964844,42.63999938964844,41.27000045776367,41.33000183105469,40.851070404052734,7999000
2022-04-12,41.9900016784668,42.90999984741211,41.29999923706055,41.529998779296875,41.04874801635742,8112800
2022-04-13,42.099998474121094,42.66999816894531,41.5099983215332,42.56999969482422,42.076698303222656,8596100
2022-04-14,42.36000061035156,43.470001220703125,42.13999938964844,43.25,42.748817443847656,10714500
2022-04-18,43.54999923706055,44.439998626708984,43.150001525878906,43.68000030517578,43.17383575439453,11127900
2022-04-19,43.130001068115234,44.5099983215332,43.0,43.43000030517578,42.92673110961914,10033700
2022-04-20,43.56999969482422,43.869998931884766,41.779998779296875,42.68000030517578,42.1854248046875,11945100
2022-04-21,43.34000015258789,43.43000030517578,40.119998931884766,40.650001525878906,40.17894744873047,18181500
2022-04-22,39.970001220703125,43.4900016784668,39.689998626708984,41.650001525878906,41.1673583984375,20746000
2022-04-25,40.0,40.029998779296875,36.95000076293945,38.689998626708984,38.24165725708008,23976100
2022-04-26,38.79999923706055,40.630001068115234,38.02000045776367,39.540000915527344,39.08181381225586,19941000
2022-04-27,40.150001525878906,40.459999084472656,39.290000915527344,39.95000076293945,39.487060546875,10619400
2022-04-28,40.36000061035156,40.4900016784668,38.540000915527344,40.11000061035156,39.645206451416016,11502600
2022-04-29,40.52000045776367,40.90999984741211,38.83000183105469,39.0099983215332,38.55794906616211,10611900
2022-05-02,38.34000015258789,39.52000045776367,38.16999816894531,39.11000061035156,38.656795501708984,11445200
2022-05-03,38.9900016784668,40.4900016784668,38.90999984741211,40.150001525878906,39.68474197387695,8876500
2022-05-04,41.290000915527344,42.689998626708984,40.45000076293945,42.599998474121094,42.106346130371094,11713700
2022-05-05,43.2400016784668,43.43000030517578,41.41999816894531,42.08000183105469,41.592376708984375,16281500
2022-05-06,42.58000183105469,43.599998474121094,41.5099983215332,43.029998779296875,42.53136444091797,12396000
2022-05-09,41.84000015258789,42.16999816894531,38.029998779296875,38.040000915527344,37.59919357299805,14845900
2022-05-10,38.470001220703125,39.150001525878906,36.959999084472656,37.88999938964844,37.450927734375,11063400
2022-05-11,38.41999816894531,39.93000030517578,38.2599983215332,38.369998931884766,37.92536544799805,11569100
2022-05-12,37.97999954223633,39.06999969482422,37.08000183105469,39.029998779296875,38.57771682739258,13434300
2022-05-13,39.689998626708984,40.83000183105469,39.56999969482422,40.7400016784668,40.267906188964844,9798900
2022-05-16,40.86000061035156,42.58000183105469,40.79999923706055,42.13999938964844,41.65167999267578,10181600
2022-05-17,42.52000045776367,43.43000030517578,42.40999984741211,42.95000076293945,42.45229721069336,9936900
2022-05-18,43.34000015258789,43.52000045776367,40.52000045776367,41.130001068115234,40.65338897705078,9734900
2022-05-19,40.040000915527344,41.41999816894531,40.0099983215332,40.849998474121094,40.376625061035156,12123900
2022-05-20,41.38999938964844,42.06999969482422,40.43000030517578,41.119998931884766,40.643497467041016,9870700
2022-05-23,41.90999984741211,43.9900016784668,41.459999084472656,43.810001373291016,43.302330017089844,13288000
2022-05-24,42.970001220703125,44.20000076293945,42.459999084472656,43.900001525878906,43.39128875732422,11259800
2022-05-25,43.70000076293945,45.310001373291016,43.56999969482422,45.04999923706055,44.527957916259766,17205000
2022-05-26,45.5,47.08000183105469,45.40999984741211,46.689998626708984,46.14895248413086,16282900
2022-05-27,46.2599983215332,48.41999816894531,46.130001068115234,48.209999084472656,47.65134048461914,13950700
2022-05-31,48.689998626708984,48.689998626708984,45.43000030517578,45.959999084472656,45.59291076660156,28706600
2022-06-01,47.040000915527344,47.33000183105469,46.0,46.68000030517578,46.30716323852539,15207500
2022-06-02,46.709999084472656,46.869998931884766,45.91999816894531,46.29999923706055,45.930198669433594,8155100
2022-06-03,46.40999984741211,47.72999954223633,46.33000183105469,47.470001220703125,47.09085464477539,8854400
2022-06-06,47.790000915527344,48.0,46.880001068115234,47.220001220703125,46.84284973144531,6697000
2022-06-07,47.0,49.08000183105469,46.869998931884766,48.93000030517578,48.53919219970703,14735800
2022-06-08,49.0,49.83000183105469,48.08000183105469,49.56999969482422,49.174076080322266,15101200
2022-06-09,48.790000915527344,49.15999984741211,48.099998474121094,48.13999938964844,47.75550079345703,11473800
2022-06-10,47.16999816894531,47.880001068115234,46.52000045776367,47.209999084472656,46.83292770385742,11294000
2022-06-13,45.31999969482422,45.560001373291016,43.54999923706055,44.31999969482422,43.96601104736328,12470100
2022-06-14,45.040000915527344,45.40999984741211,42.5099983215332,43.220001220703125,42.87479782104492,13488800
2022-06-15,43.59000015258789,43.59000015258789,41.150001525878906,41.52000045776367,41.188377380371094,15091800
2022-06-16,40.529998779296875,40.65999984741211,38.31999969482422,38.47999954223633,38.17265701293945,21591700
2022-06-17,38.599998474121094,39.150001525878906,36.470001220703125,36.63999938964844,36.34735107421875,32283000
2022-06-21,37.88999938964844,39.27000045776367,37.61000061035156,38.81999969482422,38.50994110107422,18172900
2022-06-22,36.470001220703125,38.31999969482422,36.09000015258789,37.52000045776367,37.2203254699707,17335000
2022-06-23,37.66999816894531,37.7599983215332,34.369998931884766,34.97999954223633,34.70061111450195,28165700
2022-06-24,35.220001220703125,36.5,34.65999984741211,35.060001373291016,34.779972076416016,22910700
2022-06-27,35.779998779296875,35.97999954223633,34.91999816894531,35.88999938964844,35.60334396362305,29428500
2022-06-28,36.810001373291016,37.72999954223633,36.470001220703125,36.970001220703125,36.674720764160156,13896200
2022-06-29,37.52000045776367,37.630001068115234,35.95000076293945,36.18000030517578,35.891029357910156,12475300
2022-06-30,35.36000061035156,36.939998626708984,35.31999969482422,35.7599983215332,35.47438049316406,15332400
2022-07-01,35.959999084472656,36.040000915527344,34.11000061035156,35.650001525878906,35.36526107788086,10823800
2022-07-05,34.529998779296875,35.150001525878906,32.70000076293945,33.33000183105469,33.06379318237305,17642100
2022-07-06,32.88999938964844,33.619998931884766,31.6299991607666,32.72999954223633,32.46858215332031,13030900
2022-07-07,33.939998626708984,34.93000030517578,33.779998779296875,34.380001068115234,34.10540771484375,10077500
2022-07-08,34.90999984741211,35.220001220703125,33.880001068115234,34.31999969482422,34.04588317871094,11027700
2022-07-11,33.619998931884766,33.970001220703125,33.08000183105469,33.369998931884766,33.10346984863281,8918700
2022-07-12,32.16999816894531,33.18000030517578,32.09000015258789,32.72999954223633,32.46858215332031,10281400
2022-07-13,32.18000030517578,33.43000030517578,32.02000045776367,32.290000915527344,32.03209686279297,9137200
2022-07-14,31.0,31.440000534057617,30.649999618530273,31.329999923706055,31.07976531982422,14827800
2022-07-15,32.060001373291016,32.36000061035156,31.34000015258789,32.29999923706055,32.042015075683594,10672600
2022-07-18,33.20000076293945,33.56999969482422,32.900001525878906,33.130001068115234,32.86539077758789,11493100
2022-07-19,33.08000183105469,34.34000015258789,33.08000183105469,34.220001220703125,33.94668197631836,10867200
2022-07-20,33.54999923706055,34.25,33.2599983215332,34.13999938964844,33.8673210144043,9984500
2022-07-21,32.97999954223633,33.63999938964844,32.2599983215332,33.630001068115234,33.361392974853516,14583000
2022-07-22,35.40999984741211,36.4900016784668,34.849998474121094,35.06999969482422,34.78989028930664,19748000
2022-07-25,35.650001525878906,36.2599983215332,35.0099983215332,36.16999816894531,35.881107330322266,13120000
2022-07-26,36.79999923706055,37.11000061035156,35.04999923706055,35.599998474121094,35.31565475463867,17232100
2022-07-27,36.040000915527344,36.619998931884766,35.540000915527344,36.33000183105469,36.039833068847656,11075300
2022-07-28,36.63999938964844,36.900001525878906,35.2400016784668,35.709999084472656,35.424781799316406,10292800
2022-07-29,36.2599983215332,37.20000076293945,35.779998779296875,37.029998779296875,36.73423385620117,12313200
2022-08-01,36.2400016784668,36.779998779296875,35.380001068115234,36.400001525878906,36.10926818847656,12620600
2022-08-02,36.5,37.18000030517578,36.33000183105469,36.689998626708984,36.39695358276367,9987500
2022-08-03,36.90999984741211,37.040000915527344,35.369998931884766,35.540000915527344,35.256141662597656,11558500
2022-08-04,35.29999923706055,35.380001068115234,33.79999923706055,33.95000076293945,33.67884063720703,11744100
2022-08-05,33.5099983215332,35.130001068115234,33.43000030517578,34.65999984741211,34.3831672668457,6863400
2022-08-08,34.689998626708984,35.15999984741211,34.5,34.650001525878906,34.37324905395508,6053100
2022-08-09,35.2400016784668,35.369998931884766,34.650001525878906,34.9900016784668,34.710533142089844,7616100
2022-08-10,34.9900016784668,35.27000045776367,33.81999969482422,34.91999816894531,34.641090393066406,13302600
2022-08-11,35.599998474121094,37.310001373291016,35.59000015258789,36.88999938964844,36.59535598754883,13140900
2022-08-12,36.59000015258789,37.22999954223633,36.25,37.13999938964844,36.843360900878906,6642800
2022-08-15,35.7400016784668,36.029998779296875,35.029998779296875,35.7599983215332,35.47438049316406,7639400
2022-08-16,35.97999954223633,36.61000061035156,35.290000915527344,35.58000183105469,35.29582214355469,9698300
2022-08-17,35.22999954223633,35.81999969482422,34.849998474121094,35.400001525878906,35.11725616455078,7703300
2022-08-18,36.040000915527344,37.22999954223633,35.970001220703125,37.130001068115234,36.83344268798828,10758700
2022-08-19,36.86000061035156,37.56999969482422,36.61000061035156,37.119998931884766,36.823516845703125,12893900
2022-08-22,36.709999084472656,37.41999816894531,36.09000015258789,36.91999816894531,36.62511444091797,9126300
2022-08-23,37.709999084472656,39.560001373291016,37.560001373291016,39.36000061035156,39.045631408691406,15983600
2022-08-24,39.13999938964844,40.099998474121094,39.13999938964844,39.90999984741211,39.59123611450195,11498400
2022-08-25,40.119998931884766,40.900001525878906,40.02000045776367,40.16999816894531,39.849159240722656,12737900
2022-08-26,39.91999816894531,40.27000045776367,39.20000076293945,39.41999816894531,39.10514450073242,8944200
2022-08-29,39.29999923706055,40.84000015258789,39.060001373291016,40.380001068115234,40.05747985839844,11663700
2022-08-30,39.630001068115234,39.70000076293945,38.22999954223633,38.68000030517578,38.37105941772461,12149300
2022-08-31,37.77000045776367,39.15999984741211,37.29999923706055,38.150001525878906,37.84529495239258,12383000
2022-09-01,37.54999923706055,37.83000183105469,36.43000030517578,36.849998474121094,36.55567169189453,10516700
2022-09-02,38.099998474121094,38.630001068115234,37.4900016784668,38.06999969482422,37.76593017578125,11375100
2022-09-06,38.2400016784668,38.529998779296875,37.13999938964844,37.36000061035156,37.23275375366211,10785100
2022-09-07,36.439998626708984,37.18000030517578,35.9900016784668,37.060001373291016,36.93377685546875,11759900
2022-09-08,37.38999938964844,38.5099983215332,37.16999816894531,38.16999816894531,38.03999328613281,14681800
2022-09-09,39.04999923706055,39.869998931884766,38.65999984741211,39.650001525878906,39.51495361328125,9628600
2022-09-12,40.029998779296875,40.47999954223633,39.59000015258789,40.150001525878906,40.01325225830078,8935200
2022-09-13,39.56999969482422,40.06999969482422,38.22999954223633,38.470001220703125,38.33897399902344,11124100
2022-09-14,38.97999954223633,40.45000076293945,38.97999954223633,40.2400016784668,40.102943420410156,9958200
2022-09-15,39.36000061035156,40.040000915527344,39.150001525878906,39.630001068115234,39.49502182006836,9945700
2022-09-16,39.29999923706055,39.380001068115234,37.63999938964844,38.369998931884766,38.23931121826172,16890300
2022-09-19,37.16999816894531,39.029998779296875,37.09000015258789,38.970001220703125,38.8372688293457,7377600
2022-09-20,38.709999084472656,38.75,38.040000915527344,38.5,38.36886978149414,9360500
2022-09-21,39.11000061035156,39.43000030517578,37.54999923706055,37.58000183105469,37.452003479003906,9153000
2022-09-22,38.099998474121094,38.7400016784668,37.84000015258789,38.22999954223633,38.099788665771484,12875000
2022-09-23,36.25,36.459999084472656,34.380001068115234,35.0,34.88079071044922,17421000
2022-09-26,34.95000076293945,35.349998474121094,33.79999923706055,33.86000061035156,33.74467468261719,12006400
2022-09-27,34.599998474121094,35.29999923706055,33.86000061035156,33.97999954223633,33.86426544189453,12712500
2022-09-28,34.40999984741211,35.63999938964844,34.099998474121094,35.439998626708984,35.31929016113281,12205400
2022-09-29,35.150001525878906,36.0099983215332,34.29999923706055,35.970001220703125,35.84748840332031,12191700
2022-09-30,35.470001220703125,36.61000061035156,35.27000045776367,35.900001525878906,35.77772521972656,15329800
2022-10-03,37.58000183105469,38.529998779296875,37.31999969482422,38.29999923706055,38.16954803466797,13978200
2022-10-04,39.16999816894531,39.84000015258789,38.59000015258789,39.119998931884766,38.98675537109375,16268000
2022-10-05,39.130001068115234,41.939998626708984,39.130001068115234,41.56999969482422,41.42841339111328,28104400
2022-10-06,41.380001068115234,42.84000015258789,41.220001220703125,42.4900016784668,42.345279693603516,16403000
2022-10-07,42.529998779296875,43.119998931884766,41.68000030517578,42.59000015258789,42.44493865966797,15953800
2022-10-10,42.33000183105469,43.02000045776367,41.59000015258789,42.130001068115234,41.986507415771484,10380600
2022-10-11,41.27000045776367,42.290000915527344,41.099998474121094,41.7599983215332,41.61776351928711,10474800
2022-10-12,41.5,42.33000183105469,41.20000076293945,42.02000045776367,41.87688064575195,11271700
2022-10-13,41.810001373291016,44.33000183105469,41.779998779296875,44.189998626708984,44.03948974609375,16364400
2022-10-14,43.540000915527344,44.099998474121094,42.09000015258789,42.15999984741211,42.01640319824219,11504700
2022-10-17,43.0,43.40999984741211,42.209999084472656,42.86000061035156,42.714019775390625,10330300
2022-10-18,43.41999816894531,43.970001220703125,42.560001373291016,43.36000061035156,43.212318420410156,9734500
2022-10-19,44.0,45.619998931884766,43.84000015258789,45.470001220703125,45.31513214111328,16869400
2022-10-20,46.0,46.22999954223633,45.2400016784668,45.689998626708984,45.53437805175781,15915700
2022-10-21,46.970001220703125,50.540000915527344,46.790000915527344,50.40999984741211,50.238304138183594,35351400
2022-10-24,50.060001373291016,52.5099983215332,49.65999984741211,52.150001525878906,51.97237777709961,27296600
2022-10-25,51.88999938964844,52.68000030517578,51.209999084472656,52.470001220703125,52.291290283203125,18932500
2022-10-26,52.93000030517578,53.88999938964844,52.13999938964844,52.18000030517578,52.00227737426758,18232500
2022-10-27,53.0,53.599998474121094,51.5,51.68000030517578,51.50397872924805,18298200
2022-10-28,51.040000915527344,51.709999084472656,49.77000045776367,50.45000076293945,50.278167724609375,15772800
2022-10-31,50.0099983215332,52.41999816894531,50.0099983215332,52.029998779296875,51.852787017822266,16663800
2022-11-01,52.70000076293945,52.939998626708984,51.5,51.54999923706055,51.374420166015625,11932200
2022-11-02,51.27000045776367,52.380001068115234,50.70000076293945,51.13999938964844,50.965816497802734,11892300
2022-11-03,50.61000061035156,52.130001068115234,50.5,51.79999923706055,51.62356948852539,15764600
2022-11-04,53.349998474121094,54.029998779296875,52.22999954223633,53.099998474121094,52.91913986206055,16764500
2022-11-07,53.0,55.11000061035156,52.810001373291016,54.810001373291016,54.62331771850586,19928100
2022-11-08,54.810001373291016,55.119998931884766,54.18000030517578,54.689998626708984,54.503726959228516,15249600
2022-11-09,54.09000015258789,54.09000015258789,52.790000915527344,53.06999969482422,52.889244079589844,21809000
2022-11-10,53.790000915527344,54.15999984741211,52.45000076293945,53.099998474121094,52.91913986206055,13088700
2022-11-11,54.189998626708984,55.2599983215332,54.16999816894531,54.81999969482422,54.63328170776367,14725000
2022-11-14,54.619998931884766,56.040000915527344,53.869998931884766,54.06999969482422,53.88583755493164,9089200
2022-11-15,54.45000076293945,55.0,53.58000183105469,54.66999816894531,54.48379135131836,9513400
2022-11-16,54.150001525878906,54.61000061035156,52.61000061035156,52.9900016784668,52.80951690673828,13414600
2022-11-17,52.0,52.86000061035156,51.41999816894531,52.83000183105469,52.650062561035156,9868200
2022-11-18,51.849998474121094,53.61000061035156,50.880001068115234,53.439998626708984,53.25798416137695,12140200
2022-11-21,51.2400016784668,52.689998626708984,48.86000061035156,52.27000045776367,52.09196853637695,18814400
2022-11-22,53.02000045776367,53.77000045776367,51.83000183105469,53.63999938964844,53.45730209350586,8969800
2022-11-23,52.45000076293945,52.88999938964844,51.060001373291016,51.41999816894531,51.2448616027832,10463200
2022-11-25,51.13999938964844,51.52000045776367,50.529998779296875,50.83000183105469,50.65687561035156,4951900
2022-11-28,49.5099983215332,50.83000183105469,49.08000183105469,49.880001068115234,49.71010971069336,15397500
2022-11-29,50.599998474121094,51.38999938964844,49.93000030517578,51.04999923706055,50.87612533569336,10809300
2022-11-30,51.58000183105469,51.900001525878906,50.47999954223633,51.54999923706055,51.374420166015625,19230300
2022-12-01,52.31999969482422,52.7400016784668,51.459999084472656,51.7599983215332,51.58370590209961,8152900
2022-12-02,51.5,52.880001068115234,51.290000915527344,52.790000915527344,52.610198974609375,9378600
2022-12-05,53.529998779296875,54.18000030517578,50.95000076293945,51.380001068115234,51.20500183105469,12047000
2022-12-06,50.939998626708984,52.099998474121094,50.47999954223633,50.880001068115234,50.880001068115234,12311000
2022-12-07,50.97999954223633,51.79999923706055,49.54999923706055,49.79999923706055,49.79999923706055,9700900
2022-12-08,50.90999984741211,51.619998931884766,49.5,49.91999816894531,49.91999816894531,9367800
2022-12-09,49.91999816894531,50.529998779296875,46.83000183105469,46.970001220703125,46.970001220703125,16079900
2022-12-12,47.060001373291016,49.209999084472656,47.0,49.099998474121094,49.099998474121094,11416900
2022-12-13,50.25,51.380001068115234,49.95000076293945,51.04999923706055,51.04999923706055,11659700
2022-12-14,51.33000183105469,51.560001373291016,49.939998626708984,50.43000030517578,50.43000030517578,10212200
2022-12-15,50.119998931884766,50.45000076293945,49.349998474121094,50.11000061035156,50.11000061035156,11048100
2022-12-16,48.95000076293945,49.459999084472656,48.25,49.380001068115234,49.380001068115234,22945200
2022-12-19,49.959999084472656,50.540000915527344,49.41999816894531,49.83000183105469,49.83000183105469,7447000
2022-12-20,49.95000076293945,52.09000015258789,49.81999969482422,51.7599983215332,51.7599983215332,11496100
2022-12-21,52.849998474121094,53.59000015258789,51.91999816894531,53.310001373291016,53.310001373291016,9019500
2022-12-22,53.31999969482422,53.529998779296875,50.130001068115234,51.38999938964844,51.38999938964844,7574500
2022-12-23,52.20000076293945,53.0,51.380001068115234,52.9900016784668,52.9900016784668,8082300
2022-12-27,53.34000015258789,53.869998931884766,52.790000915527344,53.5,53.5,6200900
2022-12-28,53.369998931884766,53.63999938964844,51.9900016784668,52.599998474121094,52.599998474121094,7192700
2022-12-29,52.40999984741211,53.15999984741211,52.060001373291016,52.90999984741211,52.90999984741211,5200000
2022-12-30,52.52000045776367,53.54999923706055,52.400001525878906,53.459999084472656,53.459999084472656,4620100
2023-01-03,52.86000061035156,53.59000015258789,50.36000061035156,51.5,51.5,8487800
2023-01-04,50.459999084472656,52.029998779296875,50.189998626708984,51.70000076293945,51.70000076293945,9069800
2023-01-05,51.65999984741211,53.209999084472656,51.65999984741211,52.66999816894531,52.66999816894531,6622100
2023-01-06,53.45000076293945,54.70000076293945,53.29999923706055,54.5,54.5,10166500
2023-01-09,55.279998779296875,56.279998779296875,55.099998474121094,55.63999938964844,55.63999938964844,12104300
2023-01-10,55.599998474121094,56.16999816894531,54.95000076293945,55.959999084472656,55.959999084472656,7080300
2023-01-11,55.95000076293945,56.75,55.72999954223633,56.31999969482422,56.31999969482422,8856900
2023-01-12,56.22999954223633,58.61000061035156,56.18000030517578,58.0,58.0,12857100
2023-01-13,57.9900016784668,58.52000045776367,57.33000183105469,58.279998779296875,58.279998779296875,7341400
