Date,Open,High,Low,Close,Adj Close,Volume
2022-01-18,426.2099914550781,427.70001220703125,420.6400146484375,424.1499938964844,420.343017578125,1483100
2022-01-19,427.42999267578125,434.7799987792969,422.4700012207031,422.95001220703125,419.15380859375,1535300
2022-01-20,425.2900085449219,431.44000244140625,416.4200134277344,417.9800109863281,414.2283630371094,1284200
2022-01-21,419.0400085449219,425.2099914550781,414.3500061035156,416.92999267578125,413.1878356933594,1634100
2022-01-24,409.4800109863281,418.8500061035156,400.69000244140625,417.95001220703125,414.1986999511719,1861400
2022-01-25,410.55999755859375,413.1099853515625,399.0199890136719,399.5299987792969,395.9440002441406,2498500
2022-01-26,403.1400146484375,407.510009765625,394.2099914550781,397.5400085449219,393.97186279296875,2119700
2022-01-27,403.7200012207031,410.04998779296875,393.0899963378906,395.0799865722656,391.533935546875,1716700
2022-01-28,395.2300109863281,406.7200012207031,390.95001220703125,406.6199951171875,402.9703674316406,1701100
2022-01-31,406.6499938964844,415.510009765625,405.4700012207031,415.2200012207031,411.4931945800781,1788200
2022-02-01,418.45001220703125,419.3999938964844,409.2200012207031,417.4599914550781,413.7130432128906,1457400
2022-02-02,421.29998779296875,423.4100036621094,417.5,422.07000732421875,418.2817077636719,1640600
2022-02-03,418.0,419.8299865722656,412.20001220703125,413.1499938964844,409.4417419433594,1226800
2022-02-04,409.3999938964844,420.010009765625,408.3399963378906,414.3900146484375,410.6706237792969,1370800
2022-02-07,414.0899963378906,417.6499938964844,403.8999938964844,405.25,401.6126708984375,1471300
2022-02-08,401.3399963378906,403.0799865722656,391.75,399.7799987792969,396.1917724609375,2887800
2022-02-09,402.7699890136719,410.1000061035156,401.2799987792969,407.2900085449219,404.4132995605469,2351300
2022-02-10,399.3299865722656,406.69000244140625,394.1199951171875,396.45001220703125,393.6498107910156,2420500
2022-02-11,395.0,397.3900146484375,386.25,387.6600036621094,384.92193603515625,2731700
2022-02-14,386.5,388.9800109863281,375.45001220703125,380.7099914550781,378.02099609375,3156700
2022-02-15,387.260009765625,390.0,382.80999755859375,385.3699951171875,382.6481018066406,1425500
2022-02-16,384.4100036621094,389.2900085449219,380.6099853515625,386.54998779296875,383.8197326660156,1813100
2022-02-17,386.82000732421875,388.0199890136719,380.9100036621094,381.489990234375,378.7955017089844,1224800
2022-02-18,382.489990234375,383.489990234375,376.4700012207031,378.6700134277344,375.99542236328125,1253600
2022-02-22,376.3699951171875,384.29998779296875,376.04998779296875,380.25,377.56427001953125,1648500
2022-02-23,383.9200134277344,384.760009765625,372.760009765625,373.3699951171875,370.7328186035156,1766800
2022-02-24,364.2699890136719,383.7200012207031,363.5400085449219,381.67999267578125,378.9841613769531,1895400
2022-02-25,377.8699951171875,384.489990234375,371.0,380.8900146484375,378.1997375488281,8122200
2022-02-28,379.0,389.4800109863281,372.1300048828125,375.70001220703125,373.0464172363281,5249900
2022-03-01,378.0,396.2799987792969,376.17999267578125,390.5799865722656,387.8213195800781,9770400
2022-03-02,394.0,406.55999755859375,391.9800109863281,399.1199951171875,396.3009338378906,5798500
2022-03-03,398.760009765625,408.79998779296875,391.1499938964844,400.5,397.6712341308594,4359800
2022-03-04,399.8800048828125,408.3699951171875,397.260009765625,407.54998779296875,404.67144775390625,3523900
2022-03-07,406.8299865722656,407.989990234375,384.67999267578125,385.6400146484375,382.91619873046875,4222000
2022-03-08,384.1600036621094,395.7799987792969,380.4800109863281,388.1300048828125,385.38861083984375,3693900
2022-03-09,401.3999938964844,402.1099853515625,390.9800109863281,391.510009765625,388.7447509765625,3034100
2022-03-10,381.2799987792969,385.739990234375,373.8399963378906,382.75,380.0466003417969,2767300
2022-03-11,385.0,388.6499938964844,379.2799987792969,379.67999267578125,376.998291015625,2252100
2022-03-14,383.5299987792969,386.3399963378906,373.17999267578125,377.0,374.33721923828125,2558100
2022-03-15,380.9599914550781,388.3599853515625,375.4200134277344,387.3900146484375,384.6538391113281,1977200
2022-03-16,389.9200134277344,396.3900146484375,384.07000732421875,392.2300109863281,389.45965576171875,2092100
2022-03-17,391.5,402.9700012207031,391.5,402.6600036621094,399.81597900390625,2393500
2022-03-18,404.1700134277344,412.0,403.45001220703125,409.94000244140625,407.0445556640625,2858200
2022-03-21,405.5899963378906,407.989990234375,401.8599853515625,404.760009765625,401.9011535644531,2207900
2022-03-22,406.4599914550781,416.5299987792969,405.5400085449219,414.2799987792969,411.3539123535156,2336400
2022-03-23,411.6600036621094,412.8699951171875,404.8299865722656,405.7099914550781,402.8443908691406,2145200
2022-03-24,409.6099853515625,410.6199951171875,405.989990234375,407.6700134277344,404.79058837890625,2066800
2022-03-25,408.95001220703125,413.8500061035156,407.8900146484375,413.4700012207031,410.5496520996094,2033300
2022-03-28,414.3500061035156,417.6099853515625,410.2300109863281,414.5,411.5723571777344,2529900
2022-03-29,419.79998779296875,420.82000732421875,414.9700012207031,417.45001220703125,414.50152587890625,1527000
2022-03-30,416.3900146484375,419.4200134277344,415.6700134277344,418.95001220703125,415.9909362792969,2096100
2022-03-31,422.5,423.54998779296875,410.1700134277344,410.17999267578125,407.2828674316406,2414900
2022-04-01,409.9800109863281,412.20001220703125,405.6400146484375,407.8800048828125,404.9991149902344,1721900
2022-04-04,409.9700012207031,417.3699951171875,408.05999755859375,414.29998779296875,411.3737487792969,1620600
2022-04-05,411.92999267578125,415.9800109863281,410.1600036621094,411.8800048828125,408.9708557128906,1263700
2022-04-06,407.5299987792969,413.0,406.25,410.8800048828125,407.9779052734375,1558200
2022-04-07,409.29998779296875,416.3599853515625,408.0799865722656,414.989990234375,412.05889892578125,2172700
2022-04-08,414.0400085449219,415.82000732421875,410.7699890136719,413.0899963378906,410.17230224609375,1061900
2022-04-11,411.2300109863281,412.42999267578125,401.4700012207031,405.6099853515625,402.7451171875,1466400
2022-04-12,405.9599914550781,406.92999267578125,396.0899963378906,397.30999755859375,394.5037536621094,2226200
2022-04-13,396.0,398.8999938964844,390.760009765625,396.30999755859375,393.5108337402344,2458200
2022-04-14,398.2099914550781,400.1700134277344,387.0,387.5899963378906,384.8524169921875,2404900
2022-04-18,386.489990234375,391.5899963378906,385.8699951171875,390.55999755859375,387.8014221191406,1212500
2022-04-19,391.3299865722656,397.1099853515625,389.79998779296875,395.3500061035156,392.5576171875,1869600
2022-04-20,397.79998779296875,402.7699890136719,396.739990234375,397.25,394.44415283203125,1768600
2022-04-21,399.2300109863281,403.4800109863281,389.239990234375,390.8299865722656,388.06951904296875,1537900
2022-04-22,388.5199890136719,389.5199890136719,379.32000732421875,379.6600036621094,376.9784240722656,1749200
2022-04-25,377.25,381.3999938964844,373.67999267578125,381.2200012207031,378.52740478515625,2197600
2022-04-26,380.25,384.2099914550781,374.7099914550781,375.5,372.8478088378906,1688500
2022-04-27,376.760009765625,384.7300109863281,376.760009765625,380.6400146484375,377.9515380859375,1930700
2022-04-28,384.6499938964844,389.20001220703125,379.80999755859375,386.54998779296875,383.8197326660156,1690100
2022-04-29,382.3299865722656,387.260009765625,375.3699951171875,376.5,373.84075927734375,2103100
2022-05-02,364.0,371.6400146484375,360.2699890136719,367.32000732421875,364.7256164550781,3850000
2022-05-03,367.04998779296875,372.010009765625,356.95001220703125,359.6300048828125,357.08990478515625,2767100
2022-05-04,356.79998779296875,364.9700012207031,347.6700134277344,364.32000732421875,361.74676513671875,3722300
2022-05-05,360.2200012207031,360.4100036621094,343.9800109863281,346.8999938964844,344.4497985839844,4252200
2022-05-06,346.82000732421875,346.82000732421875,337.9700012207031,345.760009765625,343.31787109375,3353700
2022-05-09,337.3999938964844,342.5199890136719,327.9200134277344,328.7699890136719,326.4478759765625,4154900
2022-05-10,333.7300109863281,336.3500061035156,322.6700134277344,327.989990234375,325.6733703613281,2959600
2022-05-11,324.7200012207031,334.1600036621094,323.07000732421875,325.80999755859375,323.5087890625,2987900
2022-05-12,322.9700012207031,332.2699890136719,322.20001220703125,329.6600036621094,327.3315734863281,3251300
2022-05-13,335.29998779296875,341.07000732421875,332.55999755859375,336.8500061035156,334.4708251953125,2811700
2022-05-16,333.3399963378906,337.5799865722656,330.9100036621094,335.3599853515625,332.9913024902344,2588100
2022-05-17,342.20001220703125,342.7200012207031,335.7300109863281,339.2799987792969,336.8836364746094,2149300
2022-05-18,332.4100036621094,335.5899963378906,329.3900146484375,330.1199951171875,327.7882995605469,2527700
2022-05-19,326.4599914550781,335.17999267578125,324.8599853515625,332.07000732421875,329.72454833984375,2581700
2022-05-20,336.5299987792969,342.8699951171875,334.0299987792969,342.4200134277344,340.0014953613281,3425800
2022-05-23,343.55999755859375,353.3500061035156,342.2799987792969,350.5199890136719,348.0442199707031,2753300
2022-05-24,346.95001220703125,352.25,345.3299865722656,350.8699951171875,348.3917541503906,2049300
2022-05-25,349.8299865722656,352.3399963378906,345.8900146484375,347.6600036621094,345.2044372558594,2830000
2022-05-26,349.6400146484375,354.3699951171875,347.5199890136719,352.4700012207031,350.8382263183594,2048000
2022-05-27,354.25,361.239990234375,354.25,360.6400146484375,358.9704284667969,2177600
2022-05-31,356.4700012207031,358.1600036621094,348.7900085449219,349.4800109863281,347.86212158203125,9048900
2022-06-01,313.010009765625,346.5899963378906,311.8699951171875,332.010009765625,330.4729919433594,7792600
2022-06-02,331.0899963378906,343.239990234375,331.0899963378906,343.0400085449219,341.451904296875,2609600
2022-06-03,336.42999267578125,338.7300109863281,331.8299865722656,335.92999267578125,334.37481689453125,2276000
2022-06-06,336.82000732421875,344.3900146484375,336.82000732421875,338.6400146484375,337.072265625,1815800
2022-06-07,339.1400146484375,345.6000061035156,338.1700134277344,344.4599914550781,342.8653259277344,1904700
2022-06-08,341.7099914550781,345.2300109863281,337.7900085449219,338.69000244140625,337.1220397949219,1620800
2022-06-09,338.42999267578125,342.6400146484375,336.2799987792969,336.42999267578125,334.87249755859375,1759400
2022-06-10,331.07000732421875,336.5299987792969,328.5199890136719,332.760009765625,331.2195129394531,2505100
2022-06-13,326.1600036621094,329.1099853515625,321.4599914550781,322.3599853515625,320.86761474609375,3357300
2022-06-14,319.9200134277344,322.510009765625,314.0899963378906,317.42999267578125,315.96044921875,2849000
2022-06-15,319.94000244140625,326.45001220703125,317.55999755859375,321.3399963378906,319.85235595703125,2489600
2022-06-16,313.45001220703125,316.8500061035156,312.260009765625,316.0299987792969,314.5669250488281,2692500
2022-06-17,313.45001220703125,323.57000732421875,313.45001220703125,319.92999267578125,318.4488830566406,4856100
2022-06-21,322.8399963378906,326.6600036621094,318.3900146484375,320.0199890136719,318.5384521484375,3614500
2022-06-22,317.69000244140625,328.5400085449219,316.6199951171875,325.1700134277344,323.6646423339844,2001300
2022-06-23,327.1700134277344,334.57000732421875,326.760009765625,333.739990234375,332.1949462890625,2082900
2022-06-24,336.2900085449219,342.1400146484375,333.75,341.6600036621094,340.07830810546875,4890200
2022-06-27,342.45001220703125,343.260009765625,337.260009765625,340.4700012207031,338.893798828125,1728600
2022-06-28,340.2699890136719,344.0,331.5199890136719,332.70001220703125,331.1597900390625,1913900
2022-06-29,332.7099914550781,338.3599853515625,332.3599853515625,334.75,333.2002868652344,1745100
2022-06-30,333.5199890136719,339.7900085449219,331.82000732421875,337.05999755859375,335.49957275390625,2153500
2022-07-01,336.7300109863281,343.8599853515625,334.44000244140625,343.3299865722656,341.74053955078125,1912500
2022-07-05,338.2699890136719,344.739990234375,336.7300109863281,344.32000732421875,342.7259826660156,2051000
2022-07-06,346.75,351.6700134277344,344.2300109863281,349.0199890136719,347.4042053222656,1757500
2022-07-07,345.0,352.3399963378906,345.0,351.8299865722656,350.2012023925781,1611400
2022-07-08,349.17999267578125,355.8699951171875,349.1700134277344,352.4800109863281,350.84820556640625,1606900
2022-07-11,354.07000732421875,356.3699951171875,348.6400146484375,351.6099853515625,349.9822082519531,1492700
2022-07-12,349.8399963378906,354.3999938964844,344.1300048828125,346.04998779296875,344.44793701171875,1664400
2022-07-13,341.2900085449219,344.1300048828125,339.3900146484375,342.0199890136719,340.4366149902344,2491800
2022-07-14,338.5899963378906,347.4200134277344,336.5299987792969,345.1700134277344,343.5720520019531,1505900
2022-07-15,349.4800109863281,351.9100036621094,347.7699890136719,349.45001220703125,347.8322448730469,1750500
2022-07-18,351.2699890136719,355.04998779296875,344.6499938964844,345.3599853515625,343.7611389160156,1709700
2022-07-19,349.760009765625,357.5400085449219,348.6300048828125,357.1400146484375,355.48663330078125,1786000
2022-07-20,358.04998779296875,362.05999755859375,356.8699951171875,358.6000061035156,356.93988037109375,1366600
2022-07-21,358.0,361.9200134277344,356.69000244140625,361.6199951171875,359.9458923339844,1794700
2022-07-22,363.6700134277344,364.29998779296875,359.75,361.94000244140625,360.264404296875,1714900
2022-07-25,360.510009765625,360.510009765625,351.7799987792969,354.0299987792969,352.3910217285156,2111000
2022-07-26,349.9800109863281,360.3999938964844,349.8500061035156,356.1199951171875,354.4713134765625,2151200
2022-07-27,356.2699890136719,362.7699890136719,355.7300109863281,360.9200134277344,359.2491149902344,1627100
2022-07-28,364.44000244140625,375.8699951171875,361.8800048828125,374.5899963378906,372.8558349609375,1741200
2022-07-29,373.6000061035156,378.489990234375,372.8399963378906,376.92999267578125,375.18499755859375,1902100
2022-08-01,373.4100036621094,377.0,371.9599914550781,376.0799865722656,374.33892822265625,1418500
2022-08-02,370.0,375.489990234375,363.44000244140625,369.7799987792969,368.0680847167969,2014100
2022-08-03,369.0,371.9800109863281,363.17999267578125,368.1600036621094,366.4555969238281,1568100
2022-08-04,366.2900085449219,378.75,366.2900085449219,377.8999938964844,376.1505126953125,1973100
2022-08-05,373.1600036621094,377.07000732421875,369.3699951171875,376.6499938964844,374.9062805175781,977900
2022-08-08,380.0,380.3299865722656,374.2300109863281,378.1199951171875,376.3694763183594,872800
2022-08-09,378.3999938964844,379.9700012207031,374.1000061035156,377.0899963378906,375.3442687988281,1174700
2022-08-10,382.7699890136719,394.989990234375,382.7699890136719,393.20001220703125,391.37969970703125,2141000
2022-08-11,395.05999755859375,395.2799987792969,385.67999267578125,386.1700134277344,384.3822326660156,1467700
2022-08-12,388.4700012207031,392.4800109863281,386.1300048828125,391.9200134277344,390.1056213378906,1257600
2022-08-15,390.82000732421875,395.79998779296875,389.9599914550781,391.0899963378906,389.2794494628906,1471900
2022-08-16,388.19000244140625,390.55999755859375,386.3900146484375,388.7699890136719,386.9701843261719,1381700
2022-08-17,383.760009765625,390.57000732421875,382.9100036621094,387.7300109863281,385.9350280761719,1078100
2022-08-18,386.6099853515625,388.8500061035156,386.2099914550781,387.3800048828125,385.5866394042969,1633200
2022-08-19,384.0199890136719,384.7699890136719,378.75,379.9200134277344,378.1611633300781,2565700
2022-08-22,375.17999267578125,378.42999267578125,374.17999267578125,376.45001220703125,374.7072448730469,1189900
2022-08-23,374.9700012207031,376.0,371.80999755859375,372.79998779296875,371.0741271972656,2256800
2022-08-24,372.94000244140625,376.7200012207031,371.989990234375,375.7099914550781,373.97064208984375,1777900
2022-08-25,374.7200012207031,379.67999267578125,371.6199951171875,379.6199951171875,378.7193603515625,2004100
2022-08-26,380.0,380.17999267578125,363.70001220703125,364.05999755859375,363.1962585449219,1358400
2022-08-29,360.54998779296875,365.1199951171875,359.510009765625,361.0,360.1435241699219,1250300
2022-08-30,363.4100036621094,363.4100036621094,353.1099853515625,355.55999755859375,354.7164306640625,1725500
2022-08-31,356.80999755859375,359.6700134277344,352.010009765625,352.17999267578125,351.3444519042969,1939700
2022-09-01,349.5899963378906,352.0799865722656,345.8999938964844,351.9700012207031,351.13494873046875,1573000
2022-09-02,356.1400146484375,356.1400146484375,345.54998779296875,347.6300048828125,346.80523681640625,1233600
2022-09-06,350.010009765625,359.95001220703125,349.82000732421875,356.7900085449219,355.9435119628906,1604400
2022-09-07,356.8800048828125,363.8999938964844,355.32000732421875,363.5299987792969,362.6675109863281,1082200
2022-09-08,361.1400146484375,367.5199890136719,360.4800109863281,367.05999755859375,366.18914794921875,997300
2022-09-09,367.4800109863281,371.2099914550781,366.44000244140625,369.4200134277344,368.5435485839844,1276200
2022-09-12,370.4800109863281,374.2300109863281,369.1499938964844,371.5,370.6186218261719,1255900
2022-09-13,364.2300109863281,365.2799987792969,355.7799987792969,356.510009765625,355.6641845703125,1638800
2022-09-14,359.7799987792969,359.7799987792969,347.95001220703125,351.1600036621094,350.3268737792969,2616500
2022-09-15,350.6600036621094,351.1400146484375,344.3800048828125,347.05999755859375,346.2366027832031,2074800
2022-09-16,343.95001220703125,346.3500061035156,340.69000244140625,346.07000732421875,345.24896240234375,3390000
2022-09-19,342.6400146484375,345.0400085449219,341.0199890136719,344.69000244140625,343.8722229003906,1543200
2022-09-20,342.4100036621094,342.94000244140625,335.2200012207031,339.3500061035156,338.5448913574219,1260700
2022-09-21,341.7799987792969,344.8800048828125,334.8800048828125,334.8800048828125,334.08551025390625,1307400
2022-09-22,333.5899963378906,334.25,322.2200012207031,322.3699951171875,321.60516357421875,2513900
2022-09-23,321.7799987792969,323.6099853515625,315.2900085449219,317.8599853515625,317.1058654785156,2445300
2022-09-26,317.239990234375,319.1000061035156,312.1099853515625,315.42999267578125,314.681640625,2722400
2022-09-27,318.0199890136719,320.2699890136719,310.25,313.2699890136719,312.5267639160156,2833500
2022-09-28,315.30999755859375,317.2799987792969,311.05999755859375,314.7699890136719,314.023193359375,2659300
2022-09-29,311.6400146484375,312.5199890136719,308.3500061035156,310.42999267578125,309.6934814453125,2213400
2022-09-30,310.2900085449219,315.1000061035156,305.0799865722656,305.3500061035156,304.62554931640625,2205100
2022-10-03,307.07000732421875,316.5,306.8399963378906,314.7900085449219,314.0431823730469,1479100
2022-10-04,318.8399963378906,324.3399963378906,318.30999755859375,323.54998779296875,322.7823791503906,1507400
2022-10-05,318.9599914550781,324.1300048828125,316.92999267578125,321.6499938964844,320.8868713378906,1386400
2022-10-06,320.9599914550781,322.739990234375,315.4100036621094,316.1700134277344,315.4198913574219,1267900
2022-10-07,312.7799987792969,313.5799865722656,302.6099853515625,304.5299987792969,303.8074951171875,2098300
2022-10-10,307.1199951171875,307.17999267578125,297.7099914550781,298.7200012207031,298.01129150390625,1551500
2022-10-11,297.2699890136719,299.510009765625,293.1099853515625,294.7200012207031,294.0207824707031,1612500
2022-10-12,294.8999938964844,295.8900146484375,291.05999755859375,291.1700134277344,290.4792175292969,1444900
2022-10-13,283.0,294.3500061035156,279.32000732421875,292.2799987792969,291.5865783691406,2799100
2022-10-14,295.2900085449219,300.1099853515625,286.1199951171875,286.6199951171875,285.94000244140625,1631600
2022-10-17,292.7099914550781,300.04998779296875,291.6499938964844,297.3900146484375,296.6844482421875,1780500
2022-10-18,304.3500061035156,306.1300048828125,298.19000244140625,300.80999755859375,300.0963134765625,2270600
2022-10-19,296.8399963378906,300.1400146484375,294.54998779296875,296.8699951171875,296.1656799316406,1399200
2022-10-20,296.510009765625,299.8900146484375,290.4599914550781,292.0299987792969,291.337158203125,1628100
2022-10-21,291.8299865722656,296.3599853515625,287.30999755859375,295.94000244140625,295.2378845214844,1740800
2022-10-24,298.2200012207031,302.2799987792969,295.3999938964844,300.3900146484375,299.6773376464844,1870700
2022-10-25,297.1300048828125,312.9700012207031,295.5199890136719,312.0299987792969,311.2897033691406,2973900
2022-10-26,312.489990234375,318.010009765625,310.6199951171875,311.5299987792969,310.7908935546875,1956800
2022-10-27,312.3900146484375,326.3999938964844,312.3900146484375,319.30999755859375,318.55242919921875,2563100
2022-10-28,316.8599853515625,327.6300048828125,315.6300048828125,326.92999267578125,326.15435791015625,1588600
2022-10-31,324.510009765625,326.57000732421875,321.1400146484375,321.25,320.4878234863281,1845900
2022-11-01,325.2699890136719,326.1700134277344,315.2300109863281,316.1300048828125,315.3799743652344,1476000
2022-11-02,315.5899963378906,320.510009765625,309.010009765625,310.739990234375,310.00274658203125,1855700
2022-11-03,305.30999755859375,311.6400146484375,305.04998779296875,309.29998779296875,308.566162109375,1908700
2022-11-04,313.30999755859375,318.2200012207031,309.8500061035156,316.3999938964844,315.6493225097656,1659100
2022-11-07,321.3699951171875,322.2799987792969,314.7900085449219,319.25,318.4925842285156,1040000
2022-11-08,321.1400146484375,325.25,316.3399963378906,319.94000244140625,319.1809387207031,1210400
2022-11-09,318.54998779296875,319.5,312.6400146484375,314.1000061035156,313.35479736328125,1731500
2022-11-10,330.69000244140625,347.2900085449219,329.6499938964844,346.2099914550781,345.38861083984375,2569600
2022-11-11,346.07000732421875,357.7300109863281,346.07000732421875,356.20001220703125,355.35491943359375,2042600
2022-11-14,348.739990234375,352.9700012207031,346.25,347.6700134277344,346.84515380859375,1363600
2022-11-15,353.8399963378906,357.5400085449219,351.2300109863281,354.6600036621094,353.8185729980469,1413400
2022-11-16,355.3399963378906,357.82000732421875,351.8999938964844,353.6700134277344,352.8309326171875,1390800
2022-11-17,348.94000244140625,349.989990234375,343.5299987792969,346.7699890136719,345.947265625,1288400
2022-11-18,351.989990234375,353.1099853515625,340.4100036621094,345.8699951171875,345.0494079589844,1962900
2022-11-21,343.25,349.29998779296875,339.010009765625,347.4200134277344,346.59576416015625,1830600
2022-11-22,349.3699951171875,352.45001220703125,346.25,352.25,351.4142761230469,1405100
2022-11-23,353.0199890136719,362.04998779296875,351.1199951171875,358.2699890136719,357.41998291015625,2137500
2022-11-25,355.04998779296875,358.30999755859375,352.5299987792969,357.9100036621094,357.9100036621094,763500
2022-11-28,354.4599914550781,357.3399963378906,349.92999267578125,351.010009765625,351.010009765625,1946400
2022-11-29,350.7200012207031,351.7300109863281,346.3900146484375,347.1400146484375,347.1400146484375,1676300
2022-11-30,347.1300048828125,353.3800048828125,340.1099853515625,352.79998779296875,352.79998779296875,6468900
2022-12-01,356.8900146484375,365.79998779296875,355.95001220703125,362.5799865722656,362.5799865722656,2677900
2022-12-02,356.4100036621094,362.04998779296875,355.8299865722656,359.79998779296875,359.79998779296875,2026400
2022-12-05,354.7200012207031,357.17999267578125,348.44000244140625,350.30999755859375,350.30999755859375,2143900
2022-12-06,351.0199890136719,352.75,348.4700012207031,351.69000244140625,351.69000244140625,1538400
2022-12-07,351.6000061035156,354.5299987792969,349.0299987792969,351.5199890136719,351.5199890136719,1770000
2022-12-08,350.9100036621094,357.2099914550781,350.9100036621094,352.80999755859375,352.80999755859375,1160400
2022-12-09,351.3399963378906,353.0299987792969,346.4100036621094,346.75,346.75,1502800
2022-12-12,346.6099853515625,348.42999267578125,344.8999938964844,347.19000244140625,347.19000244140625,1814000
2022-12-13,362.3800048828125,366.44000244140625,354.5899963378906,357.69000244140625,357.69000244140625,1961200
2022-12-14,357.489990234375,361.3599853515625,350.0899963378906,353.8399963378906,353.8399963378906,1711400
2022-12-15,348.45001220703125,350.29998779296875,342.7200012207031,344.5799865722656,344.5799865722656,2007800
2022-12-16,339.9800109863281,341.67999267578125,337.7200012207031,339.6000061035156,339.6000061035156,4511700
2022-12-19,338.79998779296875,339.3800048828125,334.8500061035156,335.6600036621094,335.6600036621094,1476500
2022-12-20,332.19000244140625,334.6400146484375,330.75,332.1099853515625,332.1099853515625,1288200
2022-12-21,335.07000732421875,338.010009765625,334.1499938964844,337.45001220703125,337.45001220703125,1229300
2022-12-22,334.5299987792969,334.9100036621094,328.3999938964844,332.1099853515625,332.1099853515625,1455300
2022-12-23,329.7799987792969,332.9599914550781,328.44000244140625,332.94000244140625,332.94000244140625,740000
2022-12-27,332.2900085449219,333.67999267578125,329.7699890136719,331.32000732421875,331.32000732421875,739900
2022-12-28,331.44000244140625,335.0299987792969,329.42999267578125,329.6000061035156,329.6000061035156,840100
2022-12-29,332.0199890136719,340.2200012207031,331.54998779296875,339.80999755859375,339.80999755859375,988800
2022-12-30,335.70001220703125,337.6700134277344,331.8599853515625,334.94000244140625,334.94000244140625,1102800
2023-01-03,342.0400085449219,343.8299865722656,332.1400146484375,335.1700134277344,335.1700134277344,1212900
2023-01-04,340.44000244140625,344.94000244140625,337.8299865722656,341.6199951171875,341.6199951171875,1393800
2023-01-05,338.1199951171875,340.29998779296875,334.7200012207031,336.0799865722656,336.0799865722656,1148000
2023-01-06,339.45001220703125,349.29998779296875,335.9100036621094,347.8399963378906,347.8399963378906,1781000
2023-01-09,351.1700134277344,356.4800109863281,350.04998779296875,350.3399963378906,350.3399963378906,1699800
2023-01-10,349.1600036621094,355.3999938964844,348.0,354.3900146484375,354.3900146484375,927700
2023-01-11,356.1700134277344,365.2699890136719,355.29998779296875,364.04998779296875,364.04998779296875,1597200
2023-01-12,366.0,368.6400146484375,360.3900146484375,367.7699890136719,367.7699890136719,1186800
2023-01-13,363.95001220703125,366.7200012207031,362.92999267578125,366.3800048828125,366.3800048828125,1447100
