Date,Open,High,Low,Close,Adj Close,Volume
2022-01-18,102.54000091552734,102.77999877929688,100.19999694824219,101.01000213623047,97.68449401855469,3649400
2022-01-19,102.16999816894531,102.6500015258789,93.79000091552734,93.87999725341797,90.78922271728516,4091000
2022-01-20,93.8499984741211,96.93000030517578,92.06999969482422,94.20999908447266,91.10836791992188,3432400
2022-01-21,94.0,94.0,90.41999816894531,90.98999786376953,87.99437713623047,3257600
2022-01-24,88.52999877929688,94.41999816894531,87.16999816894531,93.80000305175781,90.71186828613281,5022400
2022-01-25,92.16999816894531,95.33000183105469,90.58000183105469,94.12999725341797,91.03099822998047,5226900
2022-01-26,95.45999908447266,96.88999938964844,93.2300033569336,94.31999969482422,91.2147445678711,3616100
2022-01-27,96.37000274658203,97.11000061035156,92.18000030517578,93.12000274658203,90.05426025390625,2441800
2022-01-28,92.75,93.7699966430664,91.05000305175781,93.6500015258789,90.56680297851562,1779800
2022-01-31,92.62999725341797,94.69999694824219,91.80000305175781,94.5,91.38882446289062,2537700
2022-02-01,94.95999908447266,96.7300033569336,94.13999938964844,96.51000213623047,93.3326416015625,1868600
2022-02-02,95.7300033569336,97.62999725341797,95.33999633789062,97.56999969482422,94.35774230957031,1783700
2022-02-03,97.44999694824219,98.70999908447266,96.61000061035156,97.08999633789062,93.89354705810547,2001400
2022-02-04,97.05999755859375,99.88999938964844,96.87000274658203,98.88999938964844,95.63429260253906,2288000
2022-02-07,98.8499984741211,99.94999694824219,98.18000030517578,99.33000183105469,96.05979919433594,1735400
2022-02-08,100.0,102.04000091552734,99.91000366210938,101.8499984741211,98.49684143066406,2075500
2022-02-09,102.22000122070312,102.4800033569336,100.83000183105469,101.66999816894531,98.32276153564453,1097400
2022-02-10,101.33000183105469,103.76000213623047,100.58999633789062,101.38999938964844,98.05198669433594,1715900
2022-02-11,101.0,102.80999755859375,98.2300033569336,99.16999816894531,95.90506744384766,2059300
2022-02-14,99.62000274658203,100.0,97.77999877929688,98.68000030517578,95.43120574951172,1627800
2022-02-15,100.0199966430664,100.6500015258789,99.08000183105469,100.31999969482422,97.0172119140625,1097300
2022-02-16,99.45999908447266,100.7699966430664,98.98999786376953,100.27999877929688,96.97852325439453,1435100
2022-02-17,98.58999633789062,98.70999908447266,93.33000183105469,93.6500015258789,90.56680297851562,2431200
2022-02-18,92.88999938964844,94.05000305175781,92.12000274658203,93.38999938964844,90.31536865234375,2762200
2022-02-22,93.0999984741211,94.37999725341797,91.41000366210938,92.43000030517578,89.38697052001953,2011800
2022-02-23,93.08000183105469,93.47000122070312,86.80000305175781,87.2300033569336,84.35816955566406,2817600
2022-02-24,84.01000213623047,85.83999633789062,82.12000274658203,85.4800033569336,82.66577911376953,3244500
2022-02-25,85.9800033569336,89.05000305175781,85.79000091552734,88.73999786376953,85.81845092773438,2178500
2022-02-28,85.62999725341797,86.37999725341797,83.95999908447266,85.33000183105469,82.52072143554688,3709300
2022-03-01,84.33000183105469,84.52999877929688,79.48999786376953,80.88999938964844,78.22689056396484,3963800
2022-03-02,81.86000061035156,84.68000030517578,81.73999786376953,83.94000244140625,81.17648315429688,2710300
2022-03-03,84.05999755859375,85.13999938964844,82.62999725341797,83.94000244140625,81.17648315429688,1866000
2022-03-04,81.7300033569336,81.7300033569336,79.44999694824219,80.51000213623047,77.85941314697266,3271200
2022-03-07,80.0,80.56999969482422,78.12000274658203,78.16999816894531,75.59644317626953,2064800
2022-03-08,79.44999694824219,81.52999877929688,77.5199966430664,79.36000061035156,76.74726867675781,2221700
2022-03-09,82.37999725341797,84.80999755859375,82.20999908447266,83.58000183105469,80.82833099365234,2685300
2022-03-10,81.69999694824219,83.56999969482422,81.56999969482422,82.91999816894531,80.1900634765625,2070400
2022-03-11,83.94999694824219,84.8499984741211,82.0,82.08999633789062,79.38738250732422,1531700
2022-03-14,83.69000244140625,85.16000366210938,82.87999725341797,83.3499984741211,80.60591125488281,1506100
2022-03-15,84.0,84.58000183105469,83.12000274658203,83.97000122070312,81.20549011230469,1384800
2022-03-16,85.75,87.9000015258789,85.52999877929688,87.44999694824219,84.57091522216797,1866200
2022-03-17,86.11000061035156,88.23999786376953,85.37999725341797,88.05000305175781,85.15117645263672,1520600
2022-03-18,88.2699966430664,89.19999694824219,86.58000183105469,88.93000030517578,86.002197265625,3020600
2022-03-21,89.05999755859375,89.52999877929688,87.43000030517578,88.36000061035156,85.45096588134766,1382300
2022-03-22,89.55999755859375,91.0999984741211,89.55999755859375,90.33000183105469,87.35611724853516,2337200
2022-03-23,89.23999786376953,90.13999938964844,87.3499984741211,87.4800033569336,84.59994506835938,1840300
2022-03-24,88.1500015258789,89.13999938964844,87.08999633789062,89.01000213623047,86.07957458496094,1344600
2022-03-25,88.94000244140625,90.80999755859375,88.75,90.52999877929688,87.54952239990234,1076900
2022-03-28,90.45999908447266,90.45999908447266,88.8499984741211,90.11000061035156,87.14334869384766,1500200
2022-03-29,92.2300033569336,92.52999877929688,90.93000030517578,91.97000122070312,88.9421157836914,2125100
2022-03-30,91.7699966430664,92.16999816894531,91.22000122070312,92.11000061035156,89.07750701904297,2545000
2022-03-31,90.2300033569336,90.94000244140625,86.95999908447266,87.12000274658203,84.77641296386719,3087000
2022-04-01,88.26000213623047,88.58999633789062,85.36000061035156,85.80999755859375,83.50164794921875,2065200
2022-04-04,85.62999725341797,86.66999816894531,84.1500015258789,85.83999633789062,83.53083801269531,2826000
2022-04-05,85.33999633789062,86.41999816894531,84.55999755859375,85.30999755859375,83.01509857177734,1776100
2022-04-06,84.38999938964844,84.69000244140625,83.45999908447266,83.69999694824219,81.44841003417969,1453500
2022-04-07,83.05000305175781,84.5999984741211,81.70999908447266,83.95999908447266,81.701416015625,1818100
2022-04-08,84.5,85.0199966430664,83.41999816894531,84.16999816894531,81.90576171875,1154500
2022-04-11,83.69000244140625,84.2300033569336,82.47000122070312,82.72000122070312,80.49476623535156,2128800
2022-04-12,82.23999786376953,84.45999908447266,81.7699966430664,82.25,80.03740692138672,1925700
2022-04-13,81.4800033569336,82.87999725341797,80.7699966430664,82.8499984741211,80.62127685546875,2459800
2022-04-14,83.30000305175781,84.73999786376953,75.6500015258789,75.80999755859375,73.7706527709961,5810200
2022-04-18,74.54000091552734,74.80000305175781,72.4000015258789,74.37999725341797,72.37911987304688,5355200
2022-04-19,75.12000274658203,75.9000015258789,74.19999694824219,74.91000366210938,72.89486694335938,4617400
2022-04-20,75.7300033569336,77.31999969482422,75.0,75.91000366210938,73.86796569824219,2579800
2022-04-21,77.02999877929688,77.5199966430664,74.12000274658203,74.58000183105469,72.57373809814453,2398600
2022-04-22,74.41999816894531,74.51000213623047,70.75,70.87000274658203,68.96354675292969,3327100
2022-04-25,70.0,71.16000366210938,68.30000305175781,70.94999694824219,69.04138946533203,3979200
2022-04-26,70.0,71.13999938964844,67.7300033569336,67.7300033569336,65.90801239013672,3227900
2022-04-27,67.37000274658203,67.97000122070312,66.47000122070312,66.86000061035156,65.06141662597656,3973000
2022-04-28,68.36000061035156,69.19000244140625,66.81999969482422,68.83999633789062,66.98814392089844,2512200
2022-04-29,68.79000091552734,69.80999755859375,66.75,66.97000122070312,65.16845703125,3599100
2022-05-02,67.19999694824219,68.80999755859375,66.61000061035156,68.58000183105469,66.73514556884766,2688100
2022-05-03,69.13999938964844,70.70999908447266,68.69000244140625,69.91000366210938,68.02936553955078,2711100
2022-05-04,69.73999786376953,73.06999969482422,69.69999694824219,72.76000213623047,70.80270385742188,1991900
2022-05-05,71.27999877929688,71.7300033569336,69.76000213623047,71.22000122070312,69.30413818359375,2607400
2022-05-06,71.08000183105469,71.2699966430664,68.98999786376953,70.12999725341797,68.24344635009766,1965200
2022-05-09,68.9000015258789,70.11000061035156,68.04000091552734,69.25,67.38712310791016,2837000
2022-05-10,70.20999908447266,70.38999938964844,66.58000183105469,67.70999908447266,65.8885498046875,2619100
2022-05-11,68.19999694824219,69.19999694824219,66.25,66.30999755859375,64.52620697021484,3524100
2022-05-12,66.0,68.83000183105469,65.80000305175781,67.62000274658203,65.80097198486328,3412100
2022-05-13,68.61000061035156,69.97000122070312,68.45999908447266,69.20999908447266,67.34819793701172,2094400
2022-05-16,68.86000061035156,69.18000030517578,67.44000244140625,68.30999755859375,66.472412109375,1641200
2022-05-17,70.04000091552734,70.88999938964844,69.19000244140625,69.66000366210938,67.78609466552734,3998500
2022-05-18,68.97000122070312,69.01000213623047,66.6500015258789,66.97000122070312,65.16845703125,2916800
2022-05-19,65.52999877929688,66.80000305175781,65.41000366210938,65.95999908447266,64.18562316894531,3171200
2022-05-20,66.81999969482422,67.52999877929688,65.79000091552734,67.47000122070312,65.65499877929688,3896400
2022-05-23,69.41999816894531,70.26000213623047,68.11000061035156,69.7300033569336,67.85420989990234,2259900
2022-05-24,69.04000091552734,69.48999786376953,67.08999633789062,68.66999816894531,66.8227310180664,1557300
2022-05-25,68.58000183105469,69.73999786376953,68.04000091552734,69.30000305175781,67.43578338623047,1561700
2022-05-26,70.43000030517578,71.33999633789062,70.23999786376953,70.98999786376953,69.08031463623047,1529200
2022-05-27,71.19000244140625,73.0999984741211,70.79000091552734,73.04000091552734,71.07516479492188,3042000
2022-05-31,72.27999877929688,73.44000244140625,71.30000305175781,72.48999786376953,70.53996276855469,6337500
2022-06-01,72.3499984741211,72.5199966430664,69.47000122070312,69.94999694824219,68.06828308105469,2955300
2022-06-02,70.37000274658203,73.1500015258789,70.29000091552734,73.12999725341797,71.1627426147461,2426500
2022-06-03,72.19999694824219,72.62999725341797,71.2699966430664,71.30000305175781,69.38197326660156,1253000
2022-06-06,72.43000030517578,73.05999755859375,71.20999908447266,71.41000366210938,69.489013671875,1220900
2022-06-07,70.45999908447266,73.0999984741211,70.45999908447266,73.01000213623047,71.04598236083984,2085400
2022-06-08,72.12999725341797,72.30000305175781,68.0999984741211,69.04000091552734,67.18277740478516,7272700
2022-06-09,69.08999633789062,71.16999816894531,68.08999633789062,68.13999938964844,66.30697631835938,4397600
2022-06-10,66.61000061035156,66.70999908447266,64.79000091552734,65.2300033569336,63.47526168823242,2772900
2022-06-13,63.61000061035156,64.26000213623047,62.06999969482422,63.06999969482422,61.37337112426758,4184200
2022-06-14,63.34000015258789,63.939998626708984,61.84000015258789,62.18000030517578,60.5073127746582,3339600
2022-06-15,63.150001525878906,65.11000061035156,62.560001373291016,63.939998626708984,62.21996307373047,3224300
2022-06-16,61.9900016784668,62.709999084472656,61.290000915527344,62.33000183105469,60.653282165527344,2604900
2022-06-17,62.709999084472656,63.65999984741211,61.709999084472656,61.75,60.08887481689453,6843600
2022-06-21,63.099998474121094,64.08999633789062,62.59000015258789,63.79999923706055,62.08373260498047,2732900
2022-06-22,62.79999923706055,63.79999923706055,62.66999816894531,63.33000183105469,61.62637710571289,1898000
2022-06-23,62.90999984741211,63.16999816894531,61.310001373291016,62.88999938964844,61.19820785522461,2225200
2022-06-24,63.2599983215332,66.4800033569336,63.25,66.2699966430664,64.4872817993164,2467400
2022-06-27,66.61000061035156,66.87000274658203,64.69999694824219,65.20999908447266,63.455806732177734,2793400
2022-06-28,65.08999633789062,66.48999786376953,64.37999725341797,64.48999786376953,62.75516891479492,2004000
2022-06-29,64.56999969482422,66.08999633789062,63.849998474121094,64.08000183105469,62.356201171875,2032200
2022-06-30,61.709999084472656,62.5,60.540000915527344,61.650001525878906,60.52999496459961,3178700
2022-07-01,61.220001220703125,63.650001525878906,60.86000061035156,63.380001068115234,62.22856521606445,1959500
2022-07-05,62.09000015258789,63.09000015258789,61.119998931884766,63.06999969482422,61.924198150634766,1602200
2022-07-06,62.61000061035156,63.209999084472656,61.709999084472656,62.27000045776367,61.138729095458984,1746900
2022-07-07,63.15999984741211,64.05999755859375,63.0,63.70000076293945,62.542747497558594,2178000
2022-07-08,63.970001220703125,64.12000274658203,62.779998779296875,63.029998779296875,61.88492202758789,1279000
2022-07-11,62.16999816894531,63.06999969482422,61.93000030517578,62.70000076293945,61.56092071533203,1839700
2022-07-12,62.209999084472656,63.75,62.0,62.36000061035156,61.22709274291992,2832200
2022-07-13,61.36000061035156,61.540000915527344,60.15999984741211,60.939998626708984,59.832889556884766,2661400
2022-07-14,59.43000030517578,60.16999816894531,58.79999923706055,59.84000015258789,58.75287628173828,4319300
2022-07-15,63.619998931884766,66.83000183105469,60.790000915527344,65.66999816894531,64.47695922851562,8351900
2022-07-18,66.19000244140625,67.02999877929688,64.69000244140625,64.95999908447266,63.77985763549805,3475100
2022-07-19,66.3499984741211,67.91999816894531,66.08000183105469,67.33000183105469,66.10680389404297,2747700
2022-07-20,67.06999969482422,67.22000122070312,65.97000122070312,66.97000122070312,65.75334167480469,2509800
2022-07-21,67.05000305175781,67.83000183105469,66.44999694824219,67.81999969482422,66.58789825439453,1826700
2022-07-22,68.0,69.11000061035156,67.58000183105469,68.16000366210938,66.9217300415039,2178200
2022-07-25,68.69000244140625,68.87999725341797,67.83999633789062,68.4000015258789,67.15736389160156,1490000
2022-07-26,67.83999633789062,68.33000183105469,66.9000015258789,66.98999786376953,65.7729721069336,1754800
2022-07-27,67.6500015258789,69.33999633789062,67.0,68.91000366210938,67.6581039428711,1476600
2022-07-28,69.11000061035156,70.02999877929688,67.91999816894531,69.97000122070312,68.69884490966797,1961300
2022-07-29,69.94999694824219,71.51000213623047,69.94999694824219,71.04000091552734,69.74939727783203,3991400
2022-08-01,70.06999969482422,70.87999725341797,69.27999877929688,70.36000061035156,69.08175659179688,1785600
2022-08-02,69.51000213623047,70.13999938964844,68.8499984741211,69.22000122070312,67.96247100830078,1419600
2022-08-03,70.30999755859375,71.0999984741211,69.51000213623047,71.0199966430664,69.7297592163086,1735400
2022-08-04,71.08000183105469,71.62999725341797,70.23999786376953,70.33000183105469,69.05230712890625,1804700
2022-08-05,69.8499984741211,71.05999755859375,69.69000244140625,70.66000366210938,69.37631225585938,1470400
2022-08-08,71.38999938964844,71.63999938964844,70.29000091552734,70.30000305175781,69.0228500366211,1283600
2022-08-09,70.55000305175781,70.73999786376953,69.80000305175781,70.37999725341797,69.10138702392578,894600
2022-08-10,71.88999938964844,73.08999633789062,71.75,72.5199966430664,71.20250701904297,1199200
2022-08-11,73.58999633789062,74.06999969482422,73.01000213623047,73.51000213623047,72.17453002929688,1004400
2022-08-12,74.12000274658203,74.94999694824219,73.66999816894531,74.93000030517578,73.56873321533203,1586600
2022-08-15,74.12999725341797,74.81999969482422,73.83000183105469,74.45999908447266,73.1072769165039,1066600
2022-08-16,73.9800033569336,75.19999694824219,73.9800033569336,74.4800033569336,73.12690734863281,1410700
2022-08-17,73.2699966430664,74.45999908447266,73.0199966430664,73.95999908447266,72.6163558959961,1117100
2022-08-18,73.56999969482422,74.30999755859375,73.16999816894531,74.19999694824219,72.85199737548828,946500
2022-08-19,73.41000366210938,73.41000366210938,71.94000244140625,72.26000213623047,70.94723510742188,1336600
2022-08-22,70.9000015258789,71.41999816894531,70.37000274658203,70.87999725341797,69.5923080444336,1046500
2022-08-23,70.94000244140625,71.54000091552734,70.72000122070312,70.7699966430664,69.48430633544922,614300
2022-08-24,70.54000091552734,71.23999786376953,70.01000213623047,70.52999877929688,69.24866485595703,942200
2022-08-25,70.72000122070312,71.94999694824219,70.52999877929688,71.66999816894531,70.36795043945312,975200
2022-08-26,71.87999725341797,72.22000122070312,69.12000274658203,69.12999725341797,67.87409973144531,986200
2022-08-29,68.58000183105469,69.4000015258789,68.1500015258789,68.72000122070312,67.47154998779297,1350400
2022-08-30,69.27999877929688,69.62000274658203,68.19000244140625,69.08000183105469,67.82501220703125,1263800
2022-08-31,69.73999786376953,69.73999786376953,68.12000274658203,68.3499984741211,67.1082763671875,1859600
2022-09-01,68.0,68.63999938964844,66.66999816894531,68.58999633789062,67.34391021728516,1385600
2022-09-02,69.70999908447266,70.44999694824219,67.18000030517578,67.68000030517578,66.45044708251953,1714600
2022-09-06,68.1500015258789,68.30999755859375,66.87000274658203,68.05999755859375,66.82353973388672,1341900
2022-09-07,67.83000183105469,69.95999908447266,67.55000305175781,69.73999786376953,68.4730224609375,2055600
2022-09-08,69.23999786376953,72.06999969482422,68.5,72.05999755859375,70.75086975097656,2454300
2022-09-09,72.44000244140625,73.27999877929688,72.20999908447266,73.0,71.67378997802734,2639300
2022-09-12,73.5999984741211,74.73999786376953,73.4000015258789,74.19000244140625,72.84217834472656,3115200
2022-09-13,72.2300033569336,73.7699966430664,71.87999725341797,72.12999725341797,70.81959533691406,2208000
2022-09-14,72.12000274658203,72.51000213623047,70.5,71.4000015258789,70.10286712646484,2145800
2022-09-15,71.4000015258789,72.81999969482422,71.22000122070312,71.4000015258789,70.10286712646484,1465700
2022-09-16,70.37999725341797,70.62999725341797,69.18000030517578,70.0999984741211,68.82647705078125,2824600
2022-09-19,69.16999816894531,71.30000305175781,69.16999816894531,70.87000274658203,69.5824966430664,1298300
2022-09-20,70.08999633789062,70.3499984741211,68.44000244140625,68.94999694824219,67.6973648071289,1689100
2022-09-21,69.4000015258789,70.27999877929688,67.76000213623047,67.7699966430664,66.53880310058594,1894900
2022-09-22,68.19000244140625,68.19000244140625,65.86000061035156,66.08000183105469,64.8795166015625,1202300
2022-09-23,65.48999786376953,65.66000366210938,62.720001220703125,63.630001068115234,62.474021911621094,2555600
2022-09-26,63.209999084472656,64.0,62.189998626708984,62.61000061035156,61.47255325317383,3234900
2022-09-27,63.150001525878906,63.43000030517578,60.29999923706055,61.279998779296875,60.16671371459961,2808800
2022-09-28,61.66999816894531,63.58000183105469,61.040000915527344,63.22999954223633,62.0812873840332,2243900
2022-09-29,62.2599983215332,62.540000915527344,61.31999969482422,61.720001220703125,60.598724365234375,2055000
2022-09-30,61.540000915527344,62.529998779296875,60.68000030517578,60.810001373291016,60.32097625732422,2403600
2022-10-03,61.560001373291016,63.7599983215332,60.2400016784668,63.11000061035156,62.60247802734375,2621400
2022-10-04,64.30999755859375,65.6500015258789,64.08000183105469,65.61000061035156,65.0823745727539,2287200
2022-10-05,64.2300033569336,65.80000305175781,64.08000183105469,65.43000030517578,64.90382385253906,1304200
2022-10-06,64.91999816894531,65.45999908447266,63.869998931884766,63.959999084472656,63.445640563964844,1318200
2022-10-07,63.439998626708984,63.439998626708984,61.630001068115234,62.11000061035156,61.61051940917969,1782600
2022-10-10,62.75,63.02000045776367,61.349998474121094,61.619998931884766,61.12445831298828,1180000
2022-10-11,61.0,62.06999969482422,60.41999816894531,60.810001373291016,60.32097625732422,1899600
2022-10-12,60.40999984741211,61.5,59.91999816894531,60.15999984741211,59.67620086669922,1675400
2022-10-13,59.27000045776367,63.88999938964844,58.619998931884766,63.5,62.989341735839844,1998600
2022-10-14,63.88999938964844,64.93000030517578,60.900001525878906,61.11000061035156,60.618560791015625,2693100
2022-10-17,62.63999938964844,65.31999969482422,62.63999938964844,63.810001373291016,63.296852111816406,3546200
2022-10-18,65.41999816894531,65.58000183105469,59.2400016784668,64.41999816894531,63.90194320678711,6023400
2022-10-19,63.650001525878906,65.94999694824219,63.11000061035156,64.56999969482422,64.05073547363281,3315000
2022-10-20,64.6500015258789,66.4000015258789,64.26000213623047,64.86000061035156,64.33840942382812,2871200
2022-10-21,64.88999938964844,69.30999755859375,64.4800033569336,69.12000274658203,68.56414794921875,3294800
2022-10-24,69.5,70.94999694824219,69.29000091552734,70.5199966430664,69.95288848876953,2738100
2022-10-25,70.19000244140625,72.66999816894531,70.0,72.05000305175781,71.47058868408203,3145200
2022-10-26,72.36000061035156,73.52999877929688,71.94999694824219,72.27999877929688,71.69873046875,2281100
2022-10-27,73.16999816894531,74.44000244140625,72.97000122070312,73.0999984741211,72.51213836669922,2184500
2022-10-28,73.4000015258789,75.08000183105469,72.80999755859375,74.77999877929688,74.17862701416016,2373400
2022-10-31,74.1500015258789,74.76000213623047,73.9000015258789,74.0,73.40489959716797,2740100
2022-11-01,75.08999633789062,75.43000030517578,74.2300033569336,74.4000015258789,73.80168914794922,2576600
2022-11-02,74.44000244140625,76.52999877929688,73.69000244140625,73.87999725341797,73.2858657836914,2444600
2022-11-03,72.88999938964844,73.80999755859375,72.30999755859375,73.06999969482422,72.48238372802734,1941500
2022-11-04,74.30999755859375,75.98999786376953,74.18000030517578,75.44999694824219,74.8432388305664,1763800
2022-11-07,75.80999755859375,76.30000305175781,75.44000244140625,75.93000030517578,75.31938171386719,1842800
2022-11-08,75.80999755859375,77.0199966430664,75.16000366210938,76.1500015258789,75.53761291503906,2133500
2022-11-09,75.45999908447266,76.36000061035156,75.08000183105469,75.22000122070312,74.6150894165039,1690900
2022-11-10,78.06999969482422,80.0999984741211,77.95999908447266,79.86000061035156,79.21778106689453,2284300
2022-11-11,80.4800033569336,82.13999938964844,79.97000122070312,80.98999786376953,80.33868408203125,2897900
2022-11-14,79.95999908447266,81.79000091552734,78.79000091552734,79.0,78.36469268798828,3105300
2022-11-15,79.68000030517578,81.5199966430664,79.23999786376953,79.45999908447266,78.82099151611328,2681400
2022-11-16,79.0199966430664,79.94000244140625,78.5199966430664,78.91000366210938,78.27542114257812,2232300
2022-11-17,77.19999694824219,77.3499984741211,74.2699966430664,74.51000213623047,73.91080474853516,5477200
2022-11-18,75.9800033569336,77.01000213623047,75.12999725341797,75.58999633789062,74.98210906982422,3900900
2022-11-21,75.37999725341797,76.7699966430664,75.37999725341797,76.61000061035156,75.99391174316406,2419500
2022-11-22,77.11000061035156,77.87999725341797,76.41000366210938,76.58999633789062,75.97406768798828,1972800
2022-11-23,76.36000061035156,77.68000030517578,76.33000183105469,77.05000305175781,76.43037414550781,1870800
2022-11-25,77.16000366210938,77.68000030517578,76.70999908447266,77.05999755859375,76.44029235839844,1030800
2022-11-28,76.13999938964844,76.23999786376953,73.26000213623047,73.5199966430664,72.92875671386719,2255700
2022-11-29,73.20999908447266,73.9800033569336,72.8499984741211,73.93000030517578,73.33546447753906,1502600
2022-11-30,79.79000091552734,80.44999694824219,77.08000183105469,79.66999816894531,79.02930450439453,7618900
2022-12-01,79.41000366210938,79.41000366210938,77.1500015258789,78.72000122070312,78.08694458007812,2907200
2022-12-02,77.61000061035156,78.56999969482422,77.02999877929688,77.72000122070312,77.09498596191406,4159000
2022-12-05,77.51000213623047,78.0199966430664,76.0,76.23999786376953,75.62688446044922,2284300
2022-12-06,74.88999938964844,75.73999786376953,73.8499984741211,74.36000061035156,73.76200866699219,2581200
2022-12-07,75.02999877929688,82.31999969482422,75.02999877929688,80.44999694824219,79.80303192138672,6096500
2022-12-08,80.72000122070312,81.25,77.70999908447266,78.12000274658203,77.49177551269531,2770900
2022-12-09,78.0,80.11000061035156,77.8499984741211,79.02999877929688,78.39444732666016,3070900
2022-12-12,78.70999908447266,80.52999877929688,78.66999816894531,80.26000213623047,79.61456298828125,2790800
2022-12-13,82.19999694824219,83.41999816894531,81.12999725341797,81.33000183105469,80.67595672607422,3751800
2022-12-14,81.13999938964844,82.37999725341797,79.69000244140625,79.88999938964844,79.2475357055664,3860300
2022-12-15,78.37999725341797,79.02999877929688,77.70999908447266,78.26000213623047,77.63064575195312,2910000
2022-12-16,77.36000061035156,78.62999725341797,76.80000305175781,77.69999694824219,77.07514190673828,5120200
2022-12-19,77.44999694824219,79.02999877929688,77.20999908447266,77.55999755859375,76.93627166748047,2387300
2022-12-20,77.87999725341797,78.66000366210938,77.43000030517578,77.98999786376953,77.3628158569336,2300000
2022-12-21,78.94000244140625,79.5199966430664,78.58000183105469,78.70999908447266,78.0770263671875,2157200
2022-12-22,77.72000122070312,78.2300033569336,75.9000015258789,77.8499984741211,77.22393798828125,1087800
2022-12-23,77.7300033569336,77.88999938964844,76.8499984741211,77.48999786376953,76.86683654785156,1232500
2022-12-27,77.68000030517578,77.79000091552734,76.7300033569336,77.1500015258789,76.52957153320312,1620200
2022-12-28,77.13999938964844,77.51000213623047,76.58999633789062,76.83999633789062,76.22206115722656,1546200
2022-12-29,77.31999969482422,78.44999694824219,76.80000305175781,78.33999633789062,77.70999908447266,1587500
2022-12-30,77.12999725341797,77.58999633789062,76.45999908447266,77.56999969482422,77.56999969482422,1387300
2023-01-03,78.6500015258789,79.62000274658203,77.6500015258789,78.4000015258789,78.4000015258789,3168100
2023-01-04,78.9800033569336,80.80000305175781,78.41000366210938,79.4800033569336,79.4800033569336,2324500
2023-01-05,78.73999786376953,79.33999633789062,78.2300033569336,78.70999908447266,78.70999908447266,1980300
2023-01-06,79.58000183105469,80.76000213623047,78.81999969482422,80.68000030517578,80.68000030517578,2059300
2023-01-09,81.12999725341797,82.18000030517578,80.87000274658203,80.91000366210938,80.91000366210938,3437000
2023-01-10,81.01000213623047,81.94000244140625,80.43000030517578,81.45999908447266,81.45999908447266,2972000
2023-01-11,81.66000366210938,82.63999938964844,81.30000305175781,82.33999633789062,82.33999633789062,3100900
2023-01-12,82.58999633789062,83.38999938964844,81.8499984741211,82.37000274658203,82.37000274658203,3896500
2023-01-13,81.36000061035156,84.1500015258789,81.01000213623047,82.97000122070312,82.97000122070312,4274400
