Date,Open,High,Low,Close,Adj Close,Volume
2022-01-18,263.3500061035156,264.1499938964844,259.4800109863281,260.4800109863281,257.2288513183594,1349800
2022-01-19,260.75,262.9800109863281,258.010009765625,258.29998779296875,255.0760498046875,1498000
2022-01-20,259.0,265.25,256.54998779296875,257.0199890136719,253.81201171875,1339600
2022-01-21,258.4200134277344,258.4200134277344,252.44000244140625,254.67999267578125,251.50123596191406,2589500
2022-01-24,250.6199951171875,252.4600067138672,242.0,251.9199981689453,248.77569580078125,2307300
2022-01-25,244.32000732421875,251.0399932861328,242.55999755859375,249.27000427246094,246.15875244140625,1692400
2022-01-26,252.44000244140625,254.9600067138672,245.1999969482422,248.25999450683594,245.16134643554688,1569600
2022-01-27,249.82000732421875,250.82000732421875,243.42999267578125,245.3300018310547,242.2679443359375,1730900
2022-01-28,240.4199981689453,248.82000732421875,237.4499969482422,248.38999938964844,245.2897491455078,1903600
2022-01-31,246.99000549316406,249.39999389648438,244.4499969482422,248.0500030517578,244.9539794921875,2021700
2022-02-01,248.0,249.07000732421875,243.88999938964844,248.60000610351562,245.4971466064453,2323300
2022-02-02,249.99000549316406,255.33999633789062,247.9499969482422,254.47000122070312,251.2938690185547,1602900
2022-02-03,253.8300018310547,254.77000427246094,250.27000427246094,250.75999450683594,247.6301727294922,1004800
2022-02-04,249.25,253.22000122070312,248.6300048828125,250.9499969482422,247.8177947998047,792300
2022-02-07,248.83999633789062,251.08999633789062,246.05999755859375,248.19000244140625,245.09222412109375,1262000
2022-02-08,248.49000549316406,256.1000061035156,248.49000549316406,255.10000610351562,251.91600036621094,1134600
2022-02-09,257.8599853515625,262.5,257.8599853515625,260.2200012207031,256.9720764160156,1341500
2022-02-10,255.60000610351562,259.29998779296875,254.49000549316406,255.44000244140625,252.2517547607422,1890700
2022-02-11,255.8800048828125,256.8500061035156,250.0,251.64999389648438,248.50904846191406,1307500
2022-02-14,251.52000427246094,252.88999938964844,248.64999389648438,250.4499969482422,247.3240203857422,1325900
2022-02-15,254.7100067138672,259.8900146484375,254.0,258.7200012207031,255.49082946777344,1513400
2022-02-16,256.30999755859375,260.4800109863281,254.27999877929688,259.5899963378906,256.3499755859375,1329000
2022-02-17,256.0400085449219,258.04998779296875,250.89999389648438,251.5800018310547,248.43991088867188,1374300
2022-02-18,250.9600067138672,253.2100067138672,246.7899932861328,248.13999938964844,245.0428466796875,1290900
2022-02-22,247.55999755859375,252.5,247.32000732421875,250.2100067138672,247.08702087402344,1678600
2022-02-23,253.10000610351562,257.0199890136719,251.47000122070312,253.6199951171875,250.45445251464844,1975400
2022-02-24,249.25999450683594,258.4800109863281,246.0,257.70001220703125,254.48355102539062,1889900
2022-02-25,258.4800109863281,266.0799865722656,257.1499938964844,265.7900085449219,262.4725646972656,1433200
2022-02-28,262.1099853515625,264.4599914550781,260.32000732421875,263.3500061035156,260.06304931640625,1300600
2022-03-01,263.1700134277344,264.67999267578125,259.3299865722656,262.6199951171875,259.3421630859375,1937800
2022-03-02,265.0,271.3900146484375,263.8800048828125,268.489990234375,265.13885498046875,1816200
2022-03-03,269.20001220703125,270.8500061035156,263.9599914550781,266.4700012207031,263.14410400390625,924900
2022-03-04,263.57000732421875,267.2300109863281,260.7200012207031,267.1000061035156,263.7662048339844,1114000
2022-03-07,265.4200134277344,266.8800048828125,251.69000244140625,253.41000366210938,250.24710083007812,1766600
2022-03-08,251.2100067138672,252.83999633789062,244.22999572753906,245.7100067138672,242.6431884765625,1956900
2022-03-09,252.6999969482422,252.6999969482422,245.72999572753906,249.69000244140625,246.57351684570312,1731100
2022-03-10,245.77999877929688,248.97000122070312,243.85000610351562,248.3699951171875,245.2699737548828,1696900
2022-03-11,250.4199981689453,251.97999572753906,247.57000732421875,247.77000427246094,244.677490234375,1261200
2022-03-14,250.22999572753906,251.72000122070312,243.3000030517578,245.85000610351562,242.7814483642578,1582900
2022-03-15,249.3699951171875,254.88999938964844,248.67999267578125,254.33999633789062,251.16546630859375,1474600
2022-03-16,258.0,263.57000732421875,256.5,262.1600036621094,258.88787841796875,1530000
2022-03-17,258.5799865722656,264.0199890136719,258.5799865722656,264.0,260.70489501953125,1454400
2022-03-18,263.6199951171875,267.7900085449219,261.5400085449219,267.3399963378906,264.0032043457031,2190100
2022-03-21,266.9599914550781,267.6499938964844,263.3500061035156,265.7900085449219,262.4725646972656,1078000
2022-03-22,266.1199951171875,268.489990234375,265.79998779296875,266.9700012207031,263.6378173828125,1487600
2022-03-23,265.0400085449219,265.2699890136719,254.8300018310547,255.47000122070312,252.2813720703125,1778000
2022-03-24,257.44000244140625,263.04998779296875,256.7099914550781,263.010009765625,259.72723388671875,1177300
2022-03-25,264.0,266.25,262.6099853515625,266.0,262.6799621582031,829600
2022-03-28,267.2699890136719,270.2300109863281,264.7900085449219,270.1199951171875,266.74853515625,1004500
2022-03-29,272.19000244140625,274.1300048828125,269.8900146484375,272.9700012207031,269.5629577636719,1025400
2022-03-30,270.8999938964844,272.45001220703125,267.5799865722656,269.1400146484375,266.45916748046875,939800
2022-03-31,267.8900146484375,271.5799865722656,267.010009765625,267.3500061035156,264.68701171875,1566000
2022-04-01,268.2699890136719,270.75,266.7699890136719,269.04998779296875,266.3700866699219,1044600
2022-04-04,267.7200012207031,267.9800109863281,262.1600036621094,265.1199951171875,262.4792175292969,1264600
2022-04-05,264.20001220703125,269.9200134277344,264.05999755859375,268.5,265.8255615234375,2199700
2022-04-06,257.9800109863281,268.7300109863281,257.6400146484375,268.20001220703125,265.5285339355469,4085800
2022-04-07,267.1199951171875,271.4700012207031,265.45001220703125,270.1700134277344,267.4789123535156,1372600
2022-04-08,269.8500061035156,271.4100036621094,266.739990234375,269.4700012207031,266.785888671875,1097200
2022-04-11,267.510009765625,268.42999267578125,262.92999267578125,263.3399963378906,260.7169494628906,1046500
2022-04-12,263.5799865722656,265.3599853515625,260.510009765625,262.4200134277344,259.8061218261719,945900
2022-04-13,259.5,264.1099853515625,259.5,263.6400146484375,261.01397705078125,864900
2022-04-14,265.5299987792969,265.5400085449219,261.1700134277344,261.70001220703125,259.0932922363281,913000
2022-04-18,260.4200134277344,262.6300048828125,257.7099914550781,258.9599914550781,256.38055419921875,590800
2022-04-19,260.3800048828125,273.8299865722656,260.3800048828125,271.6700134277344,268.9639892578125,2345400
2022-04-20,271.5899963378906,279.2799987792969,271.5899963378906,276.3699951171875,273.6171569824219,1459500
2022-04-21,277.2799987792969,278.5,269.8999938964844,270.0299987792969,267.34033203125,1354300
2022-04-22,263.0400085449219,265.0799865722656,246.44000244140625,248.30999755859375,245.836669921875,3099300
2022-04-25,247.60000610351562,254.5500030517578,246.7899932861328,253.8300018310547,251.30166625976562,1800400
2022-04-26,252.5,253.50999450683594,248.89999389648438,248.89999389648438,246.42076110839844,1354100
2022-04-27,248.49000549316406,251.97999572753906,246.2100067138672,249.14999389648438,246.6682891845703,1751200
2022-04-28,251.4499969482422,253.6199951171875,247.1999969482422,252.10000610351562,249.5889129638672,1628100
2022-04-29,248.83999633789062,249.02999877929688,240.8000030517578,241.25999450683594,238.8568878173828,3090500
2022-05-02,241.6999969482422,243.72999572753906,230.16000366210938,236.97000122070312,234.60960388183594,1911600
2022-05-03,236.97000122070312,240.08999633789062,236.50999450683594,237.8699951171875,235.50064086914062,1148100
2022-05-04,238.47000122070312,247.75,236.11000061035156,245.97000122070312,243.5199737548828,1654400
2022-05-05,244.02000427246094,246.8000030517578,237.91000366210938,241.36000061035156,238.9558868408203,1879900
2022-05-06,239.9600067138672,241.1999969482422,235.17999267578125,240.0800018310547,237.6886444091797,1506300
2022-05-09,235.5,236.5,227.83999633789062,229.00999450683594,226.72889709472656,2011000
2022-05-10,231.5,233.3699951171875,224.02000427246094,227.50999450683594,225.24383544921875,1858000
2022-05-11,227.17999267578125,233.07000732421875,226.0399932861328,226.72000122070312,224.46173095703125,1429600
2022-05-12,224.0399932861328,228.5,224.0399932861328,228.0,225.7289581298828,1375500
2022-05-13,231.7100067138672,235.8800048828125,230.52999877929688,233.27000427246094,230.94647216796875,1261300
2022-05-16,231.97000122070312,235.3000030517578,231.47000122070312,233.85000610351562,231.52069091796875,985500
2022-05-17,237.55999755859375,239.50999450683594,235.66000366210938,239.1300048828125,236.74810791015625,1058400
2022-05-18,236.1300048828125,237.3699951171875,231.1999969482422,232.2100067138672,229.8970489501953,1101300
2022-05-19,228.63999938964844,232.25999450683594,227.22000122070312,230.5,228.2040557861328,1920100
2022-05-20,233.0399932861328,234.07000732421875,226.67999267578125,232.25,229.93663024902344,1086600
2022-05-23,235.0,235.55999755859375,230.58999633789062,233.0500030517578,230.72866821289062,925000
2022-05-24,232.3699951171875,234.25,229.6699981689453,233.27999877929688,230.95635986328125,771800
2022-05-25,232.35000610351562,236.5800018310547,231.02000427246094,235.00999450683594,232.66912841796875,1115400
2022-05-26,235.94000244140625,237.3300018310547,232.8300018310547,234.94000244140625,232.59983825683594,907900
2022-05-27,237.05999755859375,238.57000732421875,236.1699981689453,236.5,234.144287109375,1021300
2022-05-31,234.4499969482422,235.27999877929688,231.52000427246094,234.5,232.16421508789062,2090100
2022-06-01,235.44000244140625,236.00999450683594,225.58999633789062,228.0,225.7289581298828,1156600
2022-06-02,229.3800048828125,234.5500030517578,224.1999969482422,234.38999938964844,232.0552978515625,1011500
2022-06-03,232.41000366210938,232.41000366210938,228.7100067138672,229.02000427246094,226.7388153076172,747300
2022-06-06,231.0500030517578,231.4499969482422,227.25,228.14999389648438,225.87745666503906,794700
2022-06-07,226.0,231.02999877929688,225.6300048828125,230.6999969482422,228.40206909179688,739900
2022-06-08,229.55999755859375,229.97000122070312,226.3000030517578,226.6699981689453,224.41221618652344,660400
2022-06-09,225.1999969482422,225.64999389648438,218.72000122070312,218.97000122070312,216.78890991210938,983800
2022-06-10,215.17999267578125,219.0399932861328,214.1699981689453,216.39999389648438,214.24449157714844,1346700
2022-06-13,210.38999938964844,212.17999267578125,205.97000122070312,207.10000610351562,205.03713989257812,1762500
2022-06-14,205.88999938964844,206.60000610351562,198.2899932861328,200.5800018310547,198.58209228515625,1792800
2022-06-15,203.5800018310547,205.74000549316406,199.3800048828125,202.50999450683594,200.49285888671875,1651900
2022-06-16,196.63999938964844,197.63999938964844,193.66000366210938,195.6999969482422,193.75067138671875,1438500
2022-06-17,196.16000366210938,199.77000427246094,193.94000244140625,194.08999633789062,192.15672302246094,2265200
2022-06-21,197.4199981689453,198.25999450683594,194.36000061035156,195.6999969482422,193.75067138671875,1411400
2022-06-22,194.1999969482422,199.1999969482422,193.33999633789062,196.75,194.79022216796875,1300900
2022-06-23,197.41000366210938,201.33999633789062,197.08999633789062,200.05999755859375,198.0672607421875,1293000
2022-06-24,202.0399932861328,205.0500030517578,199.92999267578125,204.42999267578125,202.3937225341797,1546200
2022-06-27,204.58999633789062,205.5399932861328,201.74000549316406,203.1300048828125,201.106689453125,1126100
2022-06-28,204.32000732421875,205.33999633789062,197.64999389648438,197.8000030517578,195.8297576904297,1313400
2022-06-29,198.7100067138672,200.4499969482422,196.5800018310547,199.42999267578125,198.1397247314453,904600
2022-06-30,197.25999450683594,199.25999450683594,194.10000610351562,198.92999267578125,197.6429443359375,2424900
2022-07-01,198.97999572753906,204.16000366210938,197.24000549316406,203.86000061035156,202.5410614013672,1976600
2022-07-05,201.02000427246094,202.5500030517578,197.07000732421875,202.02000427246094,200.71298217773438,1090300
2022-07-06,202.47999572753906,203.57000732421875,199.27000427246094,200.75999450683594,199.4611053466797,1278800
2022-07-07,200.50999450683594,202.0,198.5800018310547,201.6999969482422,200.39503479003906,2043100
2022-07-08,201.22999572753906,203.25999450683594,199.7100067138672,200.8800048828125,199.58035278320312,854600
2022-07-11,196.86000061035156,199.5,196.27000427246094,197.42999267578125,196.15264892578125,1120600
2022-07-12,196.64999389648438,199.30999755859375,194.99000549316406,195.72000122070312,194.4537353515625,1061900
2022-07-13,192.66000366210938,195.6999969482422,191.3300018310547,194.17999267578125,192.92369079589844,1056700
2022-07-14,191.69000244140625,193.0399932861328,190.5399932861328,192.3800048828125,191.13534545898438,1314300
2022-07-15,196.02999877929688,196.32000732421875,193.32000732421875,194.75999450683594,193.49993896484375,1904000
2022-07-18,194.82000732421875,194.82000732421875,188.83999633789062,189.27000427246094,188.04547119140625,2065900
2022-07-19,192.49000549316406,197.47000122070312,191.8800048828125,197.3000030517578,196.0235137939453,2960600
2022-07-20,197.0399932861328,199.77999877929688,195.24000549316406,198.0500030517578,196.76866149902344,1613700
2022-07-21,197.6199951171875,200.5399932861328,196.3699951171875,200.24000549316406,198.9445037841797,1420900
2022-07-22,198.66000366210938,201.1199951171875,197.02999877929688,199.4199981689453,198.12979125976562,1800400
2022-07-25,199.5500030517578,201.9199981689453,198.57000732421875,201.50999450683594,200.2062530517578,1388000
2022-07-26,202.52999877929688,205.0800018310547,200.99000549316406,204.41000366210938,203.0875244140625,2307700
2022-07-27,219.64999389648438,221.00999450683594,206.00999450683594,211.8000030517578,210.42970275878906,3773500
2022-07-28,211.8000030517578,220.80999755859375,210.7100067138672,219.02999877929688,217.6129150390625,3674500
2022-07-29,217.74000549316406,218.0,214.39999389648438,214.75,213.36061096191406,1981800
2022-08-01,212.47999572753906,215.08999633789062,211.08999633789062,213.49000549316406,212.1087646484375,1564000
2022-08-02,213.41000366210938,216.3800048828125,212.30999755859375,213.25,211.8703155517578,852600
2022-08-03,214.74000549316406,217.5500030517578,212.9199981689453,215.89999389648438,214.50315856933594,1032600
2022-08-04,216.2899932861328,216.52999877929688,213.9199981689453,214.22999572753906,212.84397888183594,979900
2022-08-05,212.49000549316406,215.99000549316406,212.0500030517578,215.7899932861328,214.3938751220703,1152400
2022-08-08,217.6199951171875,218.3300018310547,215.5399932861328,217.32000732421875,215.91400146484375,1319300
2022-08-09,217.0800018310547,218.27999877929688,214.1199951171875,214.9499969482422,213.55931091308594,1329400
2022-08-10,218.86000061035156,219.27000427246094,216.3000030517578,219.1999969482422,217.7818145751953,1359700
2022-08-11,221.1199951171875,223.5800018310547,217.7100067138672,218.00999450683594,216.59951782226562,1696900
2022-08-12,218.6999969482422,223.3300018310547,218.5,223.1199951171875,221.67645263671875,1084400
2022-08-15,221.97999572753906,225.4499969482422,221.52999877929688,224.57000732421875,223.11708068847656,1468100
2022-08-16,223.0,226.25,221.99000549316406,224.16000366210938,222.70973205566406,1178600
2022-08-17,221.72000122070312,223.08999633789062,219.6300048828125,221.42999267578125,219.99737548828125,1018800
2022-08-18,222.41000366210938,223.16000366210938,219.61000061035156,220.83999633789062,219.4112091064453,960800
2022-08-19,220.80999755859375,220.9199981689453,217.35000610351562,218.13999938964844,216.72866821289062,915500
2022-08-22,215.14999389648438,215.99000549316406,211.52999877929688,212.35000610351562,210.9761505126953,784300
2022-08-23,211.41000366210938,211.9199981689453,208.36000061035156,209.13999938964844,207.7869110107422,907700
2022-08-24,208.9499969482422,212.91000366210938,208.55999755859375,212.5,211.1251678466797,1530500
2022-08-25,214.16000366210938,216.91000366210938,213.1199951171875,216.69000244140625,215.28805541992188,725900
2022-08-26,216.6999969482422,216.6999969482422,206.82000732421875,207.0,205.66075134277344,968300
2022-08-29,205.0,208.72000122070312,204.67999267578125,206.8000030517578,205.46205139160156,630300
2022-08-30,207.25,207.6999969482422,204.41000366210938,205.27000427246094,203.9419403076172,733200
2022-08-31,207.66000366210938,209.75,204.82000732421875,205.1999969482422,203.8723907470703,1416300
2022-09-01,204.9199981689453,206.8000030517578,202.0399932861328,206.67999267578125,205.34280395507812,874400
2022-09-02,209.0,209.0,201.91000366210938,203.75999450683594,202.44171142578125,862900
2022-09-06,204.9499969482422,205.47000122070312,201.83999633789062,202.72999572753906,201.41836547851562,1273400
2022-09-07,202.8699951171875,211.61000061035156,202.8699951171875,211.2100067138672,209.84352111816406,1087400
2022-09-08,209.17999267578125,220.4499969482422,209.17999267578125,220.27999877929688,218.85484313964844,2596400
2022-09-09,221.0,230.00999450683594,220.50999450683594,230.0,228.51194763183594,3123800
2022-09-12,230.36000061035156,232.57000732421875,229.89999389648438,231.8300018310547,230.33010864257812,2594900
2022-09-13,226.0500030517578,228.92999267578125,224.3300018310547,225.85000610351562,224.3887939453125,1502800
2022-09-14,223.75,228.02999877929688,223.75,226.19000244140625,224.7266082763672,1394800
2022-09-15,226.19000244140625,230.6300048828125,225.88999938964844,226.72000122070312,225.253173828125,1661900
2022-09-16,224.2899932861328,225.0,219.2899932861328,221.25,219.8185577392578,2324000
2022-09-19,219.27000427246094,221.32000732421875,216.3800048828125,220.8800048828125,219.45095825195312,1090300
2022-09-20,218.72999572753906,219.9199981689453,214.7100067138672,217.9600067138672,216.5498504638672,1003200
2022-09-21,219.63999938964844,221.32000732421875,212.3800048828125,212.47000122070312,211.09536743164062,1000300
2022-09-22,212.0500030517578,212.0800018310547,208.22999572753906,208.8800048828125,207.52859497070312,1201100
2022-09-23,207.4199981689453,208.08999633789062,202.60000610351562,206.92999267578125,205.59120178222656,1331900
2022-09-26,206.1699981689453,206.92999267578125,200.94000244140625,203.25999450683594,201.9449462890625,1103200
2022-09-27,205.99000549316406,207.1699981689453,200.8000030517578,202.67999267578125,201.3686981201172,1444300
2022-09-28,204.52000427246094,207.11000061035156,202.11000061035156,205.82000732421875,204.4884033203125,1349000
2022-09-29,204.5800018310547,206.6699981689453,201.38999938964844,205.47999572753906,204.84226989746094,1107900
2022-09-30,206.4600067138672,210.27999877929688,202.27999877929688,202.5399932861328,201.91139221191406,1486000
2022-10-03,205.3800048828125,211.19000244140625,203.92999267578125,209.83999633789062,209.18875122070312,962800
2022-10-04,212.0,215.94000244140625,212.0,215.8000030517578,215.1302490234375,1091900
2022-10-05,213.39999389648438,217.9499969482422,212.5,216.1199951171875,215.44924926757812,764100
2022-10-06,215.74000549316406,216.38999938964844,211.1300048828125,211.4199981689453,210.7638397216797,1052500
2022-10-07,209.3000030517578,210.1199951171875,206.83999633789062,208.52000427246094,207.8728485107422,1222100
2022-10-10,210.83999633789062,211.3300018310547,205.86000061035156,208.0,207.35446166992188,1030300
2022-10-11,207.8699951171875,214.22999572753906,206.58999633789062,211.4600067138672,210.80372619628906,1717900
2022-10-12,212.16000366210938,214.85000610351562,208.5800018310547,208.64999389648438,208.00244140625,1958100
2022-10-13,204.77999877929688,216.4600067138672,203.22999572753906,214.10000610351562,213.43553161621094,1197700
2022-10-14,216.3699951171875,216.9199981689453,208.25,209.1300048828125,208.48095703125,1607300
2022-10-17,212.33999633789062,216.97000122070312,212.22999572753906,215.6300048828125,214.96078491210938,1767600
2022-10-18,222.6199951171875,224.60000610351562,214.5500030517578,214.9199981689453,214.2529754638672,1771600
2022-10-19,214.44000244140625,217.5500030517578,213.35000610351562,216.69000244140625,216.01748657226562,1610100
2022-10-20,216.60000610351562,219.25999450683594,212.6199951171875,214.44000244140625,213.77447509765625,1332100
2022-10-21,213.6999969482422,218.60000610351562,210.30999755859375,218.30999755859375,217.63246154785156,1562800
2022-10-24,220.75999450683594,222.6300048828125,219.02000427246094,220.5,219.815673828125,1078900
2022-10-25,219.5800018310547,225.38999938964844,219.5800018310547,224.6199951171875,223.92288208007812,1352300
2022-10-26,225.8000030517578,231.27999877929688,224.5500030517578,228.58999633789062,227.88055419921875,1555200
2022-10-27,229.1999969482422,230.44000244140625,226.7899932861328,228.27999877929688,227.57151794433594,1764300
2022-10-28,228.35000610351562,231.24000549316406,228.2100067138672,229.22999572753906,228.51856994628906,1509100
2022-10-31,227.8300018310547,229.8000030517578,226.2899932861328,229.24000549316406,228.52854919433594,2690900
2022-11-01,214.5500030517578,221.82000732421875,212.0,220.08999633789062,219.4069366455078,4290000
2022-11-02,219.67999267578125,220.36000061035156,211.77999877929688,211.97000122070312,211.3121337890625,2410200
2022-11-03,209.17999267578125,209.91000366210938,205.42999267578125,205.50999450683594,204.87217712402344,1553500
2022-11-04,206.5,211.25999450683594,205.94000244140625,210.97999572753906,210.32521057128906,2001500
2022-11-07,213.17999267578125,213.52000427246094,209.5399932861328,213.52000427246094,212.85733032226562,1715300
2022-11-08,212.97999572753906,213.39999389648438,207.36000061035156,209.83999633789062,209.18875122070312,1414100
2022-11-09,209.9499969482422,210.49000549316406,206.66000366210938,207.16000366210938,206.51707458496094,1147600
2022-11-10,215.0,220.67999267578125,213.97000122070312,218.9600067138672,218.28045654296875,2117700
2022-11-11,220.64999389648438,224.63999938964844,217.9600067138672,224.2899932861328,223.59390258789062,2213100
2022-11-14,223.2100067138672,224.75,218.97999572753906,218.99000549316406,218.31036376953125,1356300
2022-11-15,221.19000244140625,224.0,218.55999755859375,221.97000122070312,221.28111267089844,1596800
2022-11-16,222.32000732421875,223.8000030517578,220.55999755859375,221.25999450683594,220.57330322265625,944700
2022-11-17,218.30999755859375,220.02000427246094,216.5500030517578,218.97999572753906,218.30038452148438,1557500
2022-11-18,221.55999755859375,223.94000244140625,220.74000549316406,223.61000061035156,222.916015625,1447100
2022-11-21,223.02000427246094,226.99000549316406,222.66000366210938,224.64999389648438,223.95277404785156,1263500
2022-11-22,224.8300018310547,226.89999389648438,223.91000366210938,226.52000427246094,225.81698608398438,982300
2022-11-23,227.4600067138672,230.77999877929688,227.00999450683594,230.2899932861328,229.5752716064453,1095600
2022-11-25,231.60000610351562,233.2899932861328,230.52000427246094,232.74000549316406,232.01768493652344,413000
2022-11-28,230.64999389648438,233.5,226.58999633789062,227.27000427246094,226.56466674804688,994700
2022-11-29,226.91000366210938,228.91000366210938,226.1699981689453,227.1999969482422,226.494873046875,881800
2022-11-30,228.1300048828125,233.92999267578125,226.9199981689453,233.88999938964844,233.1641082763672,1819000
2022-12-01,235.66000366210938,242.47999572753906,235.66000366210938,240.77000427246094,240.02276611328125,1978900
2022-12-02,237.80999755859375,244.05999755859375,237.80999755859375,243.11000061035156,242.35549926757812,1192100
2022-12-05,240.50999450683594,241.47000122070312,237.63999938964844,237.89999389648438,237.16165161132812,1028200
2022-12-06,237.02999877929688,237.8699951171875,233.9600067138672,235.5399932861328,234.80897521972656,968200
2022-12-07,237.1300048828125,242.1300048828125,237.1300048828125,242.0800018310547,241.3286895751953,1170800
2022-12-08,242.64999389648438,249.32000732421875,241.88999938964844,247.83999633789062,247.07081604003906,1993800
2022-12-09,246.19000244140625,249.1999969482422,244.55999755859375,244.6300048828125,243.87078857421875,1251900
2022-12-12,244.0,249.5,243.41000366210938,249.1699981689453,248.3966827392578,1079700
2022-12-13,257.7200012207031,258.67999267578125,251.89999389648438,253.9499969482422,253.16184997558594,1716700
2022-12-14,253.4199981689453,258.57000732421875,251.44000244140625,253.82000732421875,253.03225708007812,1207300
2022-12-15,249.8000030517578,250.67999267578125,244.88999938964844,245.0,244.2396240234375,1421100
2022-12-16,242.1699981689453,243.75,235.80999755859375,239.83999633789062,239.09564208984375,3604000
2022-12-19,239.27000427246094,239.8800048828125,236.27000427246094,239.02999877929688,238.2881622314453,1377100
2022-12-20,238.88999938964844,239.72000122070312,236.60000610351562,238.60000610351562,237.8594970703125,1345400
2022-12-21,240.0,242.77999877929688,238.67999267578125,241.5399932861328,240.7903594970703,1113600
2022-12-22,240.0500030517578,241.89999389648438,237.47000122070312,241.77000427246094,241.0196533203125,992800
2022-12-23,240.7899932861328,243.07000732421875,239.6199951171875,242.83999633789062,242.08633422851562,584100
2022-12-27,243.24000549316406,244.97000122070312,241.25999450683594,244.02999877929688,243.27264404296875,667600
2022-12-28,244.38999938964844,247.00999450683594,241.47000122070312,241.66000366210938,240.91000366210938,795800
2022-12-29,242.80999755859375,247.16000366210938,241.66000366210938,245.5,245.5,638800
2022-12-30,243.94000244140625,245.1300048828125,241.67999267578125,244.49000549316406,244.49000549316406,690300
2023-01-03,247.27000427246094,249.5,243.7899932861328,246.02999877929688,246.02999877929688,1083200
2023-01-04,248.99000549316406,253.3800048828125,246.8000030517578,252.49000549316406,252.49000549316406,1368300
2023-01-05,250.82000732421875,252.2100067138672,248.1999969482422,249.82000732421875,249.82000732421875,1408500
2023-01-06,251.80999755859375,256.6400146484375,248.2899932861328,256.25,256.25,1402100
2023-01-09,258.6199951171875,264.17999267578125,257.42999267578125,261.0,261.0,2396600
2023-01-10,261.0,264.9800109863281,260.760009765625,263.80999755859375,263.80999755859375,2092600
2023-01-11,263.0,263.739990234375,255.6199951171875,258.80999755859375,258.80999755859375,1590500
2023-01-12,258.19000244140625,258.2200012207031,255.00999450683594,256.3500061035156,256.3500061035156,938700
2023-01-13,256.1099853515625,260.1499938964844,254.19000244140625,259.82000732421875,259.82000732421875,752100
