Date,Open,High,Low,Close,Adj Close,Volume
2022-01-18,20.551359176635742,20.74773406982422,20.32477378845215,20.626888275146484,19.435617446899414,80247772
2022-01-19,20.732627868652344,20.755287170410156,20.226585388183594,20.604230880737305,19.414268493652344,67442309
2022-01-20,20.490936279296875,20.702417373657227,20.362537384033203,20.407854080200195,19.22923469543457,55659239
2022-01-21,20.271902084350586,20.392749786376953,19.977340698242188,20.098186492919922,18.937448501586914,79715392
2022-01-24,19.780967712402344,20.075529098510742,19.478851318359375,19.89426040649414,18.74530029296875,102910548
2022-01-25,19.75830841064453,20.098186492919922,19.41087532043457,20.0,18.844932556152344,115467364
2022-01-26,20.377643585205078,20.377643585205078,18.172204971313477,18.315710067749023,17.257919311523438,188252808
2022-01-27,18.172204971313477,18.527189254760742,17.7945613861084,18.2175235748291,17.165401458740234,116707158
2022-01-28,18.179758071899414,19.063444137573242,18.081571578979492,19.04078483581543,17.941116333007812,102063320
2022-01-31,18.859516143798828,19.290029525756836,18.595165252685547,19.25981903076172,18.14750099182129,129691758
2022-02-01,18.27039337158203,18.580059051513672,18.2175235748291,18.444108963012695,17.378902435302734,172591344
2022-02-02,18.285497665405273,18.655588150024414,18.179758071899414,18.53474235534668,17.46430015563965,93834925
2022-02-03,18.504531860351562,18.814199447631836,18.45921516418457,18.549848556518555,17.478532791137695,63825671
2022-02-04,18.5120849609375,18.53474235534668,18.11178207397461,18.18731117248535,17.13693618774414,69719192
2022-02-07,18.157100677490234,18.18731117248535,17.854984283447266,18.074018478393555,17.030183792114258,73169536
2022-02-08,18.0362548828125,18.2175235748291,17.990936279296875,18.081571578979492,17.03730010986328,42150732
2022-02-09,18.134441375732422,18.542295455932617,18.11178207397461,18.504531860351562,17.435832977294922,53029907
2022-02-10,18.474319458007812,18.61782455444336,18.285497665405273,18.315710067749023,17.257919311523438,58431827
2022-02-11,18.3308162689209,18.474319458007812,18.134441375732422,18.22507667541504,17.172517776489258,60084576
2022-02-14,18.157100677490234,18.3308162689209,18.00604248046875,18.164653778076172,17.11558723449707,57458290
2022-02-15,18.255287170410156,18.474319458007812,18.209970474243164,18.383686065673828,17.32196617126465,43586610
2022-02-16,18.255287170410156,18.383686065673828,17.960725784301758,18.081571578979492,17.03730010986328,60662502
2022-02-17,17.998489379882812,18.08912467956543,17.82477378845215,17.945619583129883,16.90920066833496,61712434
2022-02-18,17.907854080200195,18.096677780151367,17.78700828552246,18.028701782226562,16.987483978271484,62595410
2022-02-22,17.95317268371582,18.202417373657227,17.802114486694336,17.938066482543945,16.902084350585938,62168288
2022-02-23,17.975830078125,18.074018478393555,17.6812686920166,17.756797790527344,16.731285095214844,50233222
2022-02-24,17.34139060974121,17.590633392333984,17.107250213623047,17.545316696166992,16.53201675415039,92965719
2022-02-25,17.71147918701172,18.209970474243164,17.70392608642578,18.05891227722168,17.015949249267578,59026965
2022-02-28,17.81722068786621,17.938066482543945,17.6812686920166,17.892749786376953,16.859384536743164,62788449
2022-03-01,17.832326889038086,17.945619583129883,17.5,17.771902084350586,16.745515823364258,57663378
2022-03-02,17.7945613861084,18.164653778076172,17.771902084350586,17.990936279296875,16.951900482177734,45624775
2022-03-03,18.08912467956543,18.202417373657227,17.885196685791016,18.05891227722168,17.015949249267578,49218641
2022-03-04,17.90030288696289,18.043806076049805,17.70392608642578,18.028701782226562,16.987483978271484,48190952
2022-03-07,17.877643585205078,18.028701782226562,17.73413848876953,17.802114486694336,16.773983001708984,50113532
2022-03-08,17.756797790527344,17.847431182861328,17.371601104736328,17.371601104736328,16.36833381652832,67277074
2022-03-09,17.590633392333984,17.76435089111328,17.522659301757812,17.567975997924805,16.553367614746094,58010928
2022-03-10,17.537763595581055,17.537763595581055,17.326284408569336,17.515106201171875,16.503551483154297,53623059
2022-03-11,17.82477378845215,17.90030288696289,17.484893798828125,17.515106201171875,16.503551483154297,72142244
2022-03-14,17.537763595581055,17.55286979675293,17.228097915649414,17.28852081298828,16.290050506591797,65683375
2022-03-15,17.356494903564453,17.522659301757812,17.303625106811523,17.439577102661133,16.432384490966797,47089252
2022-03-16,17.484893798828125,17.590633392333984,17.34894371032715,17.515106201171875,16.503551483154297,49791138
2022-03-17,17.462236404418945,17.575529098510742,17.326284408569336,17.515106201171875,16.503551483154297,41109008
2022-03-18,17.522659301757812,17.63595199584961,17.386707305908203,17.537763595581055,16.524898529052734,89500414
2022-03-21,17.537763595581055,17.756797790527344,17.439577102661133,17.492446899414062,16.482200622558594,50990418
2022-03-22,17.567975997924805,17.74169158935547,17.507553100585938,17.530210494995117,16.517784118652344,39631954
2022-03-23,17.530210494995117,17.71147918701172,17.5,17.530210494995117,16.517784118652344,38180320
2022-03-24,17.55286979675293,17.63595199584961,17.492446899414062,17.620845794677734,16.60318374633789,37218434
2022-03-25,17.673715591430664,18.00604248046875,17.620845794677734,18.00604248046875,16.96613311767578,42137094
2022-03-28,18.126888275146484,18.179758071899414,17.907854080200195,18.028701782226562,16.987483978271484,50968704
2022-03-29,18.081571578979492,18.172204971313477,18.013595581054688,18.119335174560547,17.07288360595703,43979838
2022-03-30,18.164653778076172,18.24018096923828,18.066465377807617,18.232627868652344,17.17963218688965,42385080
2022-03-31,18.126888275146484,18.232627868652344,17.83987808227539,17.847431182861328,16.816682815551758,69574611
2022-04-01,17.915407180786133,18.126888275146484,17.666162490844727,18.11178207397461,17.065767288208008,53381429
2022-04-04,18.013595581054688,18.27794647216797,17.802114486694336,18.262840270996094,17.20810317993164,47195569
2022-04-05,18.104230880737305,18.24018096923828,18.013595581054688,18.043806076049805,17.00171661376953,43936808
2022-04-06,17.960725784301758,18.232627868652344,17.82477378845215,18.149547576904297,17.101350784301758,49327209
2022-04-07,18.05891227722168,18.11178207397461,17.82477378845215,17.92296028137207,16.887849807739258,62815724
2022-04-08,17.877643585205078,18.308156967163086,17.779455184936523,18.232627868652344,17.17963218688965,73121078
2022-04-11,18.889999389648438,19.770000457763672,18.850000381469727,19.6299991607666,18.496301651000977,157485300
2022-04-12,19.75,20.1200008392334,19.510000228881836,19.559999465942383,18.430343627929688,104795900
2022-04-13,19.1200008392334,19.489999771118164,19.030000686645508,19.420000076293945,18.56224822998047,64100500
2022-04-14,19.31999969482422,19.59000015258789,19.209999084472656,19.540000915527344,18.67694854736328,52731100
2022-04-18,19.43000030517578,19.56999969482422,19.290000915527344,19.459999084472656,18.600481033325195,54812700
2022-04-19,19.489999771118164,19.639999389648438,19.389999389648438,19.489999771118164,18.62915802001953,57496000
2022-04-20,19.520000457763672,19.59000015258789,19.299999237060547,19.43000030517578,18.571809768676758,48751400
2022-04-21,19.68000030517578,20.350000381469727,19.6299991607666,20.209999084472656,19.31735610961914,81259800
2022-04-22,20.049999237060547,20.049999237060547,19.5,19.520000457763672,18.657833099365234,68483600
2022-04-25,19.770000457763672,19.889999389648438,19.110000610351562,19.510000228881836,18.64827537536621,71861400
2022-04-26,19.450000762939453,19.649999618530273,19.299999237060547,19.299999237060547,18.447547912597656,50825900
2022-04-27,19.229999542236328,19.360000610351562,18.989999771118164,19.06999969482422,18.22770881652832,66767000
2022-04-28,19.25,19.59000015258789,19.100000381469727,19.420000076293945,18.56224822998047,67479400
2022-04-29,19.360000610351562,19.3700008392334,18.809999465942383,18.860000610351562,18.02698516845703,70195400
2022-05-02,19.0,19.389999389648438,18.860000610351562,19.1200008392334,18.275501251220703,67551600
2022-05-03,19.18000030517578,19.68000030517578,19.040000915527344,19.329999923706055,18.476224899291992,62675300
2022-05-04,19.280000686645508,19.979999542236328,19.209999084472656,19.950000762939453,19.0688419342041,60771800
2022-05-05,19.739999771118164,19.989999771118164,19.68000030517578,19.950000762939453,19.0688419342041,55503900
2022-05-06,19.799999237060547,20.110000610351562,19.65999984741211,20.030000686645508,19.145307540893555,51506800
2022-05-09,19.979999542236328,20.040000915527344,19.469999313354492,19.549999237060547,18.686508178710938,51563300
2022-05-10,19.65999984741211,19.850000381469727,19.239999771118164,19.360000610351562,18.504899978637695,42465900
2022-05-11,19.5,19.65999984741211,19.290000915527344,19.43000030517578,18.571809768676758,50074200
2022-05-12,19.399999618530273,19.739999771118164,19.389999389648438,19.719999313354492,18.8489990234375,52687000
2022-05-13,19.739999771118164,19.860000610351562,19.540000915527344,19.84000015258789,18.963699340820312,34107300
2022-05-16,19.93000030517578,20.3799991607666,19.68000030517578,20.280000686645508,19.38426399230957,40027000
2022-05-17,20.399999618530273,20.670000076293945,20.239999771118164,20.56999969482422,19.661455154418945,42938400
2022-05-18,20.510000228881836,20.6299991607666,20.1299991607666,20.229999542236328,19.33647346496582,43342800
2022-05-19,19.920000076293945,20.34000015258789,19.90999984741211,20.209999084472656,19.31735610961914,41588100
2022-05-20,20.209999084472656,20.420000076293945,20.09000015258789,20.399999618530273,19.498964309692383,47415800
2022-05-23,20.530000686645508,20.90999984741211,20.420000076293945,20.739999771118164,19.82394790649414,46775100
2022-05-24,20.799999237060547,21.229999542236328,20.600000381469727,21.15999984741211,20.22539520263672,49841200
2022-05-25,21.1200008392334,21.3700008392334,21.059999465942383,21.299999237060547,20.35921287536621,40179400
2022-05-26,21.3799991607666,21.530000686645508,21.270000457763672,21.31999969482422,20.378328323364258,28495500
2022-05-27,21.309999465942383,21.40999984741211,21.149999618530273,21.290000915527344,20.349655151367188,34169600
2022-05-31,21.190000534057617,21.43000030517578,20.969999313354492,21.290000915527344,20.349655151367188,61515300
2022-06-01,21.440000534057617,21.469999313354492,21.1200008392334,21.219999313354492,20.282745361328125,35928900
2022-06-02,21.260000228881836,21.260000228881836,20.940000534057617,21.190000534057617,20.254070281982422,27085200
2022-06-03,21.059999465942383,21.149999618530273,20.799999237060547,20.899999618530273,19.97688102722168,27796900
2022-06-06,20.920000076293945,21.049999237060547,20.829999923706055,20.940000534057617,20.01511573791504,22002900
2022-06-07,20.899999618530273,21.190000534057617,20.770000457763672,21.139999389648438,20.206279754638672,24977700
2022-06-08,21.09000015258789,21.200000762939453,20.989999771118164,21.049999237060547,20.120254516601562,20732900
2022-06-09,21.020000457763672,21.15999984741211,20.8700008392334,20.8799991607666,19.957763671875,24934500
2022-06-10,20.68000030517578,20.850000381469727,20.6299991607666,20.690000534057617,19.77615737915039,33572700
2022-06-13,20.399999618530273,20.489999771118164,19.68000030517578,19.760000228881836,18.887231826782227,56215900
2022-06-14,19.8799991607666,19.959999084472656,19.299999237060547,19.450000762939453,18.590925216674805,42638300
2022-06-15,19.600000381469727,19.709999084472656,19.18000030517578,19.440000534057617,18.58136749267578,38941900
2022-06-16,19.280000686645508,19.290000915527344,18.670000076293945,18.959999084472656,18.12256622314453,67896400
2022-06-17,19.139999389648438,19.420000076293945,19.0,19.3799991607666,18.524015426635742,97645400
2022-06-21,19.649999618530273,20.049999237060547,19.469999313354492,19.959999084472656,19.078397750854492,49307700
2022-06-22,19.850000381469727,20.549999237060547,19.81999969482422,20.31999969482422,19.42249870300293,46607400
2022-06-23,20.43000030517578,20.780000686645508,20.079999923706055,20.610000610351562,19.699687957763672,51713600
2022-06-24,20.700000762939453,21.059999465942383,20.510000228881836,20.989999771118164,20.062904357910156,47641700
2022-06-27,20.950000762939453,21.040000915527344,20.670000076293945,20.780000686645508,19.8621826171875,32339900
2022-06-28,20.93000030517578,21.059999465942383,20.600000381469727,20.610000610351562,19.699687957763672,26754000
2022-06-29,20.670000076293945,21.020000457763672,20.540000915527344,20.950000762939453,20.02467155456543,26585700
2022-06-30,20.790000915527344,21.149999618530273,20.75,20.959999084472656,20.034229278564453,37655700
2022-07-01,20.969999313354492,21.389999389648438,20.8700008392334,21.309999465942383,20.368770599365234,32762500
2022-07-05,21.1299991607666,21.190000534057617,20.780000686645508,21.170000076293945,20.234954833984375,36960500
2022-07-06,21.170000076293945,21.229999542236328,20.889999389648438,21.09000015258789,20.158489227294922,27645000
2022-07-07,21.170000076293945,21.31999969482422,21.030000686645508,21.149999618530273,20.215837478637695,27015400
2022-07-08,20.93000030517578,21.059999465942383,20.75,20.799999237060547,20.146100997924805,22366300
2022-07-11,20.709999084472656,20.860000610351562,20.6299991607666,20.65999984741211,20.0105037689209,23326400
2022-07-12,20.6299991607666,20.860000610351562,20.450000762939453,20.600000381469727,19.952390670776367,26448000
2022-07-13,20.450000762939453,20.600000381469727,20.229999542236328,20.450000762939453,19.807106018066406,25213100
2022-07-14,20.1299991607666,20.350000381469727,20.049999237060547,20.329999923706055,19.69087791442871,26621000
2022-07-15,20.540000915527344,20.59000015258789,20.209999084472656,20.56999969482422,19.92333221435547,23838000
2022-07-18,20.6299991607666,20.690000534057617,20.510000228881836,20.530000686645508,19.88459014892578,22507400
2022-07-19,20.600000381469727,20.860000610351562,20.530000686645508,20.799999237060547,20.146100997924805,21813100
2022-07-20,20.81999969482422,20.829999923706055,20.399999618530273,20.479999542236328,19.836162567138672,34207200
2022-07-21,19.040000915527344,19.1200008392334,18.239999771118164,18.920000076293945,18.325204849243164,123409000
2022-07-22,18.65999984741211,18.690000534057617,18.25,18.399999618530273,17.821552276611328,72016300
2022-07-25,18.3799991607666,18.649999618530273,18.329999923706055,18.530000686645508,17.947465896606445,39493100
2022-07-26,18.399999618530273,18.450000762939453,18.18000030517578,18.299999237060547,17.724695205688477,38885000
2022-07-27,18.350000381469727,18.489999771118164,18.229999542236328,18.389999389648438,17.811864852905273,36607400
2022-07-28,18.299999237060547,18.770000457763672,18.290000915527344,18.579999923706055,17.995893478393555,41940100
2022-07-29,18.510000228881836,18.850000381469727,18.479999542236328,18.780000686645508,18.189605712890625,40819800
2022-08-01,18.850000381469727,18.8700008392334,18.610000610351562,18.729999542236328,18.141176223754883,37087800
2022-08-02,18.719999313354492,18.739999771118164,18.31999969482422,18.360000610351562,17.78281021118164,43625200
2022-08-03,18.420000076293945,18.510000228881836,18.309999465942383,18.3700008392334,17.792495727539062,35524300
2022-08-04,18.309999465942383,18.3799991607666,18.219999313354492,18.270000457763672,17.69563865661621,28287800
2022-08-05,18.270000457763672,18.360000610351562,18.09000015258789,18.350000381469727,17.773122787475586,32726400
2022-08-08,18.360000610351562,18.40999984741211,18.0,18.0,17.434125900268555,44042500
2022-08-09,18.040000915527344,18.219999313354492,18.040000915527344,18.100000381469727,17.530982971191406,33257500
2022-08-10,18.219999313354492,18.25,17.989999771118164,18.010000228881836,17.44381332397461,50229500
2022-08-11,18.059999465942383,18.170000076293945,18.010000228881836,18.040000915527344,17.472869873046875,40798900
2022-08-12,18.100000381469727,18.270000457763672,18.09000015258789,18.270000457763672,17.69563865661621,25822300
2022-08-15,18.190000534057617,18.459999084472656,18.190000534057617,18.389999389648438,17.811864852905273,28845400
2022-08-16,18.3700008392334,18.700000762939453,18.3700008392334,18.56999969482422,17.9862060546875,34241000
2022-08-17,18.420000076293945,18.610000610351562,18.31999969482422,18.420000076293945,17.840923309326172,23772300
2022-08-18,18.260000228881836,18.530000686645508,18.18000030517578,18.43000030517578,17.850608825683594,33817400
2022-08-19,18.3799991607666,18.510000228881836,18.31999969482422,18.43000030517578,17.850608825683594,27161400
2022-08-22,18.309999465942383,18.329999923706055,18.06999969482422,18.1299991607666,17.560039520263672,32057100
2022-08-23,18.110000610351562,18.190000534057617,18.020000457763672,18.059999465942383,17.492238998413086,27298200
2022-08-24,18.06999969482422,18.06999969482422,17.860000610351562,18.010000228881836,17.44381332397461,30647700
2022-08-25,18.049999237060547,18.100000381469727,17.940000534057617,18.09000015258789,17.521297454833984,25198600
2022-08-26,18.020000457763672,18.09000015258789,17.850000381469727,17.889999389648438,17.32758331298828,30590700
2022-08-29,17.809999465942383,17.920000076293945,17.709999084472656,17.780000686645508,17.22104263305664,25465400
2022-08-30,17.809999465942383,17.899999618530273,17.75,17.81999969482422,17.259784698486328,32481900
2022-08-31,17.81999969482422,17.860000610351562,17.510000228881836,17.540000915527344,16.988588333129883,46669900
2022-09-01,17.489999771118164,17.670000076293945,17.40999984741211,17.5,16.949844360351562,30623200
2022-09-02,17.56999969482422,17.610000610351562,17.15999984741211,17.190000534057617,16.64959144592285,36489600
2022-09-06,17.200000762939453,17.229999542236328,16.780000686645508,16.790000915527344,16.262165069580078,57232600
2022-09-07,16.760000228881836,17.139999389648438,16.68000030517578,16.8700008392334,16.339651107788086,55566600
2022-09-08,16.860000610351562,16.93000030517578,16.700000762939453,16.770000457763672,16.242794036865234,49770900
2022-09-09,16.920000076293945,17.06999969482422,16.860000610351562,17.030000686645508,16.49462127685547,55081300
2022-09-12,17.06999969482422,17.399999618530273,17.030000686645508,17.3799991607666,16.833616256713867,43425000
2022-09-13,17.18000030517578,17.31999969482422,16.780000686645508,16.829999923706055,16.300907135009766,42274600
2022-09-14,16.889999389648438,16.920000076293945,16.700000762939453,16.770000457763672,16.242794036865234,41000300
2022-09-15,16.829999923706055,16.920000076293945,16.6299991607666,16.760000228881836,16.233108520507812,38637300
2022-09-16,16.670000076293945,16.809999465942383,16.549999237060547,16.739999771118164,16.21373748779297,69825900
2022-09-19,16.6299991607666,16.860000610351562,16.579999923706055,16.760000228881836,16.233108520507812,33805300
2022-09-20,16.649999618530273,16.649999618530273,16.459999084472656,16.559999465942383,16.039396286010742,36187500
2022-09-21,16.579999923706055,16.65999984741211,16.25,16.25,15.739141464233398,38815600
2022-09-22,16.260000228881836,16.3799991607666,16.139999389648438,16.239999771118164,15.729455947875977,37800400
2022-09-23,16.100000381469727,16.1299991607666,15.850000381469727,16.010000228881836,15.50668716430664,46225600
2022-09-26,15.90999984741211,15.979999542236328,15.579999923706055,15.670000076293945,15.177375793457031,46841200
2022-09-27,15.8100004196167,16.030000686645508,15.670000076293945,15.729999542236328,15.235488891601562,41183400
2022-09-28,15.779999732971191,15.920000076293945,15.710000038146973,15.829999923706055,15.332345962524414,42670800
2022-09-29,15.670000076293945,15.75,15.40999984741211,15.529999732971191,15.041776657104492,51308300
2022-09-30,15.529999732971191,15.680000305175781,15.34000015258789,15.34000015258789,14.857749938964844,63932700
2022-10-03,15.729999542236328,16.18000030517578,15.65999984741211,15.899999618530273,15.400144577026367,59540500
2022-10-04,15.989999771118164,16.149999618530273,15.890000343322754,16.09000015258789,15.584172248840332,46876200
2022-10-05,15.970000267028809,16.139999389648438,15.760000228881836,15.930000305175781,15.42920207977295,38250100
2022-10-06,15.640000343322754,15.8100004196167,15.3100004196167,15.319999694824219,15.101927757263184,52923900
2022-10-07,15.229999542236328,15.239999771118164,14.899999618530273,14.9399995803833,14.727336883544922,53446900
2022-10-10,15.0,15.130000114440918,14.760000228881836,14.899999618530273,14.687906265258789,43852600
2022-10-11,14.850000381469727,14.90999984741211,14.680000305175781,14.8100004196167,14.599187850952148,49661500
2022-10-12,14.760000228881836,14.9399995803833,14.619999885559082,14.630000114440918,14.42175006866455,46719600
2022-10-13,14.489999771118164,15.149999618530273,14.460000038146973,15.119999885559082,14.90477466583252,60354500
2022-10-14,15.1899995803833,15.270000457763672,14.970000267028809,14.989999771118164,14.77662467956543,47185600
2022-10-17,15.140000343322754,15.399999618530273,15.079999923706055,15.3100004196167,15.092070579528809,44240700
2022-10-18,15.5600004196167,15.699999809265137,15.449999809265137,15.600000381469727,15.377942085266113,49420200
2022-10-19,15.460000038146973,15.760000228881836,15.399999618530273,15.539999961853027,15.318796157836914,47349100
2022-10-20,16.209999084472656,17.15999984741211,16.1200008392334,16.739999771118164,16.5017147064209,117495700
2022-10-21,16.829999923706055,17.399999618530273,16.770000457763672,17.100000381469727,16.856590270996094,81050700
2022-10-24,17.43000030517578,17.850000381469727,17.389999389648438,17.510000228881836,17.260753631591797,69196500
2022-10-25,17.530000686645508,17.889999389648438,17.5,17.690000534057617,17.43819236755371,58235100
2022-10-26,17.850000381469727,18.239999771118164,17.760000228881836,18.139999389648438,17.881786346435547,65157700
2022-10-27,18.350000381469727,18.350000381469727,17.989999771118164,18.030000686645508,17.773353576660156,53975500
2022-10-28,18.280000686645508,18.59000015258789,18.229999542236328,18.479999542236328,18.21694564819336,55833900
2022-10-31,18.350000381469727,18.389999389648438,18.1299991607666,18.229999542236328,17.970504760742188,47573900
2022-11-01,18.56999969482422,18.579999923706055,18.239999771118164,18.350000381469727,18.08879852294922,48025700
2022-11-02,18.270000457763672,18.799999237060547,18.270000457763672,18.43000030517578,18.16765785217285,49201100
2022-11-03,18.170000076293945,18.329999923706055,18.06999969482422,18.170000076293945,17.911359786987305,41249400
2022-11-04,18.34000015258789,18.40999984741211,18.09000015258789,18.31999969482422,18.059223175048828,39458700
2022-11-07,18.34000015258789,18.399999618530273,18.149999618530273,18.360000610351562,18.098655700683594,39985200
2022-11-08,18.3799991607666,18.729999542236328,18.299999237060547,18.56999969482422,18.305665969848633,43210400
2022-11-09,18.479999542236328,18.719999313354492,18.3799991607666,18.3799991607666,18.118370056152344,41838400
2022-11-10,18.829999923706055,18.969999313354492,18.579999923706055,18.84000015258789,18.571823120117188,46482700
2022-11-11,18.81999969482422,19.1299991607666,18.780000686645508,19.049999237060547,18.778831481933594,52519500
2022-11-14,19.079999923706055,19.360000610351562,19.040000915527344,19.059999465942383,18.7886905670166,37316500
2022-11-15,19.1200008392334,19.389999389648438,18.809999465942383,19.020000457763672,18.74925994873047,49339300
2022-11-16,19.0,19.049999237060547,18.780000686645508,18.93000030517578,18.660541534423828,32155400
2022-11-17,18.709999084472656,18.989999771118164,18.520000457763672,18.950000762939453,18.68025779724121,36007800
2022-11-18,19.040000915527344,19.1200008392334,18.920000076293945,18.969999313354492,18.699970245361328,34211300
2022-11-21,18.979999542236328,19.079999923706055,18.760000228881836,18.84000015258789,18.571823120117188,31911400
2022-11-22,18.899999618530273,19.040000915527344,18.889999389648438,19.0,18.72954559326172,33771000
2022-11-23,18.93000030517578,19.110000610351562,18.889999389648438,19.09000015258789,18.81826400756836,21486000
2022-11-25,19.170000076293945,19.290000915527344,19.06999969482422,19.1200008392334,18.847837448120117,13782700
2022-11-28,19.100000381469727,19.149999618530273,18.770000457763672,18.81999969482422,18.552106857299805,27780200
2022-11-29,18.790000915527344,19.030000686645508,18.75,19.010000228881836,18.739402770996094,24088000
2022-11-30,18.940000534057617,19.280000686645508,18.799999237060547,19.280000686645508,19.00555992126465,59293400
2022-12-01,19.290000915527344,19.399999618530273,19.09000015258789,19.190000534057617,18.916841506958008,31615500
2022-12-02,19.049999237060547,19.059999465942383,18.860000610351562,19.020000457763672,18.74925994873047,33479600
2022-12-05,18.920000076293945,18.979999542236328,18.690000534057617,18.75,18.483102798461914,28698000
2022-12-06,18.889999389648438,19.18000030517578,18.809999465942383,19.170000076293945,18.897125244140625,45858100
2022-12-07,19.049999237060547,19.420000076293945,19.0,19.299999237060547,19.0252742767334,45381000
2022-12-08,19.43000030517578,19.520000457763672,19.020000457763672,19.1200008392334,18.847837448120117,45761100
2022-12-09,19.06999969482422,19.350000381469727,19.030000686645508,19.09000015258789,18.81826400756836,29815600
2022-12-12,19.139999389648438,19.309999465942383,19.06999969482422,19.299999237060547,19.0252742767334,31333500
2022-12-13,19.40999984741211,19.5,19.06999969482422,19.1200008392334,18.847837448120117,54142100
2022-12-14,19.049999237060547,19.100000381469727,18.760000228881836,18.899999618530273,18.63096809387207,44027700
2022-12-15,18.639999389648438,18.809999465942383,18.360000610351562,18.469999313354492,18.207088470458984,47277400
2022-12-16,18.360000610351562,18.510000228881836,18.219999313354492,18.489999771118164,18.226804733276367,76412500
2022-12-19,18.270000457763672,18.31999969482422,17.639999389648438,17.860000610351562,17.605772018432617,62216900
2022-12-20,17.850000381469727,18.09000015258789,17.829999923706055,18.06999969482422,17.812782287597656,40922700
2022-12-21,18.18000030517578,18.270000457763672,18.06999969482422,18.149999618530273,17.891643524169922,42316200
2022-12-22,18.010000228881836,18.280000686645508,17.920000076293945,18.270000457763672,18.009937286376953,32615000
2022-12-23,18.170000076293945,18.31999969482422,18.100000381469727,18.309999465942383,18.049365997314453,25164100
2022-12-27,18.25,18.520000457763672,18.219999313354492,18.459999084472656,18.19723129272461,30382500
2022-12-28,18.450000762939453,18.549999237060547,18.190000534057617,18.219999313354492,17.960647583007812,26632300
2022-12-29,18.270000457763672,18.549999237060547,18.239999771118164,18.450000762939453,18.187374114990234,23765900
2022-12-30,18.420000076293945,18.479999542236328,18.219999313354492,18.40999984741211,18.1479434967041,26200800
2023-01-03,18.510000228881836,18.850000381469727,18.40999984741211,18.739999771118164,18.47324562072754,42149200
2023-01-04,18.8700008392334,19.3700008392334,18.809999465942383,19.139999389648438,18.867551803588867,43926800
2023-01-05,19.139999389648438,19.31999969482422,18.959999084472656,19.209999084472656,18.936553955078125,31081800
2023-01-06,19.350000381469727,19.790000915527344,19.34000015258789,19.530000686645508,19.25200080871582,35990300
2023-01-09,19.239999771118164,19.239999771118164,18.979999542236328,19.040000915527344,19.040000915527344,51981100
2023-01-10,19.350000381469727,19.479999542236328,19.200000762939453,19.469999313354492,19.469999313354492,32869500
2023-01-11,19.469999313354492,19.489999771118164,19.25,19.40999984741211,19.40999984741211,30010200
2023-01-12,19.479999542236328,19.56999969482422,19.3700008392334,19.40999984741211,19.40999984741211,31740400
2023-01-13,19.389999389648438,19.59000015258789,19.290000915527344,19.549999237060547,19.549999237060547,25476000
