Date,Open,High,Low,Close,Adj Close,Volume
2022-01-18,244.8000030517578,245.5399932861328,236.8000030517578,238.0399932861328,232.73707580566406,5752100
2022-01-19,240.0,241.6999969482422,237.02999877929688,239.49000549316406,234.15478515625,4910900
2022-01-20,237.22000122070312,245.66000366210938,237.0,242.07000732421875,236.6773223876953,4256100
2022-01-21,244.66000366210938,250.52999877929688,242.24000549316406,246.3300018310547,240.8424072265625,4932400
2022-01-24,242.9199981689453,245.9199981689453,239.1300048828125,245.10000610351562,239.63983154296875,5093200
2022-01-25,242.63999938964844,245.6699981689453,239.19000244140625,244.1199951171875,238.681640625,3325400
2022-01-26,246.58999633789062,250.14999389648438,242.36000061035156,244.8800048828125,239.42471313476562,3529100
2022-01-27,247.3300018310547,248.6699981689453,242.72000122070312,244.58999633789062,239.14117431640625,3045500
2022-01-28,245.0,246.0800018310547,239.60000610351562,245.92999267578125,240.45130920410156,2659900
2022-01-31,245.0,245.38999938964844,242.80999755859375,244.5500030517578,239.10206604003906,3522000
2022-02-01,244.80999755859375,248.3800048828125,243.82000732421875,246.7100067138672,241.2139434814453,2438500
2022-02-02,246.02999877929688,251.8000030517578,246.02999877929688,251.25999450683594,245.66258239746094,2640200
2022-02-03,250.3000030517578,251.69000244140625,243.5399932861328,244.35000610351562,238.90650939941406,3666700
2022-02-04,244.63999938964844,246.08999633789062,241.16000366210938,242.38999938964844,236.99017333984375,3603500
2022-02-07,244.16000366210938,244.97999572753906,240.14999389648438,241.14999389648438,235.77781677246094,3067400
2022-02-08,243.1999969482422,245.1699981689453,242.0500030517578,242.9499969482422,237.53770446777344,3027700
2022-02-09,245.1699981689453,246.6199951171875,243.72000122070312,246.49000549316406,240.9988555908203,3135200
2022-02-10,243.5500030517578,246.10000610351562,240.94000244140625,242.1199951171875,236.7261962890625,2034800
2022-02-11,241.33999633789062,244.49000549316406,237.7100067138672,238.80999755859375,233.48992919921875,2379100
2022-02-14,240.1300048828125,243.75,238.3800048828125,242.5500030517578,237.1466064453125,2429400
2022-02-15,245.0,249.97999572753906,244.47999572753906,249.32000732421875,243.76580810546875,3248500
2022-02-16,248.4499969482422,254.85000610351562,248.4499969482422,253.80999755859375,248.15576171875,3493100
2022-02-17,252.30999755859375,253.3000030517578,249.55999755859375,250.99000549316406,245.39859008789062,2697500
2022-02-18,251.4600067138672,254.47999572753906,250.3300018310547,251.19000244140625,245.59414672851562,3319300
2022-02-22,251.0,252.27999877929688,245.27000427246094,246.27000427246094,240.78375244140625,4360300
2022-02-23,248.0399932861328,251.58999633789062,244.30999755859375,244.82000732421875,239.3660430908203,3346900
2022-02-24,240.41000366210938,242.8000030517578,236.80999755859375,242.08999633789062,236.6968536376953,3944100
2022-02-25,242.25999450683594,248.35000610351562,241.55999755859375,246.41000366210938,242.10067749023438,2548100
2022-02-28,240.52999877929688,246.49000549316406,239.63999938964844,245.9499969482422,241.6487274169922,3358100
2022-03-01,244.86000061035156,246.5500030517578,240.97999572753906,242.42999267578125,238.19027709960938,3327000
2022-03-02,243.22000122070312,253.3800048828125,242.9499969482422,252.3699951171875,247.95645141601562,3528900
2022-03-03,253.92999267578125,263.5899963378906,253.3300018310547,255.4600067138672,250.99241638183594,7218000
2022-03-04,254.67999267578125,264.7900085449219,253.6300048828125,264.6300048828125,260.0020446777344,5924800
2022-03-07,264.0,270.1400146484375,261.2799987792969,261.4599914550781,256.887451171875,5794000
2022-03-08,261.5,263.25,253.10000610351562,253.47000122070312,249.03720092773438,6229800
2022-03-09,257.3500061035156,259.3500061035156,251.5399932861328,253.6699981689453,249.23370361328125,6204400
2022-03-10,252.0,259.9100036621094,249.55999755859375,259.6499938964844,255.109130859375,4501100
2022-03-11,259.010009765625,263.3999938964844,259.010009765625,261.5199890136719,256.9464111328125,3873800
2022-03-14,263.3599853515625,263.8699951171875,255.64999389648438,257.6600036621094,253.15394592285156,3839200
2022-03-15,261.54998779296875,262.2900085449219,256.79998779296875,260.1300048828125,255.5807342529297,2913800
2022-03-16,262.1000061035156,264.92999267578125,260.260009765625,264.1499938964844,259.5304260253906,3958600
2022-03-17,260.9200134277344,264.4200134277344,258.44000244140625,263.55999755859375,258.9507141113281,3761500
2022-03-18,264.0,264.1600036621094,259.6499938964844,261.32000732421875,256.74993896484375,6342900
2022-03-21,260.8500061035156,265.44000244140625,260.239990234375,264.510009765625,259.8841552734375,5158400
2022-03-22,266.0,267.20001220703125,263.7900085449219,265.8599853515625,261.21051025390625,3704700
2022-03-23,265.05999755859375,269.7699890136719,264.5199890136719,267.67999267578125,262.9986877441406,2877100
2022-03-24,269.0,272.7699890136719,268.2699890136719,270.2099914550781,265.48443603515625,3400200
2022-03-25,271.3699951171875,273.5799865722656,270.2900085449219,273.3800048828125,268.5990295410156,2814300
2022-03-28,272.7200012207031,275.3999938964844,271.6499938964844,275.3399963378906,270.5247497558594,2548400
2022-03-29,275.20001220703125,276.82000732421875,269.3800048828125,273.6099853515625,268.8249816894531,2759500
2022-03-30,274.1300048828125,276.8699951171875,273.8599853515625,276.69000244140625,271.85113525390625,2770400
2022-03-31,275.57000732421875,278.94000244140625,273.2099914550781,273.2099914550781,268.4319763183594,3793000
2022-04-01,274.20001220703125,274.44000244140625,257.0,259.9599914550781,255.41371154785156,6367000
2022-04-04,259.760009765625,260.69000244140625,253.33999633789062,257.739990234375,253.23251342773438,4633400
2022-04-05,256.3599853515625,259.4800109863281,251.67999267578125,252.11000061035156,247.7010040283203,5042600
2022-04-06,249.92999267578125,250.49000549316406,240.36000061035156,242.92999267578125,238.68153381347656,6794200
2022-04-07,243.61000061035156,245.99000549316406,240.02000427246094,244.86000061035156,240.57778930664062,4793100
2022-04-08,241.22000122070312,245.36000061035156,239.67999267578125,241.97999572753906,237.74813842773438,3530700
2022-04-11,240.91000366210938,244.2899932861328,239.57000732421875,243.11000061035156,238.85838317871094,2912100
2022-04-12,243.60000610351562,248.14999389648438,242.49000549316406,245.05999755859375,240.7742919921875,3097700
2022-04-13,244.75999450683594,246.30999755859375,242.66000366210938,244.6300048828125,240.351806640625,3062000
2022-04-14,246.39999389648438,247.89999389648438,244.52999877929688,246.2100067138672,241.9041748046875,3180200
2022-04-18,245.0,246.8300018310547,240.22000122070312,242.1199951171875,237.8856964111328,3173200
2022-04-19,244.77000427246094,246.08999633789062,243.6199951171875,245.6199951171875,241.32447814941406,2269000
2022-04-20,246.08999633789062,249.24000549316406,246.08999633789062,247.07000732421875,242.7491455078125,2937700
2022-04-21,245.47000122070312,250.52000427246094,242.5399932861328,244.39999389648438,240.1258087158203,4179600
2022-04-22,242.25999450683594,242.66000366210938,233.83999633789062,234.3000030517578,230.2024688720703,5105300
2022-04-25,233.8300018310547,236.9600067138672,230.05999755859375,236.4199981689453,232.28538513183594,4129900
2022-04-26,235.60000610351562,237.86000061035156,233.42999267578125,233.58999633789062,229.5048828125,2316200
2022-04-27,232.5399932861328,238.02999877929688,232.2899932861328,236.7899932861328,232.64891052246094,3489800
2022-04-28,236.7899932861328,239.8800048828125,236.42999267578125,239.25,235.06588745117188,4531800
2022-04-29,238.10000610351562,239.8800048828125,233.83999633789062,234.2899932861328,230.192626953125,4407100
2022-05-02,235.47999572753906,236.33999633789062,228.6199951171875,232.8699951171875,228.79747009277344,3665800
2022-05-03,232.99000549316406,233.4499969482422,229.61000061035156,232.10000610351562,228.0409393310547,2285000
2022-05-04,233.27000427246094,237.63999938964844,231.41000366210938,237.08999633789062,232.94366455078125,2598400
2022-05-05,235.44000244140625,236.33999633789062,229.55999755859375,231.47999572753906,227.43177795410156,3005500
2022-05-06,230.52999877929688,230.58999633789062,225.77000427246094,229.58999633789062,225.57481384277344,2774900
2022-05-09,227.0,227.75999450683594,224.4199981689453,225.25,221.31072998046875,3288900
2022-05-10,227.99000549316406,228.22999572753906,218.27999877929688,222.60000610351562,218.7070770263672,3845200
2022-05-11,222.86000061035156,228.1199951171875,222.4600067138672,223.8800048828125,219.96469116210938,2457500
2022-05-12,223.38999938964844,227.97999572753906,221.86000061035156,225.92999267578125,221.97882080078125,3230900
2022-05-13,226.8699951171875,232.35000610351562,226.7100067138672,230.75999450683594,226.72434997558594,3263800
2022-05-16,230.11000061035156,231.42999267578125,227.32000732421875,227.88999938964844,223.90457153320312,3091900
2022-05-17,231.47000122070312,233.08999633789062,229.2899932861328,232.19000244140625,228.12936401367188,2916400
2022-05-18,232.32000732421875,232.35000610351562,224.0800018310547,224.99000549316406,221.05528259277344,2620700
2022-05-19,219.42999267578125,220.3000030517578,212.72000122070312,216.5,212.71376037597656,5428100
2022-05-20,216.0,217.4499969482422,210.24000549316406,213.5800018310547,209.84483337402344,3796000
2022-05-23,215.49000549316406,217.10000610351562,214.3300018310547,216.88999938964844,213.09693908691406,3079300
2022-05-24,215.75,217.61000061035156,213.27000427246094,217.08999633789062,213.29344177246094,2159700
2022-05-25,217.67999267578125,219.5500030517578,215.64999389648438,217.4199981689453,213.61767578125,2006700
2022-05-26,218.22999572753906,222.5800018310547,218.22999572753906,221.2899932861328,217.41998291015625,2045300
2022-05-27,221.66000366210938,224.25,220.8300018310547,222.5,219.90065002441406,1537400
2022-05-31,221.72999572753906,221.77999877929688,219.27000427246094,219.77999877929688,217.21243286132812,4405400
2022-06-01,221.1699981689453,222.58999633789062,219.9199981689453,221.32000732421875,218.7344512939453,2796200
2022-06-02,222.9199981689453,225.88999938964844,220.61000061035156,225.38999938964844,222.75689697265625,2091900
2022-06-03,223.80999755859375,225.32000732421875,221.8800048828125,224.0,221.3831329345703,1964400
2022-06-06,225.33999633789062,226.35000610351562,224.11000061035156,225.1699981689453,222.5394744873047,2151300
2022-06-07,218.9199981689453,229.05999755859375,217.1999969482422,228.75,226.07763671875,3772300
2022-06-08,225.5800018310547,225.85000610351562,220.0,221.67999267578125,219.09024047851562,2409300
2022-06-09,220.57000732421875,222.3800048828125,216.67999267578125,216.7899932861328,214.2573699951172,2198300
2022-06-10,213.8300018310547,215.16000366210938,210.00999450683594,211.1199951171875,208.6536102294922,2752200
2022-06-13,207.5,209.6999969482422,204.2100067138672,208.07000732421875,205.63925170898438,3374500
2022-06-14,209.5399932861328,212.25999450683594,207.5800018310547,208.49000549316406,206.05433654785156,2631600
2022-06-15,211.14999389648438,213.00999450683594,207.0500030517578,209.83999633789062,207.3885498046875,2236000
2022-06-16,205.74000549316406,209.5800018310547,205.32000732421875,208.19000244140625,205.75784301757812,3124500
2022-06-17,208.14999389648438,209.24000549316406,205.69000244140625,206.4499969482422,204.0381622314453,6079700
2022-06-21,210.0500030517578,211.47999572753906,208.08999633789062,209.47000122070312,207.02288818359375,2956000
2022-06-22,207.0,211.22000122070312,206.50999450683594,208.99000549316406,206.5485076904297,2098400
2022-06-23,209.72000122070312,211.35000610351562,207.47999572753906,209.75,207.2996063232422,2504700
2022-06-24,210.05999755859375,217.85000610351562,210.05999755859375,215.77999877929688,213.25917053222656,5516500
2022-06-27,216.82000732421875,216.82000732421875,212.42999267578125,213.85000610351562,211.35171508789062,1827600
2022-06-28,216.1300048828125,218.85000610351562,213.14999389648438,213.36000061035156,210.86744689941406,2156400
2022-06-29,214.02999877929688,214.02999877929688,210.4600067138672,213.14999389648438,210.65989685058594,2179000
2022-06-30,210.0,213.4199981689453,209.02000427246094,213.27999877929688,210.7883758544922,2314100
2022-07-01,212.5,216.2100067138672,211.3000030517578,215.25999450683594,212.7452392578125,1765900
2022-07-05,213.19000244140625,213.2100067138672,207.6699981689453,210.1699981689453,207.71470642089844,2236000
2022-07-06,209.5,212.5800018310547,207.17999267578125,209.72000122070312,207.26995849609375,2655800
2022-07-07,210.02999877929688,213.22000122070312,208.77999877929688,212.6300048828125,210.14596557617188,2007200
2022-07-08,212.05999755859375,213.0800018310547,205.64999389648438,209.6999969482422,207.2501983642578,1850900
2022-07-11,208.80999755859375,211.1199951171875,208.24000549316406,209.8699951171875,207.41819763183594,1818500
2022-07-12,206.47999572753906,208.6699981689453,205.10000610351562,206.5,204.08758544921875,2653900
2022-07-13,204.99000549316406,208.61000061035156,204.2899932861328,206.7100067138672,204.29513549804688,1902500
2022-07-14,203.5,205.97000122070312,202.3800048828125,205.52000427246094,203.11903381347656,2306600
2022-07-15,209.14999389648438,210.85000610351562,207.86000061035156,209.1300048828125,206.68687438964844,3997500
2022-07-18,210.4199981689453,212.77999877929688,209.5500030517578,210.22000122070312,207.76412963867188,1990100
2022-07-19,212.11000061035156,217.27999877929688,211.61000061035156,216.89999389648438,214.36607360839844,2387700
2022-07-20,216.89999389648438,217.85000610351562,214.08999633789062,214.4499969482422,211.9447021484375,3152100
2022-07-21,212.5,214.36000061035156,209.80999755859375,211.89999389648438,209.4244842529297,4130900
2022-07-22,212.2100067138672,214.25999450683594,210.8000030517578,213.39999389648438,210.90696716308594,2612600
2022-07-25,213.38999938964844,217.57000732421875,212.60000610351562,217.36000061035156,214.8207244873047,2534200
2022-07-26,216.36000061035156,217.6300048828125,214.4499969482422,215.97000122070312,213.4469451904297,1927900
2022-07-27,216.39999389648438,221.1999969482422,215.67999267578125,219.88999938964844,217.32115173339844,2041500
2022-07-28,220.36000061035156,224.10000610351562,219.11000061035156,223.74000549316406,221.12619018554688,2337200
2022-07-29,223.4199981689453,228.22999572753906,223.27999877929688,227.3000030517578,224.64459228515625,2337000
2022-08-01,226.08999633789062,227.97999572753906,225.3300018310547,227.0800018310547,224.42715454101562,2245100
2022-08-02,225.63999938964844,225.63999938964844,221.5500030517578,222.5,219.90065002441406,2954300
2022-08-03,223.5399932861328,226.47000122070312,222.8699951171875,225.6300048828125,222.9940948486328,1922300
2022-08-04,225.97999572753906,228.97999572753906,224.42999267578125,227.35000610351562,224.69400024414062,1891900
2022-08-05,226.0,229.0399932861328,226.0,228.6199951171875,225.94915771484375,1482200
2022-08-08,230.0,231.3300018310547,227.7899932861328,227.86000061035156,225.19805908203125,1662500
2022-08-09,228.6699981689453,230.16000366210938,228.22000122070312,228.49000549316406,225.82069396972656,1778700
2022-08-10,232.11000061035156,236.4499969482422,230.91000366210938,235.75999450683594,233.00575256347656,2411500
2022-08-11,237.19000244140625,241.88999938964844,237.0,239.25,236.45498657226562,2746600
2022-08-12,239.99000549316406,241.17999267578125,238.60000610351562,239.9499969482422,237.1468048095703,2186700
2022-08-15,238.60000610351562,238.6999969482422,236.47999572753906,238.1699981689453,235.38760375976562,2070500
2022-08-16,237.75,242.36000061035156,237.75,241.35000610351562,238.53045654296875,2486800
2022-08-17,238.1199951171875,241.4199981689453,237.6699981689453,240.88999938964844,238.07582092285156,1686800
2022-08-18,241.5399932861328,242.27999877929688,240.0500030517578,241.91000366210938,239.0839080810547,1457500
2022-08-19,241.0,241.0,238.2899932861328,238.52000427246094,235.7335205078125,2082500
2022-08-22,235.47999572753906,237.88999938964844,234.75999450683594,237.50999450683594,234.7353057861328,2891100
2022-08-23,237.24000549316406,239.0500030517578,236.38999938964844,237.63999938964844,234.86378479003906,1638900
2022-08-24,237.3300018310547,239.02000427246094,236.85000610351562,238.2899932861328,235.50619506835938,1779700
2022-08-25,238.58999633789062,240.1300048828125,237.17999267578125,239.07000732421875,236.27708435058594,1624100
2022-08-26,238.5399932861328,239.1199951171875,230.9499969482422,231.27000427246094,228.56820678710938,1728800
2022-08-29,229.6199951171875,234.11000061035156,228.83999633789062,232.41000366210938,229.6949005126953,2139900
2022-08-30,230.97000122070312,231.49000549316406,224.52000427246094,225.24000549316406,223.86083984375,3159400
2022-08-31,226.14999389648438,226.86000061035156,223.9600067138672,224.50999450683594,223.13528442382812,2420700
2022-09-01,223.66000366210938,226.27999877929688,222.8000030517578,226.05999755859375,224.67579650878906,2263200
2022-09-02,228.1199951171875,228.1199951171875,222.92999267578125,223.94000244140625,222.56878662109375,1571800
2022-09-06,223.94000244140625,229.6999969482422,223.5,227.97999572753906,226.58404541015625,2956400
2022-09-07,226.7899932861328,230.00999450683594,226.7899932861328,228.7899932861328,227.3890838623047,2858500
2022-09-08,227.74000549316406,230.57000732421875,227.22999572753906,230.33999633789062,228.92959594726562,2181800
2022-09-09,231.11000061035156,233.27999877929688,230.99000549316406,231.8800048828125,230.46017456054688,2016400
2022-09-12,234.38999938964844,235.2899932861328,232.55999755859375,234.16000366210938,232.72621154785156,2635500
2022-09-13,230.14999389648438,231.8800048828125,225.5500030517578,226.2899932861328,224.90438842773438,2378300
2022-09-14,223.3800048828125,223.8800048828125,214.00999450683594,217.9499969482422,216.61546325683594,5915000
2022-09-15,221.33999633789062,224.69000244140625,218.0399932861328,218.36000061035156,217.02294921875,4148500
2022-09-16,213.86000061035156,214.6999969482422,207.5800018310547,212.0,210.701904296875,7984100
2022-09-19,210.8699951171875,216.58999633789062,210.52000427246094,216.1999969482422,214.8761749267578,2863800
2022-09-20,213.8699951171875,215.2100067138672,210.6199951171875,213.27000427246094,211.96412658691406,2094100
2022-09-21,214.88999938964844,216.9600067138672,211.75999450683594,211.88999938964844,210.5925750732422,1917600
2022-09-22,211.36000061035156,212.50999450683594,208.83999633789062,209.1699981689453,207.88922119140625,2508400
2022-09-23,206.5,207.1300048828125,202.1199951171875,203.97000122070312,202.7210693359375,2585500
2022-09-26,202.94000244140625,203.85000610351562,199.08999633789062,200.86000061035156,199.63011169433594,3708100
2022-09-27,200.85000610351562,202.4199981689453,196.49000549316406,197.25,196.04222106933594,5466100
2022-09-28,198.27000427246094,203.55999755859375,197.4600067138672,201.8300018310547,200.59417724609375,3284900
2022-09-29,200.14999389648438,200.52000427246094,197.3699951171875,199.1999969482422,197.9802703857422,2072400
2022-09-30,198.02000427246094,199.3300018310547,194.72999572753906,194.82000732421875,193.62710571289062,3267600
2022-10-03,197.02000427246094,201.72000122070312,196.0399932861328,200.25999450683594,199.03378295898438,2489900
2022-10-04,202.83999633789062,205.39999389648438,202.1699981689453,205.3800048828125,204.1224365234375,2896500
2022-10-05,202.57000732421875,203.47999572753906,199.47999572753906,200.6199951171875,199.39157104492188,3065800
2022-10-06,200.16000366210938,201.41000366210938,197.8300018310547,198.2100067138672,196.996337890625,2586800
2022-10-07,196.02000427246094,197.16000366210938,193.61000061035156,195.6199951171875,194.4221954345703,2875700
2022-10-10,197.1300048828125,198.07000732421875,193.7100067138672,194.0500030517578,192.86181640625,2859500
2022-10-11,192.9199981689453,195.8000030517578,191.64999389648438,192.63999938964844,191.46043395996094,3094700
2022-10-12,192.82000732421875,195.85000610351562,191.9199981689453,192.1199951171875,190.94361877441406,2381300
2022-10-13,188.33999633789062,198.19000244140625,186.88999938964844,196.74000549316406,195.53533935546875,3482900
2022-10-14,198.7899932861328,199.19000244140625,193.4199981689453,193.7899932861328,192.6033935546875,2719400
2022-10-17,196.16000366210938,199.7100067138672,196.10000610351562,198.60000610351562,197.3839569091797,3002200
2022-10-18,202.22999572753906,203.72000122070312,199.00999450683594,201.63999938964844,200.40533447265625,2551300
2022-10-19,199.99000549316406,201.77000427246094,198.72999572753906,200.05999755859375,198.8350067138672,2386900
2022-10-20,192.5500030517578,194.77999877929688,185.8300018310547,186.4499969482422,185.30833435058594,6103200
2022-10-21,185.4499969482422,191.17999267578125,183.6999969482422,190.52999877929688,189.3633575439453,6711600
2022-10-24,192.83999633789062,195.0,191.94000244140625,193.49000549316406,192.30523681640625,2994300
2022-10-25,193.5800018310547,195.02999877929688,192.6699981689453,194.61000061035156,193.4183807373047,2770000
2022-10-26,197.1999969482422,198.24000549316406,194.38999938964844,195.77999877929688,194.58120727539062,4134600
2022-10-27,197.25,199.92999267578125,195.5800018310547,196.0399932861328,194.83961486816406,3148200
2022-10-28,196.6199951171875,198.83999633789062,195.1199951171875,198.64999389648438,197.4336395263672,3724100
2022-10-31,198.57000732421875,198.61000061035156,195.0399932861328,197.13999938964844,195.93289184570312,3130300
2022-11-01,197.1999969482422,198.00999450683594,193.57000732421875,196.82000732421875,195.61485290527344,3042400
2022-11-02,196.35000610351562,198.9499969482422,192.16000366210938,192.52999877929688,191.3511199951172,3020000
2022-11-03,190.27999877929688,195.2100067138672,190.22000122070312,193.19000244140625,192.007080078125,3238800
2022-11-04,195.55999755859375,197.77999877929688,194.17999267578125,196.6999969482422,195.49557495117188,3334000
2022-11-07,198.5,198.5,195.47000122070312,196.3000030517578,195.09803771972656,3757800
2022-11-08,198.14999389648438,205.1199951171875,197.77000427246094,204.00999450683594,202.7608184814453,6285100
2022-11-09,203.50999450683594,204.5399932861328,201.94000244140625,203.41000366210938,202.1645050048828,4682700
2022-11-10,210.8800048828125,213.19000244140625,209.08999633789062,212.99000549316406,211.6858367919922,4923400
2022-11-11,216.11000061035156,219.55999755859375,214.75999450683594,217.5,216.168212890625,5176500
2022-11-14,216.85000610351562,221.4600067138672,216.2899932861328,216.9499969482422,215.62158203125,3999000
2022-11-15,217.80999755859375,219.07000732421875,208.74000549316406,210.66000366210938,209.37010192871094,6235200
2022-11-16,211.14999389648438,213.19000244140625,210.47999572753906,212.27000427246094,210.97024536132812,3864600
2022-11-17,210.6300048828125,212.35000610351562,207.00999450683594,209.82000732421875,208.53524780273438,4561400
2022-11-18,211.61000061035156,212.19000244140625,209.3000030517578,210.5800018310547,209.29058837890625,2499500
2022-11-21,209.89999389648438,213.33999633789062,208.1999969482422,212.27000427246094,210.97024536132812,2365400
2022-11-22,213.57000732421875,217.72999572753906,212.82000732421875,213.1999969482422,211.89454650878906,2962500
2022-11-23,212.69000244140625,213.22999572753906,210.57000732421875,212.52000427246094,211.21871948242188,2405000
2022-11-25,213.0,215.4199981689453,212.47999572753906,213.3300018310547,212.0237579345703,1101900
2022-11-28,211.22999572753906,212.42999267578125,207.67999267578125,208.52000427246094,207.2432098388672,2755400
2022-11-29,208.9600067138672,213.24000549316406,208.11000061035156,212.77000427246094,211.46719360351562,2280600
2022-11-30,212.72000122070312,218.9499969482422,210.7100067138672,217.42999267578125,216.09864807128906,5173000
2022-12-01,219.16000366210938,219.16000366210938,214.88999938964844,215.92999267578125,214.60781860351562,2638400
2022-12-02,213.74000549316406,215.83999633789062,213.1999969482422,214.72999572753906,213.41517639160156,1760000
2022-12-05,212.94000244140625,213.5500030517578,210.41000366210938,211.05999755859375,209.7676544189453,2504500
2022-12-06,211.52999877929688,213.22999572753906,208.6999969482422,211.13999938964844,209.84716796875,3097600
2022-12-07,211.0,214.7899932861328,210.58999633789062,212.22000122070312,210.92054748535156,2828600
2022-12-08,212.72999572753906,214.55999755859375,211.5399932861328,213.02999877929688,211.7255859375,1585400
2022-12-09,212.39999389648438,213.0500030517578,211.0500030517578,211.35000610351562,210.05587768554688,2334400
2022-12-12,212.63999938964844,215.89999389648438,210.77000427246094,215.8300018310547,214.50845336914062,3017500
2022-12-13,220.89999389648438,221.4499969482422,215.85000610351562,218.02000427246094,216.68504333496094,3585000
2022-12-14,219.32000732421875,221.7100067138672,216.36000061035156,217.5800018310547,216.2477264404297,2749800
2022-12-15,214.75999450683594,215.11000061035156,210.75999450683594,212.30999755859375,211.00999450683594,3373200
2022-12-16,208.5500030517578,210.75,206.64999389648438,210.2100067138672,210.2100067138672,5194100
2022-12-19,210.1999969482422,210.41000366210938,204.75,206.38999938964844,206.38999938964844,2355300
2022-12-20,206.4600067138672,207.02000427246094,203.6699981689453,205.41000366210938,205.41000366210938,4081900
2022-12-21,207.4600067138672,209.14999389648438,206.72000122070312,208.4199981689453,208.4199981689453,2756400
2022-12-22,207.02999877929688,208.67999267578125,205.13999938964844,208.66000366210938,208.66000366210938,2399300
2022-12-23,208.1999969482422,210.75,208.1999969482422,209.91000366210938,209.91000366210938,1639500
2022-12-27,210.4600067138672,211.4499969482422,208.85000610351562,210.32000732421875,210.32000732421875,1139700
2022-12-28,210.22999572753906,211.22999572753906,206.77999877929688,206.8699951171875,206.8699951171875,1631200
2022-12-29,208.0399932861328,210.36000061035156,207.13999938964844,209.22000122070312,209.22000122070312,1484800
2022-12-30,207.6699981689453,208.99000549316406,204.67999267578125,207.07000732421875,207.07000732421875,1553300
2023-01-03,207.2899932861328,207.8699951171875,205.1300048828125,207.5800018310547,207.5800018310547,1766300
2023-01-04,208.08999633789062,210.2100067138672,207.57000732421875,209.24000549316406,209.24000549316406,1830900
2023-01-05,207.72999572753906,208.67999267578125,202.75999450683594,203.0800018310547,203.0800018310547,2317500
2023-01-06,206.8000030517578,212.5500030517578,206.0,212.00999450683594,212.00999450683594,3375200
2023-01-09,212.19000244140625,215.8800048828125,211.10000610351562,211.4600067138672,211.4600067138672,2259500
2023-01-10,211.3800048828125,212.3800048828125,209.8699951171875,212.27999877929688,212.27999877929688,1225300
2023-01-11,213.24000549316406,214.6699981689453,212.1300048828125,214.25999450683594,214.25999450683594,1840500
2023-01-12,215.30999755859375,216.25,212.07000732421875,214.69000244140625,214.69000244140625,2034600
2023-01-13,212.91000366210938,214.1199951171875,212.16000366210938,213.22999572753906,213.22999572753906,1693500
