Date,Open,High,Low,Close,Adj Close,Volume
2022-01-18,15.15999984741211,15.300000190734863,15.020000457763672,15.0600004196167,14.454381942749023,7731500
2022-01-19,15.050000190734863,15.130000114440918,14.699999809265137,14.720000267028809,14.128053665161133,7275400
2022-01-20,14.649999618530273,14.880000114440918,14.569999694824219,14.640000343322754,14.051271438598633,8441700
2022-01-21,14.550000190734863,14.770000457763672,14.510000228881836,14.529999732971191,13.945694923400879,11208700
2022-01-24,14.4399995803833,14.479999542236328,13.960000038146973,14.359999656677246,13.782529830932617,10776000
2022-01-25,14.319999694824219,14.8100004196167,14.180000305175781,14.680000305175781,14.089662551879883,10865400
2022-01-26,14.65999984741211,14.859999656677246,14.5,14.619999885559082,14.032075881958008,7295000
2022-01-27,14.699999809265137,14.880000114440918,14.520000457763672,14.59000015258789,14.00328254699707,7422000
2022-01-28,14.550000190734863,14.630000114440918,14.319999694824219,14.630000114440918,14.041672706604004,7927000
2022-01-31,14.5,15.069999694824219,14.479999542236328,14.970000267028809,14.368000984191895,15357000
2022-02-01,14.970000267028809,15.140000343322754,14.829999923706055,15.069999694824219,14.463979721069336,9073300
2022-02-02,14.989999771118164,15.329999923706055,14.729999542236328,15.300000190734863,14.684730529785156,10391500
2022-02-03,15.199999809265137,15.3100004196167,15.0600004196167,15.130000114440918,14.521566390991211,7714300
2022-02-04,15.050000190734863,15.239999771118164,14.9399995803833,15.130000114440918,14.521566390991211,7474200
2022-02-07,15.260000228881836,15.399999618530273,15.149999618530273,15.260000228881836,14.64633846282959,6349400
2022-02-08,15.25,15.319999694824219,15.0,15.220000267028809,14.60794734954834,7285300
2022-02-09,15.270000457763672,15.600000381469727,15.270000457763672,15.399999618530273,14.780708312988281,6509200
2022-02-10,15.34000015258789,15.579999923706055,15.319999694824219,15.369999885559082,14.751914024353027,8700600
2022-02-11,15.220000267028809,15.460000038146973,15.119999885559082,15.170000076293945,14.559958457946777,10322200
2022-02-14,15.199999809265137,15.239999771118164,14.880000114440918,15.029999732971191,14.42558765411377,6512300
2022-02-15,15.029999732971191,15.34000015258789,14.970000267028809,15.319999694824219,14.703925132751465,7562500
2022-02-16,15.3100004196167,15.510000228881836,15.220000267028809,15.25,14.636740684509277,7994100
2022-02-17,15.1899995803833,15.199999809265137,14.789999961853027,14.829999923706055,14.233630180358887,7788000
2022-02-18,14.729999542236328,14.899999618530273,14.600000381469727,14.710000038146973,14.118456840515137,9801100
2022-02-22,14.5600004196167,14.739999771118164,14.470000267028809,14.550000190734863,13.964889526367188,8357600
2022-02-23,14.550000190734863,14.600000381469727,14.279999732971191,14.319999694824219,13.858436584472656,10564100
2022-02-24,13.859999656677246,13.979999542236328,13.670000076293945,13.930000305175781,13.481006622314453,14796200
2022-02-25,14.029999732971191,14.640000343322754,14.010000228881836,14.539999961853027,14.071344375610352,15832400
2022-02-28,13.720000267028809,13.739999771118164,10.880000114440918,11.010000228881836,10.65512466430664,62957100
2022-03-01,11.15999984741211,11.180000305175781,9.680000305175781,10.149999618530273,9.822843551635742,62880400
2022-03-02,10.140000343322754,10.539999961853027,10.119999885559082,10.479999542236328,10.142207145690918,23815700
2022-03-03,10.40999984741211,10.460000038146973,9.90999984741211,10.40999984741211,10.074463844299316,22865200
2022-03-04,10.130000114440918,10.289999961853027,9.90999984741211,10.199999809265137,9.871232032775879,24551800
2022-03-07,10.0,10.119999885559082,9.84000015258789,9.880000114440918,9.56154727935791,18322300
2022-03-08,9.880000114440918,10.119999885559082,9.819999694824219,9.949999809265137,9.629289627075195,22455300
2022-03-09,10.119999885559082,10.470000267028809,10.09000015258789,10.279999732971191,9.948653221130371,19859200
2022-03-10,10.0600004196167,10.270000457763672,9.899999618530273,10.119999885559082,9.793810844421387,12209800
2022-03-11,10.149999618530273,10.34000015258789,10.010000228881836,10.020000457763672,9.69703483581543,12790100
2022-03-14,10.15999984741211,10.270000457763672,9.65999984741211,9.8100004196167,9.493803024291992,12181000
2022-03-15,9.800000190734863,9.989999771118164,9.770000457763672,9.960000038146973,9.638968467712402,13785200
2022-03-16,10.109999656677246,10.5,10.100000381469727,10.390000343322754,10.055108070373535,13115900
2022-03-17,10.260000228881836,10.739999771118164,10.149999618530273,10.640000343322754,10.297050476074219,10923700
2022-03-18,10.510000228881836,10.6899995803833,10.5,10.65999984741211,10.316405296325684,28822500
2022-03-21,10.579999923706055,10.899999618530273,10.579999923706055,10.770000457763672,10.422861099243164,10845900
2022-03-22,10.8100004196167,10.970000267028809,10.760000228881836,10.850000381469727,10.500282287597656,16697800
2022-03-23,10.739999771118164,11.079999923706055,10.710000038146973,10.880000114440918,10.529314994812012,13595700
2022-03-24,10.930000305175781,11.010000228881836,10.770000457763672,10.949999809265137,10.59705924987793,10573600
2022-03-25,10.970000267028809,11.210000038146973,10.899999618530273,11.1899995803833,10.829320907592773,15723500
2022-03-28,11.149999618530273,11.180000305175781,10.770000457763672,10.899999618530273,10.548669815063477,14836700
2022-03-29,10.930000305175781,11.220000267028809,10.930000305175781,11.180000305175781,10.819644927978516,9505600
2022-03-30,11.109999656677246,11.300000190734863,10.960000038146973,10.989999771118164,10.63576889038086,9237100
2022-03-31,11.0,11.100000381469727,10.869999885559082,10.880000114440918,10.529314994812012,12868200
2022-04-01,10.960000038146973,10.960000038146973,10.649999618530273,10.819999694824219,10.471248626708984,9680100
2022-04-04,10.819999694824219,11.020000457763672,10.760000228881836,10.850000381469727,10.500282287597656,11972900
2022-04-05,10.779999732971191,11.029999732971191,10.65999984741211,10.670000076293945,10.326083183288574,10419900
2022-04-06,10.579999923706055,10.710000038146973,10.479999542236328,10.6899995803833,10.345438003540039,9288500
2022-04-07,10.65999984741211,10.850000381469727,10.520000457763672,10.8100004196167,10.46157169342041,13286000
2022-04-08,10.800000190734863,11.100000381469727,10.619999885559082,11.039999961853027,10.684157371520996,14248600
2022-04-11,11.0,11.020000457763672,10.640000343322754,10.699999809265137,10.355116844177246,17818700
2022-04-12,10.720000267028809,10.800000190734863,10.630000114440918,10.670000076293945,10.326083183288574,7330100
2022-04-13,10.710000038146973,11.029999732971191,10.670000076293945,10.989999771118164,10.63576889038086,11023000
2022-04-14,10.989999771118164,11.119999885559082,10.9399995803833,10.960000038146973,10.606736183166504,9283500
2022-04-18,10.9399995803833,10.979999542236328,10.640000343322754,10.710000038146973,10.364794731140137,8772500
2022-04-19,10.720000267028809,11.0,10.670000076293945,10.920000076293945,10.568026542663574,8582900
2022-04-20,10.880000114440918,11.020000457763672,10.739999771118164,10.84000015258789,10.490604400634766,7801200
2022-04-21,10.880000114440918,10.989999771118164,10.619999885559082,10.649999618530273,10.30672836303711,8632300
2022-04-22,10.680000305175781,10.680000305175781,10.270000457763672,10.279999732971191,9.948653221130371,9837400
2022-04-25,10.229999542236328,10.449999809265137,10.020000457763672,10.390000343322754,10.055108070373535,12715000
2022-04-26,10.319999694824219,10.5,10.25,10.289999961853027,9.958332061767578,14309600
2022-04-27,10.319999694824219,10.489999771118164,10.180000305175781,10.359999656677246,10.026074409484863,9515200
2022-04-28,10.380000114440918,10.539999961853027,10.260000228881836,10.489999771118164,10.151885032653809,12178300
2022-04-29,10.449999809265137,10.609999656677246,10.270000457763672,10.329999923706055,9.997041702270508,13224400
2022-05-02,10.350000381469727,10.449999809265137,10.029999732971191,10.210000038146973,9.880910873413086,13070600
2022-05-03,10.239999771118164,10.460000038146973,10.119999885559082,10.399999618530273,10.064785957336426,12806700
2022-05-04,10.390000343322754,10.529999732971191,10.069999694824219,10.520000457763672,10.18091869354248,16615600
2022-05-05,10.449999809265137,10.5,9.880000114440918,10.050000190734863,9.726067543029785,17092900
2022-05-06,10.039999961853027,10.050000190734863,9.760000228881836,9.949999809265137,9.629289627075195,20263100
2022-05-09,10.130000114440918,10.9399995803833,10.130000114440918,10.479999542236328,10.142207145690918,25016800
2022-05-10,10.380000114440918,10.550000190734863,10.140000343322754,10.460000038146973,10.122852325439453,19772400
2022-05-11,10.430000305175781,10.739999771118164,10.369999885559082,10.390000343322754,10.055108070373535,17018600
2022-05-12,10.40999984741211,10.880000114440918,10.380000114440918,10.850000381469727,10.500282287597656,21655500
2022-05-13,10.829999923706055,11.149999618530273,10.789999961853027,11.079999923706055,10.722867012023926,10972600
2022-05-16,11.050000190734863,11.239999771118164,10.979999542236328,11.140000343322754,10.78093433380127,8598000
2022-05-17,11.15999984741211,11.529999732971191,11.15999984741211,11.470000267028809,11.100297927856445,9901100
2022-05-18,11.449999809265137,11.569999694824219,11.1899995803833,11.270000457763672,10.906744003295898,10916500
2022-05-19,11.130000114440918,11.819999694824219,11.0600004196167,11.6899995803833,11.313206672668457,12090300
2022-05-20,11.770000457763672,11.920000076293945,11.609999656677246,11.800000190734863,11.419661521911621,13834100
2022-05-23,11.739999771118164,11.930000305175781,11.510000228881836,11.630000114440918,11.370776176452637,9530500
2022-05-24,11.710000038146973,11.710000038146973,11.260000228881836,11.529999732971191,11.273003578186035,10714100
2022-05-25,11.5,11.859999656677246,11.420000076293945,11.84000015258789,11.576095581054688,9479800
2022-05-26,11.84000015258789,12.079999923706055,11.84000015258789,12.010000228881836,11.742305755615234,8866100
2022-05-27,11.979999542236328,12.25,11.970000267028809,12.25,11.976956367492676,12015500
2022-05-31,12.1899995803833,12.350000381469727,11.9399995803833,12.270000457763672,11.99651050567627,19551700
2022-06-01,12.329999923706055,12.380000114440918,11.890000343322754,12.069999694824219,11.8009672164917,8690200
2022-06-02,12.09000015258789,12.130000114440918,11.770000457763672,12.109999656677246,11.840076446533203,7111300
2022-06-03,12.050000190734863,12.109999656677246,11.680000305175781,11.710000038146973,11.448992729187012,8072100
2022-06-06,11.760000228881836,11.899999618530273,11.699999809265137,11.770000457763672,11.50765609741211,7119600
2022-06-07,11.779999732971191,11.899999618530273,11.680000305175781,11.890000343322754,11.624980926513672,7785700
2022-06-08,11.800000190734863,11.930000305175781,11.760000228881836,11.859999656677246,11.595648765563965,6919400
2022-06-09,11.859999656677246,11.880000114440918,11.609999656677246,11.619999885559082,11.360998153686523,6637000
2022-06-10,11.430000305175781,11.460000038146973,11.140000343322754,11.199999809265137,10.950359344482422,8021200
2022-06-13,10.949999809265137,11.069999694824219,10.65999984741211,10.770000457763672,10.52994441986084,13855800
2022-06-14,10.729999542236328,10.789999961853027,10.210000038146973,10.319999694824219,10.089974403381348,15409200
2022-06-15,10.399999618530273,10.859999656677246,10.399999618530273,10.699999809265137,10.461503982543945,12150000
2022-06-16,10.5,10.520000457763672,10.210000038146973,10.279999732971191,10.05086612701416,9519700
2022-06-17,10.300000190734863,10.529999732971191,10.210000038146973,10.460000038146973,10.22685432434082,16942000
2022-06-21,10.59000015258789,10.729999542236328,10.5,10.600000381469727,10.363734245300293,11736300
2022-06-22,10.510000228881836,10.779999732971191,10.4399995803833,10.630000114440918,10.393064498901367,7762700
2022-06-23,10.640000343322754,10.75,10.529999732971191,10.729999542236328,10.490835189819336,7488100
2022-06-24,10.789999961853027,11.029999732971191,10.760000228881836,10.960000038146973,10.715709686279297,11833900
2022-06-27,10.9399995803833,11.149999618530273,10.890000343322754,11.069999694824219,10.823257446289062,8283300
2022-06-28,11.079999923706055,11.270000457763672,10.899999618530273,10.899999618530273,10.6570463180542,7025100
2022-06-29,10.9399995803833,10.949999809265137,10.699999809265137,10.8100004196167,10.569053649902344,6399700
2022-06-30,10.649999618530273,10.65999984741211,10.399999618530273,10.470000267028809,10.236631393432617,9991600
2022-07-01,10.449999809265137,10.739999771118164,10.279999732971191,10.710000038146973,10.471282005310059,6541900
2022-07-05,10.5,10.539999961853027,10.25,10.5,10.265962600708008,6803200
2022-07-06,10.479999542236328,10.539999961853027,10.140000343322754,10.300000190734863,10.070420265197754,7775000
2022-07-07,10.289999961853027,10.510000228881836,10.289999961853027,10.420000076293945,10.187745094299316,5939000
2022-07-08,10.449999809265137,10.59000015258789,10.279999732971191,10.350000381469727,10.119305610656738,6106600
2022-07-11,10.220000267028809,10.239999771118164,10.029999732971191,10.050000190734863,9.825992584228516,10207300
2022-07-12,10.010000228881836,10.329999923706055,9.960000038146973,10.220000267028809,9.992203712463379,9396000
2022-07-13,10.140000343322754,10.1899995803833,9.899999618530273,9.979999542236328,9.757552146911621,8601100
2022-07-14,9.819999694824219,9.880000114440918,9.680000305175781,9.850000381469727,9.630451202392578,9753700
2022-07-15,9.989999771118164,10.020000457763672,9.670000076293945,9.850000381469727,9.630451202392578,9740600
2022-07-18,9.979999542236328,10.210000038146973,9.8100004196167,9.829999923706055,9.610896110534668,11776100
2022-07-19,9.899999618530273,10.180000305175781,9.899999618530273,10.069999694824219,9.84554672241211,14005600
2022-07-20,10.0600004196167,10.229999542236328,9.90999984741211,9.970000267028809,9.74777603149414,11771900
2022-07-21,9.970000267028809,9.989999771118164,9.789999961853027,9.880000114440918,9.659781455993652,8530700
2022-07-22,9.960000038146973,10.020000457763672,9.449999809265137,9.550000190734863,9.337137222290039,15392500
2022-07-25,9.600000381469727,9.84000015258789,9.449999809265137,9.739999771118164,9.52290153503418,37913800
2022-07-26,9.6899995803833,9.970000267028809,9.680000305175781,9.920000076293945,9.698890686035156,13922500
2022-07-27,9.930000305175781,10.130000114440918,9.800000190734863,10.069999694824219,9.84554672241211,14351100
2022-07-28,10.0,10.069999694824219,9.640000343322754,9.779999732971191,9.562010765075684,14335700
2022-07-29,9.779999732971191,9.84000015258789,9.600000381469727,9.6899995803833,9.474016189575195,12985800
2022-08-01,9.680000305175781,9.779999732971191,9.569999694824219,9.65999984741211,9.444685935974121,9739000
2022-08-02,9.65999984741211,9.800000190734863,9.630000114440918,9.710000038146973,9.493571281433105,9753200
2022-08-03,9.729999542236328,9.770000457763672,9.65999984741211,9.75,9.532679557800293,8913300
2022-08-04,9.729999542236328,9.819999694824219,9.609999656677246,9.619999885559082,9.405576705932617,9883500
2022-08-05,9.569999694824219,9.760000228881836,9.460000038146973,9.729999542236328,9.5131254196167,16007600
2022-08-08,10.180000305175781,10.619999885559082,10.020000457763672,10.09000015258789,9.865100860595703,42499500
2022-08-09,10.029999732971191,10.5,9.869999885559082,10.460000038146973,10.22685432434082,14504400
2022-08-10,10.520000457763672,10.960000038146973,10.479999542236328,10.770000457763672,10.52994441986084,13906000
2022-08-11,10.710000038146973,11.109999656677246,10.710000038146973,10.960000038146973,10.715709686279297,11671500
2022-08-12,11.029999732971191,11.149999618530273,10.960000038146973,11.130000114440918,10.881919860839844,9314800
2022-08-15,11.0,11.220000267028809,10.949999809265137,11.109999656677246,10.86236572265625,9650200
2022-08-16,11.140000343322754,11.15999984741211,10.970000267028809,11.039999961853027,10.793926239013672,6588900
2022-08-17,10.989999771118164,10.989999771118164,10.539999961853027,10.75,10.510390281677246,19975500
2022-08-18,10.75,10.75,10.5,10.59000015258789,10.35395622253418,5060100
2022-08-19,10.520000457763672,10.640000343322754,10.5,10.569999694824219,10.334402084350586,5708300
2022-08-22,10.5,10.510000228881836,10.3100004196167,10.350000381469727,10.119305610656738,5915900
2022-08-23,10.210000038146973,10.329999923706055,10.109999656677246,10.149999618530273,10.040170669555664,8615200
2022-08-24,10.149999618530273,10.229999542236328,9.989999771118164,10.15999984741211,10.050063133239746,5065500
2022-08-25,10.15999984741211,10.210000038146973,10.0600004196167,10.170000076293945,10.059954643249512,6594800
2022-08-26,10.220000267028809,10.229999542236328,9.859999656677246,9.880000114440918,9.773093223571777,6601800
2022-08-29,9.800000190734863,9.899999618530273,9.649999618530273,9.869999885559082,9.763200759887695,16592600
2022-08-30,9.869999885559082,9.930000305175781,9.65999984741211,9.699999809265137,9.595040321350098,8539400
2022-08-31,9.710000038146973,9.829999923706055,9.529999732971191,9.550000190734863,9.446663856506348,18112000
2022-09-01,9.539999961853027,9.600000381469727,9.319999694824219,9.569999694824219,9.466446876525879,10137300
2022-09-02,9.6899995803833,9.6899995803833,9.420000076293945,9.449999809265137,9.347745895385742,10155800
2022-09-06,9.489999771118164,9.489999771118164,9.319999694824219,9.40999984741211,9.308177947998047,10133200
2022-09-07,9.350000381469727,9.800000190734863,9.350000381469727,9.720000267028809,9.614824295043945,15230600
2022-09-08,9.65999984741211,9.739999771118164,9.5600004196167,9.680000305175781,9.575257301330566,10656900
2022-09-09,9.760000228881836,9.930000305175781,9.720000267028809,9.880000114440918,9.773093223571777,6717700
2022-09-12,9.9399995803833,10.199999809265137,9.9399995803833,10.109999656677246,10.000603675842285,7800300
2022-09-13,9.899999618530273,9.920000076293945,9.489999771118164,9.489999771118164,9.387312889099121,8877800
2022-09-14,9.520000457763672,9.619999885559082,9.350000381469727,9.430000305175781,9.327961921691895,8932600
2022-09-15,9.420000076293945,9.710000038146973,9.420000076293945,9.550000190734863,9.446663856506348,9464300
2022-09-16,9.550000190734863,9.550000190734863,9.220000267028809,9.300000190734863,9.199368476867676,19553600
2022-09-19,9.220000267028809,9.34000015258789,9.180000305175781,9.289999961853027,9.18947696685791,8425300
2022-09-20,9.229999542236328,9.229999542236328,9.029999732971191,9.039999961853027,8.942181587219238,8210900
2022-09-21,9.1899995803833,9.460000038146973,9.029999732971191,9.039999961853027,8.942181587219238,11299700
2022-09-22,9.010000228881836,9.0600004196167,8.819999694824219,8.9399995803833,8.843263626098633,8947100
2022-09-23,8.859999656677246,8.869999885559082,8.430000305175781,8.6899995803833,8.595969200134277,12430100
2022-09-26,8.569999694824219,8.65999984741211,8.479999542236328,8.529999732971191,8.437700271606445,15122300
2022-09-27,8.600000381469727,8.760000228881836,8.420000076293945,8.479999542236328,8.388240814208984,10598000
2022-09-28,8.5600004196167,8.75,8.489999771118164,8.729999542236328,8.635536193847656,11402700
2022-09-29,8.619999885559082,8.680000305175781,8.449999809265137,8.600000381469727,8.506943702697754,8143200
2022-09-30,8.619999885559082,8.8100004196167,8.5,8.520000457763672,8.42780876159668,8197400
2022-10-03,8.609999656677246,8.789999961853027,8.460000038146973,8.720000267028809,8.62564468383789,12861200
2022-10-04,8.789999961853027,9.210000038146973,8.789999961853027,9.210000038146973,9.110342979431152,8796100
2022-10-05,9.020000457763672,9.239999771118164,8.979999542236328,9.180000305175781,9.080667495727539,6141500
2022-10-06,9.109999656677246,9.149999618530273,8.880000114440918,8.9399995803833,8.843263626098633,7022800
2022-10-07,8.899999618530273,8.899999618530273,8.670000076293945,8.739999771118164,8.645427703857422,8055600
2022-10-10,8.819999694824219,8.869999885559082,8.720000267028809,8.75,8.655320167541504,10426600
2022-10-11,8.739999771118164,9.600000381469727,8.729999542236328,9.390000343322754,9.288394927978516,25031700
2022-10-12,9.399999618530273,9.680000305175781,9.260000228881836,9.390000343322754,9.288394927978516,10263100
2022-10-13,9.3100004196167,9.819999694824219,9.239999771118164,9.649999618530273,9.545580863952637,12586200
2022-10-14,9.710000038146973,9.720000267028809,9.510000228881836,9.550000190734863,9.446663856506348,7500600
2022-10-17,9.649999618530273,9.710000038146973,9.520000457763672,9.609999656677246,9.506013870239258,6076900
2022-10-18,9.699999809265137,9.789999961853027,9.569999694824219,9.609999656677246,9.506013870239258,6872500
2022-10-19,9.550000190734863,9.5600004196167,9.229999542236328,9.380000114440918,9.27850341796875,6586600
2022-10-20,9.390000343322754,9.5,9.300000190734863,9.34000015258789,9.238936424255371,4399900
2022-10-21,9.279999732971191,9.4399995803833,9.140000343322754,9.380000114440918,9.27850341796875,5951000
2022-10-24,9.4399995803833,9.569999694824219,9.359999656677246,9.529999732971191,9.4268798828125,5641900
2022-10-25,9.479999542236328,9.800000190734863,9.470000267028809,9.779999732971191,9.674174308776855,12139700
2022-10-26,9.84000015258789,10.0,9.8100004196167,9.970000267028809,9.862119674682617,7389700
2022-10-27,9.979999542236328,10.069999694824219,9.859999656677246,9.869999885559082,9.763200759887695,6076000
2022-10-28,9.930000305175781,10.1899995803833,9.899999618530273,10.069999694824219,9.961036682128906,7309600
2022-10-31,10.020000457763672,10.15999984741211,9.979999542236328,10.130000114440918,10.020387649536133,9832900
2022-11-01,10.1899995803833,10.3100004196167,10.069999694824219,10.25,10.139089584350586,7649000
2022-11-02,10.199999809265137,10.319999694824219,10.050000190734863,10.069999694824219,9.961036682128906,7386600
2022-11-03,9.9399995803833,9.949999809265137,9.649999618530273,9.670000076293945,9.565364837646484,8033000
2022-11-04,9.75,9.880000114440918,9.529999732971191,9.699999809265137,9.595040321350098,11510300
2022-11-07,10.34000015258789,11.430000305175781,10.260000228881836,10.970000267028809,10.851298332214355,29900300
2022-11-08,11.010000228881836,11.300000190734863,10.75,11.100000381469727,10.979891777038574,14810300
2022-11-09,11.039999961853027,11.039999961853027,10.819999694824219,10.829999923706055,10.712813377380371,8277600
2022-11-10,11.149999618530273,11.430000305175781,11.050000190734863,11.34000015258789,11.217294692993164,9749100
2022-11-11,11.369999885559082,11.529999732971191,11.1899995803833,11.4399995803833,11.31621265411377,8520700
2022-11-14,11.399999618530273,11.699999809265137,11.3100004196167,11.5600004196167,11.434914588928223,12861300
2022-11-15,11.65999984741211,11.84000015258789,11.270000457763672,11.319999694824219,11.197510719299316,6594700
2022-11-16,11.270000457763672,11.350000381469727,10.979999542236328,11.079999923706055,10.960107803344727,24691800
2022-11-17,10.899999618530273,11.010000228881836,10.84000015258789,10.960000038146973,10.84140682220459,6425500
2022-11-18,11.010000228881836,11.039999961853027,10.869999885559082,11.0,10.880973815917969,7382400
2022-11-21,11.010000228881836,11.130000114440918,10.859999656677246,11.09000015258789,10.970000267028809,7282100
2022-11-22,10.9399995803833,11.100000381469727,10.9399995803833,11.069999694824219,11.069999694824219,8322700
2022-11-23,10.979999542236328,11.079999923706055,10.890000343322754,11.020000457763672,11.020000457763672,5009600
2022-11-25,11.010000228881836,11.140000343322754,10.899999618530273,11.140000343322754,11.140000343322754,5012100
2022-11-28,11.119999885559082,11.170000076293945,10.979999542236328,11.0600004196167,11.0600004196167,19132600
2022-11-29,11.109999656677246,11.199999809265137,11.0,11.180000305175781,11.180000305175781,7462800
2022-11-30,11.119999885559082,11.140000343322754,10.739999771118164,11.029999732971191,11.029999732971191,19675200
2022-12-01,11.039999961853027,11.260000228881836,10.960000038146973,11.239999771118164,11.239999771118164,9302600
2022-12-02,11.180000305175781,11.229999542236328,11.100000381469727,11.170000076293945,11.170000076293945,4142000
2022-12-05,11.140000343322754,11.140000343322754,10.850000381469727,10.920000076293945,10.920000076293945,5101700
2022-12-06,10.899999618530273,11.0,10.770000457763672,10.930000305175781,10.930000305175781,6247800
2022-12-07,10.930000305175781,10.989999771118164,10.84000015258789,10.899999618530273,10.899999618530273,5676800
2022-12-08,10.899999618530273,11.0,10.819999694824219,10.960000038146973,10.960000038146973,6748300
2022-12-09,10.960000038146973,11.050000190734863,10.770000457763672,10.779999732971191,10.779999732971191,5832400
2022-12-12,10.760000228881836,11.170000076293945,10.720000267028809,11.140000343322754,11.140000343322754,7392500
2022-12-13,11.350000381469727,11.449999809265137,11.270000457763672,11.34000015258789,11.34000015258789,12107400
2022-12-14,11.289999961853027,11.430000305175781,11.210000038146973,11.319999694824219,11.319999694824219,7602800
2022-12-15,11.260000228881836,11.34000015258789,11.130000114440918,11.140000343322754,11.140000343322754,6480300
2022-12-16,11.079999923706055,11.100000381469727,10.890000343322754,10.960000038146973,10.960000038146973,25123100
2022-12-19,10.949999809265137,11.140000343322754,10.869999885559082,10.90999984741211,10.90999984741211,9274700
2022-12-20,10.979999542236328,11.010000228881836,10.729999542236328,10.739999771118164,10.739999771118164,7303700
2022-12-21,10.850000381469727,10.970000267028809,10.819999694824219,10.850000381469727,10.850000381469727,5545400
2022-12-22,10.800000190734863,10.8100004196167,10.5600004196167,10.75,10.75,5754500
2022-12-23,10.720000267028809,11.029999732971191,10.710000038146973,11.010000228881836,11.010000228881836,6653800
2022-12-27,11.029999732971191,11.079999923706055,10.9399995803833,11.039999961853027,11.039999961853027,4498100
2022-12-28,11.039999961853027,11.130000114440918,10.850000381469727,10.920000076293945,10.920000076293945,5431300
2022-12-29,10.869999885559082,11.220000267028809,10.869999885559082,11.130000114440918,11.130000114440918,6404600
2022-12-30,11.09000015258789,11.180000305175781,10.960000038146973,11.130000114440918,11.130000114440918,6579500
2023-01-03,11.1899995803833,11.470000267028809,11.1899995803833,11.380000114440918,11.380000114440918,10148300
2023-01-04,11.5,11.779999732971191,11.430000305175781,11.75,11.75,10617500
2023-01-05,11.670000076293945,11.880000114440918,11.5,11.84000015258789,11.84000015258789,9215500
2023-01-06,11.920000076293945,12.109999656677246,11.800000190734863,12.100000381469727,12.100000381469727,7879700
2023-01-09,12.119999885559082,12.1899995803833,11.979999542236328,12.010000228881836,12.010000228881836,12884500
2023-01-10,12.0,12.029999732971191,11.760000228881836,11.84000015258789,11.84000015258789,7872500
2023-01-11,11.84000015258789,11.869999885559082,11.359999656677246,11.770000457763672,11.770000457763672,13306800
2023-01-12,11.760000228881836,11.829999923706055,11.59000015258789,11.65999984741211,11.65999984741211,12017700
2023-01-13,11.579999923706055,11.609999656677246,11.430000305175781,11.539999961853027,11.539999961853027,14142600
