Date,Open,High,Low,Close,Adj Close,Volume
2022-01-18,87.3499984741211,87.58000183105469,86.01000213623047,87.18000030517578,84.5283432006836,2078800
2022-01-19,87.76000213623047,87.86000061035156,85.45999908447266,85.52999877929688,82.92853546142578,2459300
2022-01-20,86.18000030517578,88.04000091552734,85.80000305175781,85.9800033569336,83.3648452758789,2109500
2022-01-21,86.6500015258789,88.31999969482422,86.27999877929688,87.51000213623047,84.84831237792969,3205500
2022-01-24,86.68000030517578,86.8499984741211,83.2699966430664,86.0199966430664,83.40362548828125,3765500
2022-01-25,84.9800033569336,85.95999908447266,83.36000061035156,85.52999877929688,82.92853546142578,3023700
2022-01-26,86.01000213623047,87.8499984741211,83.1500015258789,83.8499984741211,81.29963684082031,2667200
2022-01-27,84.51000213623047,86.2300033569336,83.11000061035156,83.41999816894531,80.8827133178711,2660300
2022-01-28,83.41999816894531,84.11000061035156,80.66000366210938,84.05999755859375,81.50324249267578,3123300
2022-01-31,83.38999938964844,86.62999725341797,83.38999938964844,86.62999725341797,83.99507141113281,4174000
2022-02-01,86.0,86.36000061035156,84.08000183105469,84.66000366210938,82.08499908447266,2082000
2022-02-02,85.13999938964844,86.19999694824219,84.69000244140625,84.8499984741211,82.26921844482422,1945800
2022-02-03,84.47000122070312,84.55000305175781,82.66999816894531,82.76000213623047,80.24279022216797,1624200
2022-02-04,81.72000122070312,82.19000244140625,78.91999816894531,80.43000030517578,77.98365020751953,2114900
2022-02-07,80.5,81.16999816894531,80.30000305175781,80.7300033569336,78.2745361328125,1770300
2022-02-08,80.98999786376953,81.29000091552734,79.62000274658203,79.98999786376953,77.55703735351562,1844300
2022-02-09,81.05999755859375,81.9000015258789,80.45999908447266,81.80000305175781,79.3119888305664,2129500
2022-02-10,80.95999908447266,82.22000122070312,80.12000274658203,80.68000030517578,78.2260513305664,2113100
2022-02-11,80.68000030517578,81.37999725341797,79.25,80.11000061035156,77.67338562011719,2597000
2022-02-14,80.45999908447266,81.33000183105469,79.12999725341797,79.66999816894531,77.24676513671875,2205000
2022-02-15,80.26000213623047,81.31999969482422,79.83000183105469,81.16000366210938,78.69145202636719,2775700
2022-02-16,84.47000122070312,84.47000122070312,82.55999755859375,83.88999938964844,81.33841705322266,4564500
2022-02-17,83.19999694824219,83.87999725341797,81.41000366210938,82.13999938964844,79.64163970947266,3394100
2022-02-18,81.5999984741211,84.29000091552734,81.45999908447266,82.86000061035156,80.3397445678711,3612300
2022-02-22,82.73999786376953,83.41000366210938,81.97000122070312,82.95999908447266,80.43669891357422,3631800
2022-02-23,83.0999984741211,83.98999786376953,80.75,80.88999938964844,78.4296646118164,2212400
2022-02-24,79.36000061035156,82.31999969482422,78.94999694824219,82.0199966430664,79.52528381347656,2335400
2022-02-25,82.66999816894531,84.43000030517578,81.83999633789062,84.30999755859375,81.74563598632812,2241500
2022-02-28,82.61000061035156,84.33000183105469,82.41000366210938,83.29000091552734,81.34522247314453,4314300
2022-03-01,83.38999938964844,83.72000122070312,81.06999969482422,82.33999633789062,80.41738891601562,2044900
2022-03-02,82.94999694824219,85.20999908447266,82.9000015258789,84.3499984741211,82.38046264648438,2146800
2022-03-03,84.63999938964844,85.45999908447266,83.52999877929688,85.37000274658203,83.37665557861328,1840600
2022-03-04,84.4800033569336,87.23999786376953,84.4800033569336,87.08000183105469,85.04672241210938,2521700
2022-03-07,86.98999786376953,88.44999694824219,86.80999755859375,86.91999816894531,84.89045715332031,2089400
2022-03-08,86.9800033569336,89.47000122070312,86.2300033569336,88.33000183105469,86.26753234863281,2682700
2022-03-09,89.5,90.0999984741211,88.58000183105469,88.76000213623047,86.68749237060547,1768600
2022-03-10,88.0999984741211,90.44000244140625,87.30999755859375,90.44000244140625,88.32826232910156,2155200
2022-03-11,91.75,92.7699966430664,90.87000274658203,91.20999908447266,89.08029174804688,2790200
2022-03-14,91.79000091552734,92.83999633789062,90.93000030517578,90.97000122070312,88.84589385986328,2450900
2022-03-15,91.33999633789062,91.98999786376953,89.45999908447266,90.19999694824219,88.09386444091797,1306900
2022-03-16,90.77999877929688,91.77999877929688,88.72000122070312,90.70999908447266,88.59195709228516,2142900
2022-03-17,90.5199966430664,92.4800033569336,90.19000244140625,92.01000213623047,89.86161041259766,1938700
2022-03-18,91.6500015258789,92.80000305175781,91.33999633789062,92.16999816894531,90.01786804199219,3593700
2022-03-21,92.62000274658203,93.2300033569336,91.9800033569336,92.69999694824219,90.53549194335938,1602800
2022-03-22,93.30000305175781,94.61000061035156,92.41999816894531,92.62000274658203,90.45736694335938,2588100
2022-03-23,92.80000305175781,93.37999725341797,91.33000183105469,92.83000183105469,90.66246032714844,1759200
2022-03-24,92.80000305175781,94.77999877929688,92.2300033569336,94.66000366210938,92.44973754882812,2256900
2022-03-25,95.0,96.31999969482422,94.97000122070312,96.22000122070312,93.97330474853516,1488700
2022-03-28,96.52999877929688,96.61000061035156,95.6500015258789,96.26000213623047,94.01236724853516,1653200
2022-03-29,96.91000366210938,98.47000122070312,96.58999633789062,98.30999755859375,96.01449584960938,2635600
2022-03-30,97.79000091552734,98.25,96.83000183105469,97.86000061035156,95.57501983642578,1839200
2022-03-31,97.86000061035156,98.16000366210938,96.0999984741211,96.13999938964844,93.89517211914062,2689000
2022-04-01,97.0,97.8499984741211,96.62000274658203,97.81999969482422,95.53594970703125,1969800
2022-04-04,99.1500015258789,99.43000030517578,96.66000366210938,97.66999816894531,95.38945007324219,2186400
2022-04-05,97.16999816894531,98.26000213623047,95.13999938964844,95.69000244140625,93.4556884765625,1930300
2022-04-06,95.5,97.29000091552734,94.58000183105469,97.05999755859375,94.79368591308594,1997500
2022-04-07,96.75,97.05000305175781,95.3499984741211,96.29000091552734,94.04167175292969,1973000
2022-04-08,96.80999755859375,97.12000274658203,96.25,96.9800033569336,94.71556854248047,1275700
2022-04-11,97.13999938964844,97.6500015258789,96.12000274658203,96.37000274658203,94.11980438232422,1448200
2022-04-12,96.36000061035156,97.41999816894531,95.16000366210938,96.55999755859375,94.30536651611328,2048500
2022-04-13,97.0,97.5,95.94999694824219,96.9000015258789,94.6374282836914,1647900
2022-04-14,97.4000015258789,98.41999816894531,95.86000061035156,96.02999877929688,93.78773498535156,1697800
2022-04-18,95.83999633789062,96.62999725341797,95.56999969482422,96.48999786376953,94.23699951171875,2233400
2022-04-19,97.13999938964844,97.76000213623047,95.98999786376953,96.77999877929688,94.52023315429688,1575900
2022-04-20,96.62999725341797,98.1500015258789,96.38999938964844,97.51000213623047,95.23318481445312,2441800
2022-04-21,97.91999816894531,98.2699966430664,97.12999725341797,97.30000305175781,95.02809143066406,2477900
2022-04-22,96.37000274658203,96.83999633789062,94.7300033569336,94.94000244140625,92.72319030761719,1917600
2022-04-25,94.8499984741211,95.73999786376953,93.9000015258789,95.55999755859375,93.3287124633789,2366900
2022-04-26,95.29000091552734,96.38999938964844,94.7699966430664,95.26000213623047,93.03572845458984,1957400
2022-04-27,95.4800033569336,95.62000274658203,92.83999633789062,93.23999786376953,91.0628890991211,1910900
2022-04-28,93.20999908447266,94.6500015258789,92.62999725341797,94.44000244140625,92.23487091064453,1484000
2022-04-29,94.19999694824219,94.62000274658203,90.58999633789062,90.80999755859375,88.68962860107422,2480300
2022-05-02,91.37999725341797,92.33000183105469,88.58999633789062,90.12000274658203,88.01573944091797,2449200
2022-05-03,90.47000122070312,92.30999755859375,88.48999786376953,90.69000244140625,88.57243347167969,4185600
2022-05-04,90.23999786376953,90.7699966430664,87.91000366210938,90.22000122070312,88.1134033203125,2895900
2022-05-05,90.04000091552734,91.12999725341797,89.19999694824219,89.97000122070312,87.8692398071289,2418700
2022-05-06,88.81999969482422,89.12000274658203,87.22000122070312,88.43000030517578,86.36520385742188,2646700
2022-05-09,87.7699966430664,88.88999938964844,86.72000122070312,87.05999755859375,85.02718353271484,2632400
2022-05-10,87.80000305175781,88.19000244140625,85.0199966430664,85.80000305175781,83.7966079711914,3375000
2022-05-11,85.44999694824219,88.8499984741211,84.83999633789062,86.98999786376953,84.95882415771484,3329300
2022-05-12,87.13999938964844,87.16999816894531,85.55000305175781,87.08000183105469,85.04672241210938,2111600
2022-05-13,87.63999938964844,88.44999694824219,86.91999816894531,88.37000274658203,86.30660247802734,2224900
2022-05-16,88.7699966430664,89.20999908447266,88.30999755859375,88.8499984741211,86.775390625,1790800
2022-05-17,89.54000091552734,89.69999694824219,88.0999984741211,89.66000366210938,87.56647491455078,2502700
2022-05-18,90.37999725341797,90.69000244140625,87.83999633789062,88.22000122070312,86.16010284423828,2048600
2022-05-19,87.62000274658203,88.93000030517578,87.06999969482422,87.5199966430664,85.47644805908203,2132100
2022-05-20,88.83000183105469,89.12000274658203,86.94999694824219,88.11000061035156,86.05266571044922,2464100
2022-05-23,88.25,89.0,87.06999969482422,87.70999908447266,86.25919342041016,2151900
2022-05-24,87.55000305175781,88.43000030517578,85.68000030517578,88.41999816894531,86.95745086669922,2258100
2022-05-25,88.12000274658203,89.25,88.12000274658203,88.94999694824219,87.47867584228516,2051000
2022-05-26,89.72000122070312,90.18000030517578,88.31999969482422,88.58000183105469,87.11480712890625,1960400
2022-05-27,88.94000244140625,90.3499984741211,88.91000366210938,90.16999816894531,88.67850494384766,2133900
2022-05-31,89.25,89.68000030517578,88.66000366210938,89.08999633789062,87.61636352539062,7252500
2022-06-01,88.94999694824219,89.1500015258789,86.43000030517578,88.16000366210938,86.70175170898438,2352000
2022-06-02,87.87999725341797,88.95999908447266,86.27999877929688,88.87000274658203,87.40000915527344,1914900
2022-06-03,88.62000274658203,88.94999694824219,87.44999694824219,88.0,86.54440307617188,1538900
2022-06-06,88.70999908447266,88.70999908447266,86.80999755859375,87.13999938964844,85.69862365722656,1425500
2022-06-07,86.91000366210938,89.44999694824219,86.91000366210938,89.30000305175781,87.8228988647461,1899300
2022-06-08,88.93000030517578,89.08999633789062,85.66999816894531,85.9800033569336,84.55781555175781,1967800
2022-06-09,85.2699966430664,85.8499984741211,83.16999816894531,83.2300033569336,81.85330200195312,1956000
2022-06-10,82.41000366210938,83.2300033569336,81.70999908447266,82.06999969482422,80.71248626708984,2234800
2022-06-13,80.26000213623047,80.83000183105469,77.45999908447266,77.8499984741211,76.56228637695312,2500100
2022-06-14,77.80000305175781,78.61000061035156,76.77999877929688,77.44999694824219,76.16889953613281,2823000
2022-06-15,78.20999908447266,79.4800033569336,77.25,78.44999694824219,77.1523666381836,3573200
2022-06-16,77.41000366210938,78.86000061035156,76.62999725341797,77.69999694824219,76.41476440429688,2754800
2022-06-17,77.41999816894531,79.12999725341797,76.55999755859375,77.6500015258789,76.36559295654297,9174300
2022-06-21,78.05999755859375,80.55000305175781,78.05999755859375,78.68000030517578,77.3785629272461,2525700
2022-06-22,78.12999725341797,80.95999908447266,78.12999725341797,79.7699966430664,78.45052337646484,2282100
2022-06-23,80.25,82.08000183105469,79.54000091552734,81.70999908447266,80.35843658447266,2668100
2022-06-24,82.06999969482422,83.86000061035156,81.56999969482422,83.36000061035156,81.98115539550781,3299700
2022-06-27,83.11000061035156,84.66999816894531,82.4800033569336,83.16999816894531,81.7942886352539,1992600
2022-06-28,83.77999877929688,84.76000213623047,82.73999786376953,82.87999725341797,81.50908660888672,1454700
2022-06-29,82.68000030517578,83.69000244140625,82.68000030517578,83.2300033569336,81.85330200195312,1529400
2022-06-30,82.8499984741211,83.48999786376953,81.88999938964844,82.3499984741211,80.98785400390625,2500500
2022-07-01,81.94000244140625,83.41000366210938,81.52999877929688,83.20999908447266,81.83362579345703,1724900
2022-07-05,82.7300033569336,82.8499984741211,79.98999786376953,82.36000061035156,80.99768829345703,1819000
2022-07-06,82.7300033569336,83.45999908447266,81.63999938964844,81.66999816894531,80.31910705566406,1347400
2022-07-07,81.55999755859375,82.45999908447266,81.18000030517578,81.72000122070312,80.36827087402344,1439600
2022-07-08,81.75,82.73999786376953,81.47000122070312,82.11000061035156,80.75182342529297,1336900
2022-07-11,82.0199966430664,82.5999984741211,81.47000122070312,82.11000061035156,80.75182342529297,971000
2022-07-12,81.66999816894531,83.5199966430664,81.61000061035156,82.44000244140625,81.07637023925781,1467900
2022-07-13,81.54000091552734,82.19999694824219,80.81999969482422,81.91000366210938,80.55513000488281,2150400
2022-07-14,80.5,81.66000366210938,79.77999877929688,80.0999984741211,78.77507019042969,2771100
2022-07-15,81.19000244140625,81.4800033569336,80.20999908447266,81.22000122070312,79.87654876708984,2078600
2022-07-18,81.4800033569336,81.83000183105469,80.41000366210938,80.79000091552734,79.45365905761719,1586600
2022-07-19,81.18000030517578,82.30999755859375,80.69999694824219,82.12999725341797,80.771484375,2123200
2022-07-20,82.02999877929688,82.5999984741211,80.97000122070312,81.38999938964844,80.04373168945312,1551800
2022-07-21,81.05000305175781,81.33999633789062,79.22000122070312,81.33000183105469,79.98472595214844,1696000
2022-07-22,82.27999877929688,83.19999694824219,81.7699966430664,82.83000183105469,81.45991516113281,1686000
2022-07-25,82.55000305175781,84.19000244140625,82.12999725341797,84.12000274658203,82.72857666015625,1745800
2022-07-26,84.58999633789062,85.31999969482422,84.19000244140625,84.91999816894531,83.51534271240234,2263200
2022-07-27,84.68000030517578,85.62000274658203,84.11000061035156,84.52999877929688,83.13179016113281,1392900
2022-07-28,85.02999877929688,86.04000091552734,84.47000122070312,85.9800033569336,84.55781555175781,1561600
2022-07-29,86.0,86.83000183105469,85.41999816894531,86.33999633789062,84.91185760498047,3905700
2022-08-01,86.16000366210938,86.70999908447266,85.87000274658203,85.9800033569336,84.55781555175781,1322100
2022-08-02,85.83000183105469,86.33000183105469,83.5999984741211,83.66999816894531,82.28601837158203,1853700
2022-08-03,83.87000274658203,84.58000183105469,82.37999725341797,82.41000366210938,81.04686737060547,2280100
2022-08-04,82.5,82.5,80.4800033569336,81.0,79.66018676757812,2569700
2022-08-05,80.5,80.9800033569336,79.13999938964844,80.68000030517578,79.34547424316406,2911100
2022-08-08,81.6500015258789,82.41000366210938,81.25,81.5999984741211,80.25025939941406,2063600
2022-08-09,81.73999786376953,82.80000305175781,81.45999908447266,82.66000366210938,81.29273223876953,2889100
2022-08-10,82.55000305175781,83.48999786376953,80.81999969482422,83.30999755859375,81.93197631835938,2909100
2022-08-11,82.75,83.19000244140625,80.75,81.2300033569336,79.88638305664062,2985900
2022-08-12,81.9800033569336,82.79000091552734,81.66999816894531,82.69000244140625,81.32223510742188,1954800
2022-08-15,82.66999816894531,82.87999725341797,81.30000305175781,81.69000244140625,80.3387680053711,1249100
2022-08-16,81.5,81.58000183105469,80.2699966430664,80.66000366210938,79.32581329345703,1986300
2022-08-17,80.16000366210938,81.87999725341797,80.12000274658203,81.56999969482422,80.22075653076172,1922600
2022-08-18,81.58000183105469,81.9800033569336,79.47000122070312,80.0,78.67671966552734,2531300
2022-08-19,79.83999633789062,80.18000030517578,79.08000183105469,79.58000183105469,78.263671875,4554100
2022-08-22,78.77999877929688,79.41000366210938,78.12999725341797,79.13999938964844,78.4321517944336,2459300
2022-08-23,78.87999725341797,79.11000061035156,77.05999755859375,77.1500015258789,76.45995330810547,2562500
2022-08-24,76.97000122070312,78.19000244140625,76.91000366210938,77.51000213623047,76.81673431396484,2594200
2022-08-25,77.94000244140625,78.87000274658203,77.69999694824219,78.83999633789062,78.13482666015625,1845800
2022-08-26,78.9800033569336,78.9800033569336,77.26000213623047,77.33000183105469,76.63834381103516,1757200
2022-08-29,77.05999755859375,77.66999816894531,76.45999908447266,76.9000015258789,76.21218872070312,1868700
2022-08-30,76.94999694824219,77.51000213623047,75.95999908447266,76.11000061035156,75.42925262451172,2084100
2022-08-31,76.86000061035156,77.62000274658203,76.5,76.6500015258789,75.96442413330078,4030300
2022-09-01,76.2300033569336,76.62000274658203,75.80000305175781,76.58000183105469,75.89505004882812,2017500
2022-09-02,77.12000274658203,77.56999969482422,75.52999877929688,75.83000183105469,75.1517562866211,1679700
2022-09-06,76.43000030517578,77.0,75.54000091552734,76.27999877929688,75.59773254394531,1896300
2022-09-07,76.23999786376953,77.80999755859375,76.12000274658203,77.66999816894531,76.97529602050781,1435400
2022-09-08,77.2699966430664,78.19999694824219,76.26000213623047,76.37000274658203,75.68692779541016,2306400
2022-09-09,76.68000030517578,77.6500015258789,75.9800033569336,77.58999633789062,76.89601135253906,2547900
2022-09-12,78.05000305175781,79.27999877929688,77.9000015258789,78.26000213623047,77.56002044677734,2309900
2022-09-13,77.0,77.33999633789062,75.12999725341797,75.20999908447266,74.53730010986328,2490200
2022-09-14,74.61000061035156,75.18000030517578,72.62000274658203,73.9800033569336,73.31830596923828,3786900
2022-09-15,73.88999938964844,74.2300033569336,72.61000061035156,72.73999786376953,72.08939361572266,2928700
2022-09-16,72.55999755859375,72.95999908447266,70.55999755859375,72.81999969482422,72.1686782836914,7662000
2022-09-19,71.9800033569336,72.9800033569336,70.83999633789062,71.23999786376953,70.6028060913086,2818400
2022-09-20,70.37999725341797,70.68000030517578,69.12999725341797,69.55999755859375,68.93783569335938,2249500
2022-09-21,70.04000091552734,70.87000274658203,68.97000122070312,68.98999786376953,68.37293243408203,2023300
2022-09-22,68.70999908447266,68.83000183105469,67.23999786376953,68.25,67.63955688476562,1982600
2022-09-23,67.37000274658203,68.56999969482422,65.97000122070312,66.70999908447266,66.11332702636719,2723900
2022-09-26,66.41000366210938,66.47000122070312,64.5999984741211,65.7699966430664,65.18173217773438,3006000
2022-09-27,66.38999938964844,66.80000305175781,64.16999816894531,64.30999755859375,63.73479080200195,2467200
2022-09-28,64.9800033569336,65.93000030517578,64.04000091552734,65.41999816894531,64.8348617553711,1846500
2022-09-29,64.62999725341797,64.95999908447266,62.650001525878906,63.33000183105469,62.7635612487793,2844400
2022-09-30,63.70000076293945,64.66999816894531,62.959999084472656,64.31999969482422,63.74470520019531,3208500
2022-10-03,65.0999984741211,65.87000274658203,63.849998474121094,65.37999725341797,64.79521942138672,2560500
2022-10-04,65.36000061035156,66.33000183105469,63.400001525878906,64.37999725341797,63.80416488647461,4330900
2022-10-05,63.4900016784668,63.59000015258789,61.68000030517578,62.31999969482422,61.76259231567383,3007100
2022-10-06,61.97999954223633,62.18000030517578,59.56999969482422,59.7599983215332,59.225486755371094,2802100
2022-10-07,59.400001525878906,59.75,58.15999984741211,58.599998474121094,58.075862884521484,2773300
2022-10-10,58.150001525878906,58.58000183105469,57.36000061035156,57.369998931884766,56.85686492919922,3556200
2022-10-11,57.61000061035156,58.439998626708984,56.52000045776367,58.16999816894531,57.64971160888672,3054800
2022-10-12,57.91999816894531,58.310001373291016,56.91999816894531,57.90999984741211,57.39203643798828,2439500
2022-10-13,56.97999954223633,59.25,56.5,59.16999816894531,58.64076614379883,2623000
2022-10-14,59.900001525878906,59.900001525878906,57.7400016784668,57.84000015258789,57.322662353515625,2731200
2022-10-17,58.75,60.08000183105469,58.220001220703125,59.97999954223633,59.44352340698242,2579500
2022-10-18,60.810001373291016,61.54999923706055,60.029998779296875,60.66999816894531,60.127349853515625,2359900
2022-10-19,59.97999954223633,60.5099983215332,59.130001068115234,59.33000183105469,58.799339294433594,1709100
2022-10-20,59.31999969482422,59.90999984741211,58.599998474121094,58.97999954223633,58.45246505737305,1832500
2022-10-21,58.900001525878906,59.06999969482422,57.209999084472656,57.880001068115234,57.3623046875,5553000
2022-10-24,58.27000045776367,58.56999969482422,56.65999984741211,57.5099983215332,56.99561309814453,3645700
2022-10-25,57.810001373291016,60.41999816894531,57.810001373291016,60.36000061035156,59.820125579833984,2659900
2022-10-26,60.5099983215332,61.29999923706055,60.16999816894531,60.400001525878906,59.85976791381836,3869900
2022-10-27,60.95000076293945,61.65999984741211,59.66999816894531,59.939998626708984,59.40387725830078,2349300
2022-10-28,60.0099983215332,61.689998626708984,59.650001525878906,61.5,60.949928283691406,2167800
2022-10-31,60.810001373291016,61.91999816894531,60.65999984741211,61.040000915527344,60.494041442871094,2275500
2022-11-01,60.709999084472656,61.09000015258789,59.86000061035156,60.099998474121094,59.56244659423828,1806300
2022-11-02,60.099998474121094,60.72999954223633,58.810001373291016,58.86000061035156,58.33354187011719,2287800
2022-11-03,58.15999984741211,58.880001068115234,57.099998474121094,58.400001525878906,57.877655029296875,2578300
2022-11-04,58.900001525878906,61.41999816894531,58.720001220703125,60.95000076293945,60.40484619140625,3314900
2022-11-07,61.75,62.31999969482422,60.72999954223633,61.459999084472656,60.91028594970703,2523900
2022-11-08,65.37000274658203,68.54000091552734,64.83000183105469,66.51000213623047,65.91511535644531,5087400
2022-11-09,66.25,68.16000366210938,66.20999908447266,66.5,65.90520477294922,4330400
2022-11-10,68.16000366210938,70.94000244140625,68.1500015258789,70.05999755859375,69.43336486816406,4430100
2022-11-11,70.30999755859375,71.7300033569336,70.30999755859375,71.58000183105469,70.93977355957031,3011900
2022-11-14,70.98999786376953,71.56999969482422,70.13999938964844,70.29000091552734,69.66130828857422,2378400
2022-11-15,71.16000366210938,71.22000122070312,69.11000061035156,69.91000366210938,69.28470611572266,2800200
2022-11-16,69.76000213623047,69.83000183105469,67.94999694824219,68.19999694824219,67.58999633789062,2600100
2022-11-17,66.56999969482422,67.2300033569336,65.68000030517578,66.72000122070312,66.72000122070312,2407500
2022-11-18,67.8499984741211,67.9800033569336,66.55000305175781,67.77999877929688,67.77999877929688,3805000
2022-11-21,67.73999786376953,68.23999786376953,66.88999938964844,68.18000030517578,68.18000030517578,2266900
2022-11-22,68.18000030517578,69.0,67.87999725341797,68.8499984741211,68.8499984741211,1885700
2022-11-23,68.48999786376953,69.47000122070312,68.38999938964844,69.3499984741211,69.3499984741211,1577400
2022-11-25,69.44999694824219,69.7300033569336,68.98999786376953,69.52999877929688,69.52999877929688,956600
2022-11-28,69.19000244140625,69.83999633789062,66.29000091552734,66.63999938964844,66.63999938964844,3256700
2022-11-29,66.88999938964844,69.23999786376953,66.80999755859375,69.19999694824219,69.19999694824219,2401800
2022-11-30,69.0999984741211,71.52999877929688,68.62000274658203,71.02999877929688,71.02999877929688,9642500
2022-12-01,71.44999694824219,72.19999694824219,70.55999755859375,70.98999786376953,70.98999786376953,3345700
2022-12-02,70.38999938964844,71.52999877929688,69.66000366210938,71.08000183105469,71.08000183105469,2195100
2022-12-05,70.51000213623047,71.16999816894531,69.94999694824219,70.19000244140625,70.19000244140625,2978900
2022-12-06,70.5199966430664,70.5199966430664,67.93000030517578,68.19999694824219,68.19999694824219,3516500
2022-12-07,64.79000091552734,65.9800033569336,64.0199966430664,65.0,65.0,10394800
2022-12-08,65.19999694824219,66.66999816894531,65.02999877929688,65.69999694824219,65.69999694824219,3756800
2022-12-09,65.61000061035156,67.05999755859375,65.29000091552734,66.66999816894531,66.66999816894531,2779500
2022-12-12,66.69000244140625,66.88999938964844,64.98999786376953,65.7300033569336,65.7300033569336,3023800
2022-12-13,67.81999969482422,68.06999969482422,65.16999816894531,66.26000213623047,66.26000213623047,4433500
2022-12-14,66.20999908447266,68.58000183105469,65.98999786376953,67.3499984741211,67.3499984741211,3234400
2022-12-15,66.63999938964844,67.58999633789062,66.27999877929688,67.12000274658203,67.12000274658203,2512500
2022-12-16,66.05000305175781,66.55999755859375,63.58000183105469,64.31999969482422,64.31999969482422,8289900
2022-12-19,64.19000244140625,64.41999816894531,63.09000015258789,63.70000076293945,63.70000076293945,2413200
2022-12-20,63.0099983215332,63.93000030517578,62.619998931884766,63.54999923706055,63.54999923706055,2380600
2022-12-21,64.06999969482422,65.08999633789062,63.630001068115234,63.970001220703125,63.970001220703125,1777300
2022-12-22,63.16999816894531,64.56999969482422,63.0,64.52999877929688,64.52999877929688,1737900
2022-12-23,64.38999938964844,65.08000183105469,63.790000915527344,65.06999969482422,65.06999969482422,1148100
2022-12-27,65.05999755859375,66.3499984741211,64.91000366210938,65.94000244140625,65.94000244140625,1758000
2022-12-28,66.06999969482422,66.62000274658203,64.62999725341797,64.83999633789062,64.83999633789062,1648300
2022-12-29,65.47000122070312,66.23999786376953,64.75,65.83000183105469,65.83000183105469,1422000
2022-12-30,65.63999938964844,66.01000213623047,64.7699966430664,65.55000305175781,65.55000305175781,1189700
2023-01-03,66.51000213623047,67.18000030517578,65.4800033569336,66.94999694824219,66.94999694824219,3086400
2023-01-04,67.69000244140625,69.41000366210938,67.48999786376953,68.83999633789062,68.83999633789062,2263700
2023-01-05,68.11000061035156,68.62000274658203,66.69000244140625,67.38999938964844,67.38999938964844,1761800
2023-01-06,67.7300033569336,70.0,67.4000015258789,69.77999877929688,69.77999877929688,1685000
2023-01-09,70.08999633789062,70.30999755859375,69.1500015258789,69.2699966430664,69.2699966430664,2207200
2023-01-10,68.72000122070312,69.01000213623047,67.95999908447266,68.98999786376953,68.98999786376953,2091100
2023-01-11,69.5999984741211,71.98999786376953,69.52999877929688,71.83000183105469,71.83000183105469,2144700
2023-01-12,72.0,72.7300033569336,71.58000183105469,72.0999984741211,72.0999984741211,2403200
2023-01-13,71.55000305175781,71.94999694824219,70.83000183105469,71.1500015258789,71.1500015258789,1376800
