Date,Open,High,Low,Close,Adj Close,Volume
2022-01-18,57.720001220703125,58.11000061035156,56.5099983215332,56.689998626708984,55.38934326171875,41689600
2022-01-19,57.11000061035156,57.68000030517578,55.470001220703125,55.56999969482422,54.2950439453125,34970200
2022-01-20,55.720001220703125,56.380001068115234,54.90999984741211,55.0,53.738121032714844,26972800
2022-01-21,54.5,55.0,53.130001068115234,53.66999816894531,52.43863296508789,38357600
2022-01-24,52.72999954223633,53.4900016784668,51.18000030517578,53.31999969482422,52.0966682434082,48451400
2022-01-25,52.66999816894531,53.72999954223633,51.54999923706055,53.59000015258789,52.3604736328125,40858700
2022-01-26,53.90999984741211,54.91999816894531,53.43000030517578,54.13999938964844,52.89785385131836,39687100
2022-01-27,54.599998474121094,55.5099983215332,53.22999954223633,53.7599983215332,52.526573181152344,34209200
2022-01-28,53.61000061035156,54.220001220703125,52.77000045776367,54.189998626708984,52.94670486450195,35519700
2022-01-31,53.81999969482422,54.04999923706055,53.029998779296875,53.79999923706055,52.56565475463867,34657500
2022-02-01,54.720001220703125,55.810001373291016,53.9900016784668,55.599998474121094,54.32435607910156,35870200
2022-02-02,55.27000045776367,56.04999923706055,54.959999084472656,55.93000030517578,54.646785736083984,29037100
2022-02-03,55.84000015258789,56.290000915527344,54.72999954223633,55.16999816894531,54.14624786376953,25227400
2022-02-04,56.040000915527344,57.040000915527344,55.470001220703125,56.33000183105469,55.284725189208984,33622100
2022-02-07,56.40999984741211,57.88999938964844,55.90999984741211,57.33000183105469,56.266170501708984,37480100
2022-02-08,58.0,58.97999954223633,57.79999923706055,58.75,57.65981674194336,39099600
2022-02-09,58.70000076293945,59.380001068115234,58.34000015258789,59.060001373291016,57.96406555175781,25883100
2022-02-10,59.54999923706055,60.29999923706055,58.79999923706055,59.04999923706055,57.95425033569336,36092000
2022-02-11,58.52000045776367,60.2400016784668,57.90999984741211,58.310001373291016,57.22798538208008,38650500
2022-02-14,58.5099983215332,58.650001525878906,57.18000030517578,57.849998474121094,56.77651596069336,32680500
2022-02-15,59.119998931884766,59.31999969482422,58.09000015258789,58.380001068115234,57.29668426513672,18224600
2022-02-16,57.90999984741211,58.880001068115234,57.54999923706055,58.13999938964844,57.06113815307617,22057200
2022-02-17,57.150001525878906,57.529998779296875,55.7599983215332,56.150001525878906,55.10806655883789,24946500
2022-02-18,56.150001525878906,56.720001220703125,55.369998931884766,55.630001068115234,54.59771728515625,22137900
2022-02-22,55.56999969482422,56.119998931884766,54.70000076293945,55.279998779296875,54.254207611083984,26887800
2022-02-23,55.849998474121094,56.02000045776367,53.7599983215332,53.95000076293945,52.94888687133789,21860700
2022-02-24,51.7599983215332,52.83000183105469,50.68000030517578,52.709999084472656,51.731895446777344,40917600
2022-02-25,53.16999816894531,54.439998626708984,53.09000015258789,54.11000061035156,53.105918884277344,27493500
2022-02-28,52.630001068115234,53.400001525878906,52.209999084472656,53.369998931884766,52.3796501159668,31094800
2022-03-01,52.439998626708984,52.720001220703125,50.0099983215332,50.290000915527344,49.35680389404297,54135500
2022-03-02,51.31999969482422,52.81999969482422,51.0,52.220001220703125,51.2509880065918,34894300
2022-03-03,52.349998474121094,52.560001373291016,50.939998626708984,51.2400016784668,50.28917694091797,24159700
2022-03-04,50.040000915527344,50.060001373291016,48.18000030517578,48.790000915527344,47.884639739990234,35871600
2022-03-07,48.58000183105469,48.58000183105469,45.77000045776367,45.810001373291016,44.959938049316406,56332500
2022-03-08,46.68000030517578,48.20000076293945,46.349998474121094,46.459999084472656,45.59787368774414,60018100
2022-03-09,48.790000915527344,49.75,48.349998474121094,49.15999984741211,48.24777603149414,34560200
2022-03-10,48.2599983215332,49.56999969482422,47.849998474121094,49.0099983215332,48.10055160522461,26178800
2022-03-11,49.66999816894531,50.0,48.43000030517578,48.470001220703125,47.57057571411133,23707100
2022-03-14,49.65999984741211,50.380001068115234,49.29999923706055,49.86000061035156,48.934783935546875,28166600
2022-03-15,50.15999984741211,50.630001068115234,49.33000183105469,50.11000061035156,49.18014907836914,25080600
2022-03-16,51.04999923706055,52.220001220703125,50.72999954223633,51.599998474121094,50.642494201660156,34672800
2022-03-17,51.02000045776367,51.4900016784668,50.22999954223633,51.47999954223633,50.524723052978516,29930300
2022-03-18,50.849998474121094,51.540000915527344,50.040000915527344,51.41999816894531,50.4658317565918,60963400
2022-03-21,51.65999984741211,51.79999923706055,50.61000061035156,51.13999938964844,50.19103240966797,23411500
2022-03-22,52.40999984741211,54.20000076293945,52.29999923706055,53.38999938964844,52.3992805480957,28625600
2022-03-23,52.7599983215332,53.04999923706055,51.099998474121094,51.119998931884766,50.17140197753906,27988700
2022-03-24,51.709999084472656,51.81999969482422,50.90999984741211,51.33000183105469,50.37751007080078,19677800
2022-03-25,51.470001220703125,52.59000015258789,51.40999984741211,52.560001373291016,51.584686279296875,19130900
2022-03-28,52.029998779296875,52.11000061035156,50.779998779296875,51.810001373291016,50.848602294921875,24115400
2022-03-29,53.060001373291016,53.29999923706055,51.52000045776367,51.599998474121094,50.642494201660156,20915000
2022-03-30,51.529998779296875,51.68000030517578,49.790000915527344,50.11000061035156,49.18014907836914,30913800
2022-03-31,49.75,50.43000030517578,48.43000030517578,48.459999084472656,47.560760498046875,31238500
2022-04-01,49.25,49.470001220703125,47.83000183105469,48.709999084472656,47.806121826171875,29989900
2022-04-04,48.45000076293945,48.65999984741211,47.61000061035156,48.459999084472656,47.560760498046875,23778300
2022-04-05,47.90999984741211,48.900001525878906,47.77000045776367,48.119998931884766,47.22706985473633,21757300
2022-04-06,47.689998626708984,48.08000183105469,47.400001525878906,47.88999938964844,47.001338958740234,26001200
2022-04-07,48.15999984741211,48.29999923706055,46.58000183105469,47.7400016784668,46.8541259765625,29486500
2022-04-08,48.0,48.88999938964844,47.93000030517578,48.72999954223633,47.82575225830078,23659800
2022-04-11,48.939998626708984,50.189998626708984,48.91999816894531,49.33000183105469,48.41461944580078,27041000
2022-04-12,49.68000030517578,49.900001525878906,48.0,48.41999816894531,47.52149963378906,25791900
2022-04-13,47.540000915527344,48.619998931884766,47.45000076293945,48.540000915527344,47.639278411865234,20645300
2022-04-14,45.88999938964844,47.81999969482422,45.029998779296875,46.349998474121094,45.48991394042969,65583200
2022-04-18,46.220001220703125,47.58000183105469,46.150001525878906,47.16999816894531,46.29469680786133,26120900
2022-04-19,47.38999938964844,48.189998626708984,47.33000183105469,47.83000183105469,46.94245529174805,19753300
2022-04-20,48.47999954223633,49.369998931884766,48.31999969482422,48.650001525878906,47.74724197387695,25893000
2022-04-21,49.150001525878906,49.4900016784668,47.599998474121094,47.779998779296875,46.89338302612305,19027600
2022-04-22,47.689998626708984,47.91999816894531,46.2599983215332,46.34000015258789,45.4801025390625,21676800
2022-04-25,45.7599983215332,45.970001220703125,44.529998779296875,45.83000183105469,44.97956848144531,30045500
2022-04-26,45.15999984741211,46.0,44.560001373291016,44.58000183105469,43.75276565551758,21527400
2022-04-27,44.40999984741211,45.189998626708984,44.13999938964844,44.58000183105469,43.75276565551758,19520900
2022-04-28,45.040000915527344,45.310001373291016,44.310001373291016,45.16999816894531,44.331809997558594,17431000
2022-04-29,45.040000915527344,45.400001525878906,43.5099983215332,43.630001068115234,42.82039260864258,27149400
2022-05-02,43.869998931884766,44.040000915527344,42.61000061035156,43.66999816894531,42.85964584350586,25009300
2022-05-03,43.900001525878906,44.63999938964844,43.65999984741211,44.15999984741211,43.340553283691406,21545300
2022-05-04,44.310001373291016,46.130001068115234,44.18000030517578,45.97999954223633,45.12678146362305,29468000
2022-05-05,45.0,45.060001373291016,43.45000076293945,44.7599983215332,44.16957473754883,29978600
2022-05-06,44.61000061035156,44.880001068115234,43.52000045776367,44.54999923706055,43.962345123291016,27035300
2022-05-09,43.970001220703125,44.540000915527344,43.22999954223633,43.959999084472656,43.380126953125,27132700
2022-05-10,44.38999938964844,44.709999084472656,42.189998626708984,43.08000183105469,42.51173782348633,25276100
2022-05-11,43.11000061035156,44.5099983215332,42.4900016784668,42.56999969482422,42.00846481323242,25291600
2022-05-12,42.22999954223633,42.40999984741211,40.91999816894531,41.810001373291016,41.25849151611328,30171700
2022-05-13,42.45000076293945,43.189998626708984,42.279998779296875,42.63999938964844,42.077537536621094,21253200
2022-05-16,42.400001525878906,42.66999816894531,41.70000076293945,42.209999084472656,41.65321350097656,16837400
2022-05-17,42.9900016784668,43.81999969482422,42.959999084472656,43.709999084472656,43.133426666259766,23340500
2022-05-18,43.290000915527344,43.310001373291016,41.88999938964844,42.11000061035156,41.55453109741211,27351300
2022-05-19,41.70000076293945,42.310001373291016,41.56999969482422,42.0,41.44598388671875,25211900
2022-05-20,42.5099983215332,42.790000915527344,40.7400016784668,41.66999816894531,41.12033462524414,35410400
2022-05-23,42.72999954223633,44.31999969482422,42.72999954223633,43.81999969482422,43.241973876953125,27979100
2022-05-24,43.689998626708984,43.77000045776367,42.63999938964844,43.290000915527344,42.71896743774414,23996000
2022-05-25,43.09000015258789,44.459999084472656,43.029998779296875,44.119998931884766,43.538021087646484,22343900
2022-05-26,44.83000183105469,45.7599983215332,44.75,45.599998474121094,44.998497009277344,23502500
2022-05-27,45.70000076293945,46.04999923706055,45.45000076293945,45.88999938964844,45.284671783447266,19482600
2022-05-31,45.34000015258789,46.27000045776367,45.0,45.77000045776367,45.166255950927734,40727400
2022-06-01,45.959999084472656,46.06999969482422,44.400001525878906,45.15999984741211,44.564300537109375,20417900
2022-06-02,45.119998931884766,45.43000030517578,44.5099983215332,45.33000183105469,44.732059478759766,14633300
2022-06-03,44.83000183105469,45.33000183105469,44.61000061035156,44.81999969482422,44.228782653808594,12572400
2022-06-06,45.34000015258789,45.88999938964844,44.959999084472656,45.119998931884766,44.52482604980469,11867200
2022-06-07,44.7599983215332,45.540000915527344,44.630001068115234,45.470001220703125,44.87021255493164,13281600
2022-06-08,44.880001068115234,45.06999969482422,44.22999954223633,44.630001068115234,44.04129409790039,12364400
2022-06-09,44.58000183105469,44.630001068115234,42.63999938964844,42.66999816894531,42.10714340209961,20142400
2022-06-10,41.029998779296875,41.439998626708984,40.02000045776367,40.08000183105469,39.55131149291992,27619300
2022-06-13,38.97999954223633,39.68000030517578,38.77000045776367,38.9900016784668,38.47569274902344,27553800
2022-06-14,38.77000045776367,39.29999923706055,37.0099983215332,37.43000030517578,36.9362678527832,36817600
2022-06-15,38.0,38.65999984741211,37.33000183105469,38.16999816894531,37.66650390625,31358100
2022-06-16,37.36000061035156,37.72999954223633,36.540000915527344,37.650001525878906,37.15336608886719,37991500
2022-06-17,37.83000183105469,38.970001220703125,37.5,38.47999954223633,37.972412109375,59114300
2022-06-21,39.86000061035156,39.939998626708984,38.869998931884766,38.9900016784668,38.47569274902344,24884700
2022-06-22,38.38999938964844,39.06999969482422,38.310001373291016,38.599998474121094,38.09082794189453,18631700
2022-06-23,38.060001373291016,38.36000061035156,37.150001525878906,37.900001525878906,37.40007019042969,23143800
2022-06-24,38.68000030517578,41.099998474121094,38.5099983215332,40.7599983215332,40.22233963012695,39407700
2022-06-27,40.84000015258789,40.9900016784668,39.900001525878906,40.2400016784668,39.70920181274414,16996800
2022-06-28,40.970001220703125,41.560001373291016,40.08000183105469,40.18000030517578,39.64999008178711,18136600
2022-06-29,40.27000045776367,40.529998779296875,39.54999923706055,39.709999084472656,39.18619155883789,15778700
2022-06-30,39.06999969482422,39.709999084472656,38.279998779296875,39.16999816894531,38.65331268310547,20425700
2022-07-01,38.720001220703125,40.08000183105469,38.459999084472656,39.91999816894531,39.39341735839844,15333900
2022-07-05,39.0,40.119998931884766,38.5099983215332,40.099998474121094,39.571044921875,19144500
2022-07-06,39.61000061035156,40.029998779296875,38.91999816894531,39.5,38.97896194458008,17014100
2022-07-07,40.209999084472656,40.4900016784668,39.72999954223633,40.119998931884766,39.590782165527344,21060400
2022-07-08,40.29999923706055,40.70000076293945,39.86000061035156,40.18000030517578,39.64999008178711,14437500
2022-07-11,39.66999816894531,40.0099983215332,39.2400016784668,39.790000915527344,39.26513671875,13111600
2022-07-12,39.08000183105469,40.470001220703125,39.0099983215332,39.599998474121094,39.077640533447266,15127300
2022-07-13,39.08000183105469,39.349998474121094,38.40999984741211,39.06999969482422,38.554630279541016,14116800
2022-07-14,38.09000015258789,38.75,37.43000030517578,38.7400016784668,38.22898864746094,24355300
2022-07-15,39.400001525878906,41.810001373291016,39.22999954223633,41.130001068115234,40.587459564208984,40328300
2022-07-18,41.93000030517578,42.790000915527344,41.02000045776367,41.189998626708984,40.64666748046875,17991300
2022-07-19,41.880001068115234,43.06999969482422,41.75,42.900001525878906,42.33411407470703,25724200
2022-07-20,42.540000915527344,43.029998779296875,42.36000061035156,42.720001220703125,42.15648651123047,19111200
2022-07-21,42.47999954223633,43.369998931884766,42.279998779296875,43.279998779296875,42.70909881591797,17809000
2022-07-22,43.16999816894531,43.529998779296875,42.689998626708984,43.16999816894531,42.600547790527344,15965400
2022-07-25,43.529998779296875,43.90999984741211,43.209999084472656,43.5,42.92619705200195,20297900
2022-07-26,43.11000061035156,43.68000030517578,42.810001373291016,42.900001525878906,42.33411407470703,15446700
2022-07-27,42.97999954223633,43.970001220703125,42.689998626708984,43.709999084472656,43.133426666259766,19498400
2022-07-28,43.54999923706055,43.83000183105469,42.709999084472656,43.31999969482422,42.74856948852539,14527300
2022-07-29,43.310001373291016,44.349998474121094,43.310001373291016,43.869998931884766,43.291316986083984,17512700
2022-08-01,43.439998626708984,44.15999984741211,43.15999984741211,43.540000915527344,42.96567153930664,13668300
2022-08-02,43.4900016784668,43.540000915527344,42.86000061035156,42.880001068115234,42.31437301635742,17764000
2022-08-03,43.38999938964844,44.56999969482422,43.25,43.88999938964844,43.31105422973633,17359500
2022-08-04,43.5,43.599998474121094,42.63999938964844,42.77000045776367,42.496299743652344,15062800
2022-08-05,42.58000183105469,44.29999923706055,42.529998779296875,43.7599983215332,43.47996520996094,16021000
2022-08-08,43.970001220703125,44.189998626708984,43.130001068115234,43.189998626708984,42.913612365722656,12879700
2022-08-09,43.220001220703125,43.790000915527344,42.9900016784668,43.400001525878906,43.12226867675781,10489500
2022-08-10,44.040000915527344,44.70000076293945,44.040000915527344,44.33000183105469,44.04631805419922,14037600
2022-08-11,45.0,45.61000061035156,44.88999938964844,45.25,44.96043014526367,14038800
2022-08-12,45.52000045776367,45.959999084472656,45.189998626708984,45.939998626708984,45.64601135253906,10706000
2022-08-15,45.40999984741211,45.81999969482422,44.90999984741211,45.75,45.45722961425781,11070300
2022-08-16,45.58000183105469,46.31999969482422,45.349998474121094,46.060001373291016,45.7652473449707,12234100
2022-08-17,45.720001220703125,46.310001373291016,45.54999923706055,46.13999938964844,45.84473419189453,13151700
2022-08-18,46.13999938964844,46.20000076293945,45.7599983215332,46.13999938964844,45.84473419189453,7885900
2022-08-19,45.900001525878906,46.02000045776367,45.040000915527344,45.349998474121094,45.05978775024414,13142900
2022-08-22,44.599998474121094,44.7400016784668,44.119998931884766,44.40999984741211,44.12580490112305,12391400
2022-08-23,44.459999084472656,44.959999084472656,44.279998779296875,44.369998931884766,44.0860595703125,10475100
2022-08-24,44.33000183105469,44.70000076293945,44.02000045776367,44.63999938964844,44.354331970214844,11706700
2022-08-25,44.790000915527344,45.52000045776367,44.43000030517578,45.38999938964844,45.09953308105469,11783200
2022-08-26,45.58000183105469,45.720001220703125,43.939998626708984,43.970001220703125,43.688621520996094,13405200
2022-08-29,43.79999923706055,44.31999969482422,43.58000183105469,43.91999816894531,43.638938903808594,12504900
2022-08-30,44.2599983215332,44.439998626708984,43.54999923706055,44.13999938964844,43.8575325012207,14365000
2022-08-31,44.279998779296875,44.59000015258789,43.61000061035156,43.709999084472656,43.43028259277344,22609100
2022-09-01,43.65999984741211,43.7400016784668,42.79999923706055,43.70000076293945,43.42034912109375,13173000
2022-09-02,44.29999923706055,44.79999923706055,43.16999816894531,43.380001068115234,43.10239791870117,13025900
2022-09-06,43.709999084472656,43.880001068115234,42.36000061035156,42.880001068115234,42.60559844970703,14708700
2022-09-07,42.540000915527344,43.90999984741211,42.25,43.84000015258789,43.559452056884766,19475800
2022-09-08,43.619998931884766,45.2599983215332,43.34000015258789,45.22999954223633,44.94055938720703,18500300
2022-09-09,45.5099983215332,45.810001373291016,45.25,45.33000183105469,45.039920806884766,12875500
2022-09-12,45.68000030517578,46.13999938964844,45.2599983215332,45.529998779296875,45.2386360168457,12127900
2022-09-13,44.349998474121094,44.529998779296875,43.040000915527344,43.220001220703125,42.94342041015625,21124900
2022-09-14,43.25,43.61000061035156,42.25,43.279998779296875,43.00303649902344,15067800
2022-09-15,43.400001525878906,44.689998626708984,43.349998474121094,44.13999938964844,43.8575325012207,13173200
2022-09-16,43.70000076293945,44.060001373291016,43.33000183105469,43.939998626708984,43.6588134765625,21238800
2022-09-19,43.43000030517578,44.61000061035156,43.40999984741211,44.31999969482422,44.036380767822266,11324100
2022-09-20,43.88999938964844,44.290000915527344,43.09000015258789,43.40999984741211,43.132205963134766,19503900
2022-09-21,43.65999984741211,43.810001373291016,42.2400016784668,42.27000045776367,41.9995002746582,19207100
2022-09-22,42.4900016784668,42.5099983215332,41.439998626708984,41.52000045776367,41.25429916381836,15499000
2022-09-23,40.81999969482422,40.97999954223633,39.70000076293945,40.40999984741211,40.15140151977539,23316200
2022-09-26,40.13999938964844,40.540000915527344,39.34000015258789,40.0099983215332,39.75395965576172,21420000
2022-09-27,40.209999084472656,40.59000015258789,39.40999984741211,40.029998779296875,39.773834228515625,17541400
2022-09-28,39.900001525878906,41.060001373291016,39.900001525878906,40.810001373291016,40.54884338378906,16033500
2022-09-29,40.15999984741211,40.689998626708984,39.77000045776367,40.5,40.24082565307617,14811300
2022-09-30,40.63999938964844,41.13999938964844,40.18000030517578,40.220001220703125,39.96261978149414,21182200
2022-10-03,41.290000915527344,41.79999923706055,40.63999938964844,41.58000183105469,41.31391906738281,16827600
2022-10-04,42.15999984741211,43.59000015258789,42.15999984741211,43.540000915527344,43.261375427246094,18601300
2022-10-05,42.83000183105469,43.540000915527344,42.560001373291016,43.310001373291016,43.03284454345703,15873400
2022-10-06,42.869998931884766,43.13999938964844,42.209999084472656,42.2400016784668,41.96969223022461,15634800
2022-10-07,42.029998779296875,42.119998931884766,41.38999938964844,41.790000915527344,41.5225715637207,17186700
2022-10-10,41.939998626708984,42.11000061035156,41.150001525878906,41.45000076293945,41.184749603271484,10973700
2022-10-11,41.220001220703125,41.31999969482422,40.060001373291016,40.22999954223633,39.97255325317383,19135900
2022-10-12,40.2400016784668,41.220001220703125,39.959999084472656,40.5099983215332,40.250762939453125,16469900
2022-10-13,39.75,42.66999816894531,39.75,42.380001068115234,42.10879898071289,23808700
2022-10-14,43.79999923706055,44.93000030517578,43.130001068115234,43.16999816894531,42.89373779296875,33954200
2022-10-17,44.65999984741211,45.189998626708984,43.88999938964844,43.959999084472656,43.67868423461914,24507000
2022-10-18,45.11000061035156,45.29999923706055,43.81999969482422,44.66999816894531,44.38414001464844,24810400
2022-10-19,44.18000030517578,44.52000045776367,43.29999923706055,43.619998931884766,43.340858459472656,17876800
2022-10-20,43.68000030517578,44.43000030517578,43.5,43.650001525878906,43.370670318603516,17572700
2022-10-21,43.63999938964844,44.880001068115234,43.56999969482422,44.83000183105469,44.543121337890625,18632800
2022-10-24,44.95000076293945,45.529998779296875,44.83000183105469,45.20000076293945,44.91075134277344,16154300
2022-10-25,44.779998779296875,45.599998474121094,44.369998931884766,45.369998931884766,45.07966232299805,16362200
2022-10-26,45.65999984741211,46.209999084472656,45.470001220703125,45.70000076293945,45.40755081176758,15010800
2022-10-27,46.02000045776367,46.4900016784668,45.54999923706055,45.650001525878906,45.357872009277344,14655500
2022-10-28,45.90999984741211,46.4900016784668,45.470001220703125,46.349998474121094,46.05339050292969,14990400
2022-10-31,46.13999938964844,46.52000045776367,45.97999954223633,45.9900016784668,45.69569778442383,14000000
2022-11-01,46.58000183105469,47.060001373291016,46.2599983215332,46.95000076293945,46.64955139160156,22409100
2022-11-02,46.880001068115234,47.54999923706055,46.4900016784668,46.880001068115234,46.58000183105469,29246700
2022-11-03,46.20000076293945,46.20000076293945,45.40999984741211,45.540000915527344,45.540000915527344,17140100
2022-11-04,46.33000183105469,46.90999984741211,45.900001525878906,46.7400016784668,46.7400016784668,27082500
2022-11-07,47.130001068115234,47.81999969482422,46.810001373291016,47.06999969482422,47.06999969482422,17713300
2022-11-08,47.25,47.470001220703125,46.720001220703125,47.18000030517578,47.18000030517578,14842700
2022-11-09,46.79999923706055,47.0,45.95000076293945,45.970001220703125,45.970001220703125,18318700
2022-11-10,47.02000045776367,48.11000061035156,46.93000030517578,47.95000076293945,47.95000076293945,23091900
2022-11-11,48.099998474121094,48.36000061035156,47.33000183105469,47.54999923706055,47.54999923706055,18076600
2022-11-14,47.20000076293945,47.56999969482422,46.869998931884766,46.869998931884766,46.869998931884766,13929900
2022-11-15,47.380001068115234,47.5099983215332,46.2400016784668,46.709999084472656,46.709999084472656,19076000
2022-11-16,46.66999816894531,46.849998474121094,46.029998779296875,46.209999084472656,46.209999084472656,14713300
2022-11-17,45.720001220703125,46.16999816894531,45.470001220703125,45.9900016784668,45.9900016784668,11350900
2022-11-18,46.720001220703125,46.77000045776367,45.970001220703125,46.5,46.5,10515300
2022-11-21,46.380001068115234,47.09000015258789,46.380001068115234,46.84000015258789,46.84000015258789,11656800
2022-11-22,47.130001068115234,47.400001525878906,46.90999984741211,47.11000061035156,47.11000061035156,11684900
2022-11-23,47.119998931884766,47.5,46.9900016784668,47.33000183105469,47.33000183105469,10878500
2022-11-25,47.36000061035156,47.63999938964844,47.02000045776367,47.439998626708984,47.439998626708984,4913300
2022-11-28,47.119998931884766,47.75,46.91999816894531,46.97999954223633,46.97999954223633,12492600
2022-11-29,47.18000030517578,47.650001525878906,47.040000915527344,47.56999969482422,47.56999969482422,13344900
2022-11-30,47.31999969482422,47.95000076293945,46.13999938964844,47.95000076293945,47.95000076293945,26417000
2022-12-01,47.93000030517578,48.18000030517578,46.459999084472656,46.869998931884766,46.869998931884766,15980300
2022-12-02,46.38999938964844,46.52000045776367,44.880001068115234,45.939998626708984,45.939998626708984,29820400
2022-12-05,45.70000076293945,45.880001068115234,43.619998931884766,43.65999984741211,43.65999984741211,32574600
2022-12-06,43.68000030517578,43.849998474121094,42.65999984741211,43.400001525878906,43.400001525878906,25961400
2022-12-07,43.09000015258789,43.34000015258789,42.439998626708984,42.45000076293945,42.45000076293945,24114900
2022-12-08,42.709999084472656,42.88999938964844,42.11000061035156,42.58000183105469,42.58000183105469,17161400
2022-12-09,42.33000183105469,42.91999816894531,42.31999969482422,42.5,42.5,16023700
2022-12-12,42.599998474121094,42.93000030517578,42.11000061035156,42.86000061035156,42.86000061035156,18428900
2022-12-13,43.880001068115234,44.08000183105469,42.11000061035156,42.619998931884766,42.619998931884766,31496000
2022-12-14,42.59000015258789,43.22999954223633,41.95000076293945,42.18000030517578,42.18000030517578,22044400
2022-12-15,41.41999816894531,41.709999084472656,41.0099983215332,41.369998931884766,41.369998931884766,16766600
2022-12-16,41.029998779296875,41.45000076293945,40.849998474121094,41.189998626708984,41.189998626708984,29836200
2022-12-19,41.34000015258789,41.90999984741211,41.11000061035156,41.81999969482422,41.81999969482422,17454200
2022-12-20,41.290000915527344,42.560001373291016,40.970001220703125,40.97999954223633,40.97999954223633,25415400
2022-12-21,41.36000061035156,41.63999938964844,40.91999816894531,41.119998931884766,41.119998931884766,20170800
2022-12-22,40.709999084472656,40.7400016784668,40.02000045776367,40.68000030517578,40.68000030517578,17382700
2022-12-23,40.689998626708984,41.0,40.45000076293945,40.97999954223633,40.97999954223633,10167500
2022-12-27,41.0099983215332,41.13999938964844,40.61000061035156,41.040000915527344,41.040000915527344,10297400
2022-12-28,40.939998626708984,41.380001068115234,40.86000061035156,41.119998931884766,41.119998931884766,11889400
2022-12-29,41.150001525878906,41.400001525878906,41.060001373291016,41.33000183105469,41.33000183105469,11597100
2022-12-30,41.11000061035156,41.43000030517578,40.9900016784668,41.290000915527344,41.290000915527344,10019400
2023-01-03,41.61000061035156,42.13999938964844,41.45000076293945,41.790000915527344,41.790000915527344,15944300
2023-01-04,42.2599983215332,43.060001373291016,42.22999954223633,42.650001525878906,42.650001525878906,18943600
2023-01-05,42.58000183105469,42.630001068115234,41.93000030517578,42.41999816894531,42.41999816894531,12380700
2023-01-06,42.59000015258789,43.0,42.099998474121094,42.79999923706055,42.79999923706055,15234500
2023-01-09,43.119998931884766,43.130001068115234,42.15999984741211,42.38999938964844,42.38999938964844,21225600
2023-01-10,42.66999816894531,42.880001068115234,42.02000045776367,42.36000061035156,42.36000061035156,18348800
2023-01-11,42.380001068115234,42.83000183105469,42.02000045776367,42.7400016784668,42.7400016784668,18272100
2023-01-12,43.04999923706055,43.54999923706055,42.79999923706055,42.83000183105469,42.83000183105469,20940400
2023-01-13,41.380001068115234,44.36000061035156,40.459999084472656,44.220001220703125,44.220001220703125,41645300
