Date,Open,High,Low,Close,Adj Close,Volume
2022-01-18,56.84000015258789,56.99333190917969,56.099998474121094,56.48666763305664,55.344825744628906,822300
2022-01-19,56.64666748046875,56.733333587646484,54.99333190917969,55.02000045776367,53.907806396484375,667950
2022-01-20,55.133331298828125,56.96666717529297,55.133331298828125,55.53333282470703,54.410762786865234,1139850
2022-01-21,55.560001373291016,56.16666793823242,54.926666259765625,55.026668548583984,53.91434097290039,1138350
2022-01-24,54.56666564941406,55.7599983215332,53.34000015258789,55.573333740234375,54.449954986572266,1432950
2022-01-25,54.733333587646484,55.59333419799805,53.77333450317383,54.97999954223633,53.86861801147461,1529700
2022-01-26,55.0,55.78666687011719,54.12666702270508,54.90666580200195,53.7967643737793,1303800
2022-01-27,55.30666732788086,56.400001525878906,54.16666793823242,54.22666549682617,53.13051223754883,1325850
2022-01-28,55.33333206176758,57.28666687011719,55.01333236694336,56.439998626708984,55.299102783203125,3494100
2022-01-31,55.8466682434082,56.619998931884766,55.72666549682617,56.33333206176758,55.1945915222168,3661500
2022-02-01,56.09333419799805,57.540000915527344,56.09333419799805,57.19333267211914,56.037208557128906,2032050
2022-02-02,57.233333587646484,58.70000076293945,57.15999984741211,58.50666809082031,57.32399368286133,2327700
2022-02-03,59.08000183105469,59.586666107177734,58.69333267211914,59.293331146240234,58.09475326538086,1801950
2022-02-04,59.19333267211914,60.279998779296875,59.073333740234375,59.84000015258789,58.630374908447266,1753200
2022-02-07,60.01333236694336,61.00666809082031,59.87333297729492,60.540000915527344,59.31622314453125,1550850
2022-02-08,60.88666534423828,62.01333236694336,60.599998474121094,61.866668701171875,60.6160774230957,1788750
2022-02-09,62.11333465576172,62.526668548583984,61.473331451416016,61.746665954589844,60.498497009277344,1452900
2022-02-10,61.400001525878906,62.060001373291016,60.7400016784668,61.293331146240234,60.05432891845703,1587900
2022-02-11,60.97999954223633,61.28666687011719,59.79999923706055,59.97999954223633,58.76754379272461,1620150
2022-02-14,60.01333236694336,60.20000076293945,58.959999084472656,59.65999984741211,58.45401382446289,1604400
2022-02-15,60.27333450317383,60.81999969482422,59.746665954589844,60.073333740234375,58.85898971557617,954450
2022-02-16,59.779998779296875,60.77333450317383,59.779998779296875,60.633331298828125,59.40767288208008,1195050
2022-02-17,60.313331604003906,60.313331604003906,59.206668853759766,59.84000015258789,58.630374908447266,714150
2022-02-18,59.6533317565918,60.439998626708984,59.540000915527344,60.313331604003906,59.094139099121094,995550
2022-02-22,60.32666778564453,61.026668548583984,59.67333221435547,60.293331146240234,59.07454299926758,1165500
2022-02-23,60.87333297729492,60.88666534423828,59.526668548583984,59.56666564941406,58.36256790161133,1115550
2022-02-24,58.14666748046875,58.573333740234375,56.95333480834961,58.43333435058594,57.25214385986328,1369650
2022-02-25,58.81999969482422,60.86000061035156,58.81999969482422,60.793331146240234,59.56443786621094,831300
2022-02-28,59.099998474121094,60.46666717529297,59.040000915527344,60.20000076293945,58.98310089111328,1143300
2022-03-01,59.8466682434082,60.106666564941406,58.33333206176758,58.78666687011719,57.59833526611328,913350
2022-03-02,59.266666412353516,60.7400016784668,59.266666412353516,60.36000061035156,59.139862060546875,861150
2022-03-03,60.526668548583984,61.073333740234375,59.866668701171875,60.246665954589844,59.02882385253906,978600
2022-03-04,59.186668395996094,60.073333740234375,58.69333267211914,60.060001373291016,58.84593200683594,957750
2022-03-07,59.400001525878906,59.880001068115234,58.87333297729492,59.266666412353516,58.06863021850586,988650
2022-03-08,59.64666748046875,61.2400016784668,59.02000045776367,59.48666763305664,58.36954116821289,1369950
2022-03-09,61.02000045776367,61.70000076293945,60.31999969482422,61.119998931884766,59.972198486328125,1815150
2022-03-10,60.47999954223633,62.06666564941406,60.41999816894531,61.87333297729492,60.711387634277344,1107600
2022-03-11,62.1533317565918,63.5,62.13999938964844,62.93333435058594,61.75148391723633,1303800
2022-03-14,63.68000030517578,64.3066635131836,62.13999938964844,62.45333480834961,61.280494689941406,1420800
2022-03-15,63.13999938964844,63.59333419799805,62.540000915527344,63.33333206176758,62.14396667480469,1605000
2022-03-16,63.733333587646484,63.766666412353516,61.866668701171875,62.69333267211914,61.515987396240234,1653150
2022-03-17,62.253334045410156,63.5,61.900001525878906,63.49333190917969,62.300960540771484,1206300
2022-03-18,63.459999084472656,64.0999984741211,62.5533332824707,64.0,62.79811477661133,2100450
2022-03-21,64.83333587646484,65.41999816894531,64.17333221435547,65.3133316040039,64.08678436279297,1010700
2022-03-22,65.71333312988281,66.32666778564453,65.17333221435547,65.88666534423828,64.64936065673828,1216650
2022-03-23,65.74666595458984,66.45333099365234,65.23999786376953,65.30000305175781,64.07369995117188,939600
2022-03-24,64.63999938964844,65.79000091552734,64.5,65.33999633789062,64.11294555664062,1411200
2022-03-25,65.5199966430664,66.12000274658203,65.33000183105469,65.9800033569336,64.74093627929688,1258700
2022-03-28,66.0,66.33999633789062,65.66999816894531,66.26000213623047,65.01567840576172,973400
2022-03-29,66.61000061035156,67.0,66.06999969482422,66.75,65.49646759033203,1947200
2022-03-30,66.86000061035156,67.12999725341797,66.5,67.08000183105469,65.82027435302734,1329300
2022-03-31,67.0,67.52999877929688,66.37000274658203,66.58999633789062,65.3394775390625,2608600
2022-04-01,66.91999816894531,67.58000183105469,66.69000244140625,67.30999755859375,66.04595184326172,1065200
2022-04-04,67.16000366210938,67.16000366210938,65.55999755859375,65.95999908447266,64.72130584716797,1306100
2022-04-05,65.91000366210938,67.0199966430664,65.91000366210938,66.41999816894531,65.17266082763672,1408900
2022-04-06,66.4000015258789,67.31999969482422,66.30999755859375,66.80000305175781,65.54553985595703,1088000
2022-04-07,66.8499984741211,67.52999877929688,66.37000274658203,67.2699966430664,66.00669860839844,1067700
2022-04-08,67.81999969482422,68.16000366210938,67.31999969482422,67.69999694824219,66.42862701416016,1245000
2022-04-11,67.75,68.47000122070312,67.33000183105469,67.45999908447266,66.1931381225586,1035700
2022-04-12,67.66000366210938,68.94000244140625,67.45999908447266,68.5199966430664,67.23323059082031,1628200
2022-04-13,68.2300033569336,68.87999725341797,67.52999877929688,68.33000183105469,67.04680633544922,1364700
2022-04-14,68.31999969482422,68.63999938964844,67.87999725341797,68.22000122070312,66.9388656616211,5454600
2022-04-18,67.69999694824219,69.44999694824219,67.61000061035156,69.43000030517578,68.12614440917969,1788900
2022-04-19,69.45999908447266,69.68000030517578,68.63999938964844,69.19999694824219,67.90045928955078,1705800
2022-04-20,69.62999725341797,71.2699966430664,69.44000244140625,71.05000305175781,69.71572875976562,1318000
2022-04-21,71.23999786376953,71.52999877929688,69.33999633789062,69.5199966430664,68.21444702148438,1846600
2022-04-22,69.37000274658203,69.37000274658203,67.91000366210938,67.97000122070312,66.69355773925781,1302100
2022-04-25,67.66000366210938,68.0,66.54000091552734,67.9000015258789,66.6248779296875,2557200
2022-04-26,68.30000305175781,69.54000091552734,66.93000030517578,67.29000091552734,66.02632904052734,2160400
2022-04-27,67.58999633789062,69.06999969482422,67.0999984741211,68.1500015258789,66.87017822265625,2211100
2022-04-28,68.56999969482422,68.88999938964844,67.70999908447266,68.75,67.45891571044922,1666100
2022-04-29,68.51000213623047,68.58000183105469,66.25,66.48999786376953,65.2413558959961,2802900
2022-05-02,67.0199966430664,67.31999969482422,65.0999984741211,66.19000244140625,64.94699096679688,2172000
2022-05-03,66.66000366210938,67.73999786376953,66.04000091552734,67.26000213623047,65.99689483642578,1566500
2022-05-04,67.44000244140625,69.2300033569336,67.27999877929688,69.01000213623047,67.71403503417969,1594900
2022-05-05,68.47000122070312,69.0199966430664,67.20999908447266,68.05999755859375,66.78187561035156,1123400
2022-05-06,67.83999633789062,69.05000305175781,67.29000091552734,68.77999877929688,67.48834228515625,1270600
2022-05-09,68.41000366210938,68.58999633789062,67.08000183105469,67.2300033569336,65.96746063232422,1863500
2022-05-10,67.58000183105469,68.20999908447266,65.79000091552734,66.3499984741211,65.10398864746094,2261000
2022-05-11,66.44999694824219,67.9000015258789,66.27999877929688,66.66000366210938,65.40815734863281,1563500
2022-05-12,66.58999633789062,67.05000305175781,65.5,66.3499984741211,65.10398864746094,1895400
2022-05-13,66.80000305175781,67.4000015258789,66.33999633789062,67.33000183105469,66.06558227539062,1802500
2022-05-16,67.48999786376953,68.33000183105469,67.19000244140625,67.62999725341797,66.35993957519531,1674500
2022-05-17,68.43000030517578,69.37000274658203,67.87000274658203,69.08000183105469,67.78272247314453,1728300
2022-05-18,68.79000091552734,68.97000122070312,67.73999786376953,67.91000366210938,66.63468933105469,1296600
2022-05-19,67.1500015258789,67.58000183105469,65.12000274658203,66.29000091552734,65.04511260986328,1747100
2022-05-20,66.55000305175781,67.05000305175781,65.52999877929688,66.4800033569336,65.2315444946289,4058600
2022-05-23,67.33000183105469,68.44000244140625,66.75,67.83999633789062,66.56599426269531,1547100
2022-05-24,67.95999908447266,68.9000015258789,66.83999633789062,68.76000213623047,67.4687271118164,1468200
2022-05-25,68.22000122070312,69.2699966430664,68.22000122070312,69.01000213623047,67.71403503417969,1228600
2022-05-26,69.58000183105469,70.43000030517578,69.33999633789062,70.11000061035156,68.79338073730469,1103900
2022-05-27,70.19999694824219,70.80999755859375,69.98999786376953,70.80000305175781,69.47041320800781,1203700
2022-05-31,70.33999633789062,71.41000366210938,69.79000091552734,71.12999725341797,69.7942123413086,1709900
2022-06-01,71.05000305175781,71.58000183105469,69.27999877929688,70.66999816894531,69.34285736083984,1283100
2022-06-02,70.79000091552734,70.94000244140625,70.08000183105469,70.9000015258789,69.56853485107422,1343900
2022-06-03,70.58999633789062,70.88999938964844,70.41999816894531,70.61000061035156,69.28398895263672,1001100
2022-06-06,71.19999694824219,71.80000305175781,70.6500015258789,71.55999755859375,70.21614074707031,775900
2022-06-07,71.25,72.31999969482422,71.0199966430664,72.2699966430664,70.91280364990234,944000
2022-06-08,71.86000061035156,71.86000061035156,70.94000244140625,71.0199966430664,69.68628692626953,711300
2022-06-09,71.04000091552734,71.2300033569336,69.62999725341797,69.6500015258789,68.3420181274414,781500
2022-06-10,68.62000274658203,69.05999755859375,67.88999938964844,68.26000213623047,66.97811126708984,858000
2022-06-13,67.0999984741211,67.58999633789062,65.94000244140625,66.30000305175781,65.054931640625,1189400
2022-06-14,66.47000122070312,67.41999816894531,66.1500015258789,66.73999786376953,65.48665618896484,1319800
2022-06-15,67.31999969482422,68.33000183105469,66.38999938964844,67.01000213623047,65.7515869140625,1311700
2022-06-16,66.05999755859375,66.66000366210938,65.36000061035156,66.30000305175781,65.054931640625,1621000
2022-06-17,66.44000244140625,67.23999786376953,65.77999877929688,66.81999969482422,65.5651626586914,2983400
2022-06-21,68.0199966430664,68.0199966430664,66.83000183105469,67.52999877929688,66.26183319091797,1550100
2022-06-22,66.68000030517578,67.4800033569336,66.29000091552734,66.93000030517578,65.673095703125,1367300
2022-06-23,67.25,67.83000183105469,65.62000274658203,65.94999694824219,64.71149444580078,1410000
2022-06-24,65.80000305175781,68.13999938964844,65.45999908447266,68.02999877929688,67.36531066894531,2369200
2022-06-27,68.13999938964844,69.29000091552734,67.87999725341797,69.19000244140625,68.51397705078125,1299000
2022-06-28,69.70999908447266,70.41999816894531,68.79000091552734,69.08999633789062,68.41495513916016,1265600
2022-06-29,69.29000091552734,69.55999755859375,67.26000213623047,67.38999938964844,66.73155975341797,1288200
2022-06-30,66.73999786376953,68.5199966430664,66.30000305175781,68.26000213623047,67.59306335449219,1459400
2022-07-01,68.5199966430664,69.5199966430664,67.6500015258789,69.36000061035156,68.68231964111328,1022100
2022-07-05,68.55000305175781,69.30999755859375,67.12000274658203,67.80999755859375,67.1474609375,1332400
2022-07-06,67.9000015258789,68.4800033569336,67.1500015258789,67.97000122070312,67.30590057373047,1520500
2022-07-07,68.33000183105469,68.94000244140625,67.52999877929688,67.55000305175781,66.88999938964844,1425400
2022-07-08,67.8499984741211,68.56999969482422,67.27999877929688,67.30999755859375,66.65234375,1113500
2022-07-11,67.0999984741211,67.79000091552734,66.80000305175781,67.27999877929688,66.62263488769531,1175700
2022-07-12,66.61000061035156,67.44999694824219,65.80000305175781,65.9800033569336,65.3353500366211,1099200
2022-07-13,65.52999877929688,66.4000015258789,65.51000213623047,65.62000274658203,64.9788589477539,1139300
2022-07-14,64.2300033569336,64.62000274658203,61.70000076293945,62.220001220703125,61.61207962036133,1673000
2022-07-15,63.150001525878906,63.5,62.40999984741211,63.029998779296875,62.414161682128906,1241800
2022-07-18,63.279998779296875,63.63999938964844,62.040000915527344,62.209999084472656,61.6021728515625,1424800
2022-07-19,62.65999984741211,64.05999755859375,62.5099983215332,63.95000076293945,63.32517623901367,1318400
2022-07-20,63.77000045776367,64.0999984741211,63.290000915527344,63.66999816894531,63.047908782958984,1422200
2022-07-21,63.41999816894531,64.44999694824219,62.459999084472656,64.37999725341797,63.75096893310547,1579100
2022-07-22,63.43000030517578,64.19000244140625,62.2400016784668,62.650001525878906,62.037879943847656,1758900
2022-07-25,63.459999084472656,64.5199966430664,63.380001068115234,63.72999954223633,63.10732650756836,1353000
2022-07-26,63.97999954223633,64.20999908447266,63.27000045776367,63.54999923706055,62.92908477783203,1161600
2022-07-27,63.599998474121094,64.05999755859375,62.83000183105469,63.650001525878906,63.028106689453125,1462400
2022-07-28,63.68000030517578,63.810001373291016,61.130001068115234,61.79999923706055,61.19618225097656,1490000
2022-07-29,62.0,62.880001068115234,62.0,62.529998779296875,61.91904830932617,2121700
2022-08-01,61.970001220703125,62.150001525878906,60.939998626708984,61.41999816894531,60.81989288330078,1550300
2022-08-02,61.4900016784668,61.869998931884766,61.04999923706055,61.11000061035156,60.51292419433594,1101600
2022-08-03,61.5,62.209999084472656,60.88999938964844,62.13999938964844,61.53286361694336,1795600
2022-08-04,61.959999084472656,62.25,61.11000061035156,61.18000030517578,60.58224105834961,1310600
2022-08-05,61.2400016784668,61.970001220703125,61.2400016784668,61.83000183105469,61.22589111328125,972500
2022-08-08,62.0,62.40999984741211,61.83000183105469,62.04999923706055,61.4437370300293,1094100
2022-08-09,62.33000183105469,63.11000061035156,62.119998931884766,62.97999954223633,62.36465072631836,1154600
2022-08-10,63.27000045776367,64.13999938964844,63.27000045776367,64.08999633789062,63.463802337646484,998300
2022-08-11,64.48999786376953,65.37999725341797,64.33000183105469,65.23999786376953,64.60256958007812,1262400
2022-08-12,65.30999755859375,65.94000244140625,65.23999786376953,65.93000030517578,65.28583526611328,743300
2022-08-15,65.29000091552734,66.5,65.05999755859375,66.27999877929688,65.63240814208984,711800
2022-08-16,66.27999877929688,66.87000274658203,66.16999816894531,66.5999984741211,65.94928741455078,933700
2022-08-17,66.29000091552734,68.0999984741211,66.26000213623047,68.05000305175781,67.38511657714844,1348700
2022-08-18,68.08999633789062,68.48999786376953,67.58000183105469,68.08999633789062,67.42472839355469,621200
2022-08-19,68.04000091552734,68.19000244140625,67.43000030517578,67.58999633789062,66.92960357666016,998800
2022-08-22,67.01000213623047,67.01000213623047,65.58000183105469,65.69000244140625,65.04817962646484,856100
2022-08-23,65.81999969482422,65.97000122070312,65.36000061035156,65.48999786376953,64.8501205444336,565600
2022-08-24,65.27999877929688,66.66000366210938,65.12000274658203,66.30999755859375,65.66211700439453,1150500
2022-08-25,66.63999938964844,67.51000213623047,66.16999816894531,67.4800033569336,66.82069396972656,821800
2022-08-26,67.73999786376953,67.97000122070312,66.52999877929688,66.54000091552734,65.88987731933594,993700
2022-08-29,66.02999877929688,66.56999969482422,65.41000366210938,66.1500015258789,65.50367736816406,838800
2022-08-30,66.0,66.0,65.0999984741211,65.23999786376953,64.60256958007812,691500
2022-08-31,65.33000183105469,65.73999786376953,64.66000366210938,64.80000305175781,64.1668701171875,1349400
2022-09-01,64.54000091552734,65.16000366210938,64.16000366210938,64.9800033569336,64.3451156616211,918400
2022-09-02,65.2300033569336,66.38999938964844,64.44000244140625,64.7699966430664,64.13716125488281,924200
2022-09-06,65.30999755859375,66.38999938964844,65.19000244140625,65.69999694824219,65.05807495117188,1953100
2022-09-07,65.51000213623047,66.98999786376953,65.41999816894531,66.86000061035156,66.20674896240234,839200
2022-09-08,66.61000061035156,68.05999755859375,66.52999877929688,68.01000213623047,67.34550476074219,722100
2022-09-09,68.29000091552734,68.61000061035156,67.62000274658203,67.62999725341797,66.9692153930664,989400
2022-09-12,67.93000030517578,68.45999908447266,67.66000366210938,68.01000213623047,67.34550476074219,870100
2022-09-13,67.16000366210938,67.76000213623047,66.5999984741211,66.72000122070312,66.06810760498047,916600
2022-09-14,66.75,67.68000030517578,66.61000061035156,67.30000305175781,66.64244079589844,1304200
2022-09-15,67.43000030517578,68.20999908447266,67.13999938964844,67.75,67.08805084228516,1035700
2022-09-16,67.41000366210938,67.58000183105469,66.37999725341797,66.94000244140625,66.28596496582031,2542100
2022-09-19,66.41999816894531,67.6500015258789,66.30999755859375,67.55999755859375,66.89990234375,720400
2022-09-20,66.94999694824219,67.13999938964844,65.62000274658203,66.37999725341797,65.7314224243164,646700
2022-09-21,66.69999694824219,66.87999725341797,64.95999908447266,65.01000213623047,64.37482452392578,617700
2022-09-22,65.08999633789062,65.08999633789062,63.86000061035156,64.44000244140625,63.81039047241211,696300
2022-09-23,63.880001068115234,64.26000213623047,63.20000076293945,63.84000015258789,63.31449890136719,1215800
2022-09-26,63.2400016784668,63.45000076293945,61.08000183105469,61.560001373291016,61.05326843261719,1180500
2022-09-27,61.97999954223633,62.72999954223633,61.56999969482422,62.56999969482422,62.054954528808594,1244800
2022-09-28,62.83000183105469,63.84000015258789,62.470001220703125,63.45000076293945,62.927711486816406,854800
2022-09-29,63.220001220703125,65.38999938964844,62.599998474121094,65.18000030517578,64.64347839355469,2040100
2022-09-30,65.38999938964844,65.80999755859375,64.5,64.58000183105469,64.04841613769531,1545400
2022-10-03,65.1500015258789,66.81999969482422,64.2300033569336,66.38999938964844,65.84351348876953,1131200
2022-10-04,66.81999969482422,68.23999786376953,66.75,68.16000366210938,67.59894561767578,1389600
2022-10-05,67.73999786376953,68.47000122070312,67.70999908447266,67.9800033569336,67.42042541503906,849800
2022-10-06,67.66999816894531,68.13999938964844,67.5,67.79000091552734,67.23198699951172,702400
2022-10-07,67.37000274658203,67.52999877929688,66.47000122070312,66.91999816894531,66.36914825439453,1170100
2022-10-10,67.25,68.0,67.02999877929688,67.58999633789062,67.03363037109375,872600
2022-10-11,67.4800033569336,69.01000213623047,67.4800033569336,68.05999755859375,67.49976348876953,1120700
2022-10-12,68.01000213623047,68.5199966430664,67.5999984741211,68.12000274658203,67.55927276611328,1451200
2022-10-13,67.26000213623047,71.70999908447266,66.7699966430664,71.48999786376953,70.90153503417969,1354700
2022-10-14,71.81999969482422,72.54000091552734,69.9800033569336,70.0999984741211,69.5229721069336,1208700
2022-10-17,70.7699966430664,71.6500015258789,70.63999938964844,71.30000305175781,70.71309661865234,1305300
2022-10-18,72.30000305175781,72.66999816894531,70.87000274658203,71.80000305175781,71.208984375,1330000
2022-10-19,71.80000305175781,72.58999633789062,70.72000122070312,71.45999908447266,70.87178039550781,1960600
2022-10-20,70.75,70.95999908447266,69.93000030517578,70.26000213623047,69.6816635131836,1016700
2022-10-21,70.66000366210938,71.5999984741211,70.20999908447266,71.3499984741211,70.76268005371094,2128200
2022-10-24,72.0,73.19999694824219,71.83000183105469,72.56999969482422,71.97264099121094,1910400
2022-10-25,69.37999725341797,70.26000213623047,67.63999938964844,69.06999969482422,68.50144958496094,2612500
2022-10-26,70.04000091552734,70.18000030517578,68.70999908447266,70.0,69.42379760742188,2025400
2022-10-27,70.58999633789062,71.75,70.36000061035156,71.1500015258789,70.5643310546875,1766100
2022-10-28,71.80999755859375,73.58000183105469,71.30000305175781,73.2699966430664,72.66687774658203,1216600
2022-10-31,72.8499984741211,74.69999694824219,72.81999969482422,74.37999725341797,73.76773834228516,1659100
2022-11-01,74.66000366210938,75.51000213623047,74.25,75.29000091552734,74.67024993896484,1341900
2022-11-02,74.88999938964844,76.05999755859375,74.0199966430664,74.33000183105469,73.71815490722656,2006500
2022-11-03,74.01000213623047,76.0199966430664,73.48999786376953,74.5999984741211,73.98593139648438,1135700
2022-11-04,75.25,75.5,73.8499984741211,74.87999725341797,74.26362609863281,953600
2022-11-07,74.95999908447266,75.2699966430664,74.1500015258789,74.58999633789062,73.97600555419922,1028600
2022-11-08,74.4000015258789,74.97000122070312,73.01000213623047,74.55999755859375,73.94625854492188,1008900
2022-11-09,74.5,75.02999877929688,73.41999816894531,73.61000061035156,73.00408172607422,806400
2022-11-10,75.19000244140625,75.25,72.98999786376953,73.29000091552734,72.68671417236328,1487600
2022-11-11,74.0,74.33999633789062,69.04000091552734,69.7699966430664,69.19568634033203,2759800
2022-11-14,70.0999984741211,70.0999984741211,68.5999984741211,68.62000274658203,68.05516052246094,2129500
2022-11-15,69.0999984741211,69.47000122070312,68.37999725341797,69.11000061035156,68.54112243652344,1914300
2022-11-16,69.19999694824219,72.23999786376953,69.19999694824219,71.76000213623047,71.1693115234375,1694700
2022-11-17,71.08999633789062,72.19000244140625,70.58999633789062,71.94000244140625,71.34782409667969,1264600
2022-11-18,72.69999694824219,73.43000030517578,72.16000366210938,73.33000183105469,72.72638702392578,1608900
2022-11-21,73.5199966430664,75.23999786376953,73.5199966430664,74.16999816894531,73.55946350097656,1388200
2022-11-22,74.69999694824219,75.19000244140625,73.7300033569336,74.16000366210938,73.54955291748047,771600
2022-11-23,74.0,74.61000061035156,74.0,74.37999725341797,73.76773834228516,573100
2022-11-25,74.72000122070312,75.37000274658203,74.52999877929688,75.19000244140625,74.57107543945312,451800
2022-11-28,74.83000183105469,75.36000061035156,74.62999725341797,74.79000091552734,74.17436218261719,844300
2022-11-29,74.73999786376953,75.27999877929688,74.44999694824219,75.04000091552734,74.42230987548828,585500
2022-11-30,74.73999786376953,76.38999938964844,74.12000274658203,76.27999877929688,75.652099609375,2352600
2022-12-01,76.69999694824219,76.98999786376953,74.93000030517578,75.30999755859375,74.69007873535156,1047100
2022-12-02,74.83000183105469,75.87000274658203,74.69999694824219,75.66999816894531,75.047119140625,761500
2022-12-05,75.06999969482422,75.13999938964844,73.75,74.33000183105469,73.71815490722656,618300
2022-12-06,74.52999877929688,75.41000366210938,74.52999877929688,75.41000366210938,74.78926849365234,756300
2022-12-07,75.18000030517578,75.68000030517578,74.23999786376953,74.6500015258789,74.0355224609375,1636700
2022-12-08,75.02999877929688,75.55999755859375,74.2300033569336,74.44000244140625,73.82725524902344,1020700
2022-12-09,74.4000015258789,74.95999908447266,73.52999877929688,73.55999755859375,72.9544906616211,1042800
2022-12-12,73.63999938964844,74.4800033569336,73.12000274658203,74.22000122070312,73.60905456542969,1373600
2022-12-13,75.0,75.23999786376953,72.88999938964844,73.08000183105469,72.47843933105469,1539700
2022-12-14,73.11000061035156,73.61000061035156,72.5199966430664,72.98999786376953,72.3891830444336,1091300
2022-12-15,72.47000122070312,72.81999969482422,71.72000122070312,72.05000305175781,71.45692443847656,1085300
2022-12-16,71.38999938964844,72.4800033569336,71.12999725341797,72.05000305175781,71.55624389648438,3331800
2022-12-19,72.08999633789062,72.83999633789062,70.86000061035156,71.52999877929688,71.03980255126953,1177200
2022-12-20,72.0199966430664,73.08999633789062,71.94000244140625,72.87000274658203,72.37062072753906,1082700
2022-12-21,73.48999786376953,73.95999908447266,72.9800033569336,73.87000274658203,73.36376953125,1574200
2022-12-22,73.80000305175781,74.23999786376953,72.13999938964844,72.9800033569336,72.47986602783203,1113000
2022-12-23,73.05999755859375,73.55999755859375,72.77999877929688,73.44999694824219,72.94664001464844,642700
2022-12-27,73.62999725341797,74.30000305175781,73.25,73.91000366210938,73.40349578857422,905900
2022-12-28,74.22000122070312,74.26000213623047,72.79000091552734,72.80000305175781,72.30110168457031,553700
2022-12-29,73.06999969482422,73.87000274658203,72.70999908447266,73.23999786376953,72.73808288574219,568300
2022-12-30,72.94000244140625,73.2300033569336,71.91000366210938,72.56999969482422,72.07267761230469,924000
2023-01-03,72.47000122070312,72.91999816894531,71.44000244140625,72.58000183105469,72.08261108398438,1159600
2023-01-04,72.8499984741211,73.29000091552734,72.0199966430664,72.33999633789062,71.84424591064453,1568300
2023-01-05,72.29000091552734,72.69000244140625,71.29000091552734,71.87999725341797,71.38739776611328,1586600
2023-01-06,72.55999755859375,74.45999908447266,72.31999969482422,74.29000091552734,73.78089141845703,1230200
2023-01-09,74.29000091552734,74.37999725341797,72.58999633789062,72.9800033569336,72.47986602783203,1298000
2023-01-10,73.41000366210938,73.86000061035156,72.80999755859375,73.3499984741211,72.84732818603516,804900
2023-01-11,73.29000091552734,73.5999984741211,72.62999725341797,72.95999908447266,72.45999908447266,900800
2023-01-12,72.69999694824219,73.48999786376953,72.13999938964844,73.02999877929688,73.02999877929688,1067900
2023-01-13,72.69999694824219,73.54000091552734,72.30999755859375,73.36000061035156,73.36000061035156,754500
