Date,Open,High,Low,Close,Adj Close,Volume
2022-01-18,46.45000076293945,46.689998626708984,45.29999923706055,45.72999954223633,44.64573669433594,1654300
2022-01-19,46.0,46.650001525878906,45.654998779296875,46.27000045776367,45.17293167114258,2071200
2022-01-20,45.209999084472656,46.4370002746582,44.439998626708984,45.2400016784668,44.1673583984375,3377800
2022-01-21,45.22999954223633,45.439998626708984,43.650001525878906,43.880001068115234,42.83960723876953,2430200
2022-01-24,43.060001373291016,45.11000061035156,42.279998779296875,44.9900016784668,43.923282623291016,3205500
2022-01-25,44.20000076293945,44.709999084472656,43.2599983215332,44.099998474121094,43.05438232421875,1930700
2022-01-26,44.36000061035156,45.099998474121094,43.0099983215332,43.38999938964844,42.36121368408203,1574100
2022-01-27,43.900001525878906,45.18000030517578,43.470001220703125,43.86000061035156,42.82007598876953,2539500
2022-01-28,43.72999954223633,44.52000045776367,43.15999984741211,44.41999816894531,43.36679458618164,2328000
2022-01-31,44.09000015258789,46.33000183105469,44.040000915527344,46.15999984741211,45.0655403137207,2845000
2022-02-01,46.22999954223633,46.90999984741211,45.95000076293945,46.31999969482422,45.22174835205078,2539800
2022-02-02,45.959999084472656,46.150001525878906,45.275001525878906,45.86000061035156,44.77265930175781,2915700
2022-02-03,45.36000061035156,46.65999984741211,44.869998931884766,46.130001068115234,45.0362548828125,2596600
2022-02-04,46.0099983215332,46.404998779296875,45.099998474121094,45.369998931884766,44.294273376464844,2495000
2022-02-07,45.75,45.970001220703125,45.04999923706055,45.290000915527344,44.21617126464844,3287400
2022-02-08,45.79999923706055,47.16999816894531,45.54999923706055,47.119998931884766,46.00278091430664,3038000
2022-02-09,47.459999084472656,48.0,47.310001373291016,47.400001525878906,46.27614212036133,1824200
2022-02-10,47.099998474121094,47.91999816894531,46.45000076293945,46.66999816894531,45.80503463745117,2197600
2022-02-11,46.43000030517578,47.130001068115234,46.189998626708984,46.459999084472656,45.59892654418945,1915200
2022-02-14,46.5099983215332,46.68000030517578,45.494998931884766,45.790000915527344,44.94134521484375,2295800
2022-02-15,46.25,47.7599983215332,46.060001373291016,47.439998626708984,46.56076431274414,2782900
2022-02-16,47.279998779296875,47.90999984741211,46.939998626708984,47.15999984741211,46.28595733642578,1574700
2022-02-17,46.900001525878906,47.369998931884766,46.095001220703125,46.5099983215332,45.64799880981445,3413800
2022-02-18,46.599998474121094,47.290000915527344,46.40999984741211,46.650001525878906,45.78540802001953,1828300
2022-02-22,46.68000030517578,47.18000030517578,46.09000015258789,46.470001220703125,45.60874557495117,2008700
2022-02-23,46.689998626708984,46.939998626708984,44.720001220703125,45.02000045776367,44.18561553955078,3597300
2022-02-24,43.779998779296875,44.66999816894531,43.220001220703125,44.5099983215332,43.6850700378418,2918900
2022-02-25,44.7599983215332,46.5,44.7599983215332,46.2400016784668,45.38300704956055,1579200
2022-02-28,45.04999923706055,45.33000183105469,44.400001525878906,45.27000045776367,44.43098449707031,2928800
2022-03-01,45.0,45.125,43.130001068115234,43.38999938964844,42.58582305908203,3221000
2022-03-02,43.779998779296875,44.59000015258789,43.5099983215332,43.97999954223633,43.16489028930664,4289300
2022-03-03,44.470001220703125,44.7400016784668,43.86000061035156,44.33000183105469,43.50840759277344,2323800
2022-03-04,43.36000061035156,44.029998779296875,43.13999938964844,43.709999084472656,42.899898529052734,2757800
2022-03-07,43.75,43.82500076293945,41.25,41.5099983215332,40.74066925048828,3282600
2022-03-08,41.90999984741211,42.268001556396484,40.779998779296875,40.779998779296875,40.02419662475586,2907900
2022-03-09,42.02000045776367,42.79499816894531,41.599998474121094,42.4900016784668,41.70250701904297,2733900
2022-03-10,41.9900016784668,43.560001373291016,41.77000045776367,42.61000061035156,41.820281982421875,2257200
2022-03-11,43.04999923706055,43.65999984741211,42.84000015258789,43.29999923706055,42.497493743896484,2523200
2022-03-14,44.0,45.869998931884766,44.0,45.709999084472656,44.86282730102539,3582600
2022-03-15,46.0099983215332,46.43000030517578,45.209999084472656,46.040000915527344,45.18671417236328,3570600
2022-03-16,46.349998474121094,47.900001525878906,46.349998474121094,47.34000015258789,46.46261978149414,2848400
2022-03-17,47.0,47.81999969482422,46.59000015258789,47.81999969482422,46.93372344970703,3635200
2022-03-18,47.56999969482422,47.91999816894531,46.68000030517578,47.58000183105469,46.69817352294922,6529700
2022-03-21,47.5099983215332,47.849998474121094,46.52000045776367,46.90999984741211,46.04058837890625,3436800
2022-03-22,47.65999984741211,48.540000915527344,46.900001525878906,47.34000015258789,46.46261978149414,2574500
2022-03-23,46.9900016784668,47.220001220703125,46.09000015258789,46.119998931884766,45.26523208618164,2842300
2022-03-24,46.529998779296875,47.459999084472656,46.22999954223633,47.119998931884766,46.24669647216797,2827300
2022-03-25,47.220001220703125,48.06999969482422,47.13999938964844,47.959999084472656,47.07112503051758,2020200
2022-03-28,47.84000015258789,47.95000076293945,47.0,47.5099983215332,46.62946701049805,2321700
2022-03-29,47.939998626708984,48.400001525878906,47.6349983215332,47.9900016784668,47.1005744934082,1583500
2022-03-30,47.86000061035156,48.237998962402344,47.290000915527344,47.34000015258789,46.46261978149414,2146200
2022-03-31,47.16999816894531,47.88999938964844,47.029998779296875,47.029998779296875,46.15836715698242,2114200
2022-04-01,47.599998474121094,47.779998779296875,46.34000015258789,47.189998626708984,46.31539535522461,1811000
2022-04-04,47.13999938964844,47.15999984741211,46.040000915527344,47.099998474121094,46.22706604003906,2447900
2022-04-05,46.83000183105469,47.58000183105469,46.66999816894531,46.7599983215332,45.89336395263672,2278700
2022-04-06,46.5,46.81999969482422,45.849998474121094,46.61000061035156,45.746150970458984,2049500
2022-04-07,46.38999938964844,46.59000015258789,45.560001373291016,46.29999923706055,45.44189453125,1689100
2022-04-08,46.790000915527344,47.470001220703125,46.439998626708984,47.18000030517578,46.30558395385742,1849700
2022-04-11,47.43000030517578,48.54999923706055,47.16999816894531,47.599998474121094,46.717796325683594,1601000
2022-04-12,47.529998779296875,48.51499938964844,47.529998779296875,47.880001068115234,46.992610931396484,1386400
2022-04-13,47.81999969482422,49.525001525878906,47.81999969482422,49.47999954223633,48.562957763671875,3120400
2022-04-14,49.65999984741211,50.47800064086914,49.65999984741211,49.93000030517578,49.00461959838867,1652600
2022-04-18,50.099998474121094,51.02000045776367,50.029998779296875,50.290000915527344,49.35794448852539,1522000
2022-04-19,50.560001373291016,51.494998931884766,50.47999954223633,51.31999969482422,50.36885070800781,1704400
2022-04-20,51.65999984741211,52.65999984741211,51.560001373291016,52.20000076293945,51.232547760009766,1996200
2022-04-21,52.459999084472656,52.7599983215332,51.90999984741211,52.20000076293945,51.232547760009766,1852800
2022-04-22,51.90999984741211,52.15999984741211,50.369998931884766,50.41999816894531,49.485530853271484,2058700
2022-04-25,49.900001525878906,49.959999084472656,48.119998931884766,49.7400016784668,48.81814193725586,2407100
2022-04-26,49.59000015258789,50.06999969482422,48.66999816894531,48.84000015258789,47.93482208251953,1927000
2022-04-27,49.02000045776367,49.900001525878906,48.75,49.33000183105469,48.41573715209961,1596800
2022-04-28,49.970001220703125,50.09000015258789,48.70000076293945,49.97999954223633,49.05369186401367,1948200
2022-04-29,50.06999969482422,50.52000045776367,49.349998474121094,49.529998779296875,48.612030029296875,1802300
2022-05-02,49.900001525878906,50.47999954223633,49.119998931884766,49.9900016784668,49.063507080078125,2631700
2022-05-03,50.189998626708984,51.630001068115234,50.189998626708984,51.16999816894531,50.22163391113281,3279800
2022-05-04,51.470001220703125,52.810001373291016,51.290000915527344,52.7599983215332,51.78216552734375,2528200
2022-05-05,53.599998474121094,54.779998779296875,53.0099983215332,54.189998626708984,53.185665130615234,3409200
2022-05-06,54.029998779296875,54.150001525878906,52.720001220703125,53.400001525878906,52.410308837890625,2860600
2022-05-09,53.029998779296875,53.64500045776367,51.11000061035156,51.310001373291016,50.35904312133789,3782200
2022-05-10,51.63999938964844,52.27000045776367,50.150001525878906,51.33000183105469,50.3786735534668,2676800
2022-05-11,51.189998626708984,52.58000183105469,50.22999954223633,50.2599983215332,49.56992721557617,2771400
2022-05-12,50.27000045776367,50.349998474121094,46.33000183105469,47.459999084472656,46.808372497558594,4189700
2022-05-13,47.650001525878906,48.18000030517578,46.20000076293945,46.209999084472656,45.57553482055664,4452500
2022-05-16,46.27000045776367,46.650001525878906,45.349998474121094,46.310001373291016,45.67416763305664,2511400
2022-05-17,47.29999923706055,48.32500076293945,46.88999938964844,48.130001068115234,47.469173431396484,2949300
2022-05-18,47.68000030517578,48.060001373291016,45.09000015258789,45.25,44.628719329833984,2715400
2022-05-19,44.75,45.41999816894531,44.11000061035156,44.88999938964844,44.273658752441406,2962200
2022-05-20,45.43000030517578,45.63999938964844,43.40999984741211,44.15999984741211,43.55368423461914,2482800
2022-05-23,44.70000076293945,45.88999938964844,44.630001068115234,45.65999984741211,45.03308868408203,2324900
2022-05-24,45.209999084472656,45.59000015258789,43.86000061035156,45.2400016784668,44.61885452270508,2021100
2022-05-25,45.040000915527344,46.27000045776367,44.97999954223633,46.099998474121094,45.467044830322266,2218200
2022-05-26,46.54999923706055,47.650001525878906,46.54999923706055,47.400001525878906,46.74919891357422,1403200
2022-05-27,47.86000061035156,49.040000915527344,47.79999923706055,49.040000915527344,48.36668014526367,1803900
2022-05-31,48.41999816894531,49.2599983215332,47.959999084472656,48.4900016784668,47.82423400878906,4516500
2022-06-01,48.470001220703125,48.720001220703125,47.2599983215332,48.13999938964844,47.47903823852539,2555900
2022-06-02,48.709999084472656,49.52899932861328,47.904998779296875,49.439998626708984,48.76118850708008,2855300
2022-06-03,49.25,49.595001220703125,48.91999816894531,49.27000045776367,48.59352111816406,2388700
2022-06-06,49.59000015258789,49.689998626708984,48.349998474121094,48.59000015258789,47.92285919189453,1746700
2022-06-07,48.34000015258789,49.7400016784668,48.290000915527344,49.54999923706055,48.86967849731445,1382200
2022-06-08,48.61000061035156,49.349998474121094,48.5,48.61000061035156,47.94258499145508,888300
2022-06-09,48.59000015258789,48.59000015258789,47.29999923706055,47.310001373291016,46.66043472290039,1081400
2022-06-10,46.279998779296875,46.52000045776367,45.025001525878906,45.119998931884766,44.5004997253418,1726100
2022-06-13,43.90999984741211,44.029998779296875,41.93000030517578,42.220001220703125,41.64031982421875,2392400
2022-06-14,42.15999984741211,43.150001525878906,42.11000061035156,42.77000045776367,42.18276596069336,1956600
2022-06-15,43.38999938964844,43.869998931884766,42.61000061035156,43.400001525878906,42.80411911010742,2008800
2022-06-16,42.31999969482422,42.369998931884766,40.529998779296875,41.290000915527344,40.72309112548828,2679900
2022-06-17,41.43000030517578,41.709999084472656,40.29999923706055,41.099998474121094,40.53569793701172,4462500
2022-06-21,40.81999969482422,41.1150016784668,39.880001068115234,40.15999984741211,39.608604431152344,2554600
2022-06-22,39.52000045776367,39.94499969482422,38.779998779296875,39.290000915527344,38.75054931640625,3802800
2022-06-23,39.20000076293945,39.51599884033203,38.400001525878906,38.869998931884766,38.3363151550293,2503700
2022-06-24,39.13999938964844,40.66999816894531,39.04999923706055,40.63999938964844,40.08201217651367,3094500
2022-06-27,40.880001068115234,41.310001373291016,40.584999084472656,40.9900016784668,40.42721176147461,2171100
2022-06-28,41.380001068115234,41.83000183105469,40.279998779296875,40.31999969482422,39.76640319824219,1848500
2022-06-29,40.45000076293945,40.650001525878906,39.7599983215332,40.209999084472656,39.65791320800781,1195700
2022-06-30,39.560001373291016,40.220001220703125,39.04499816894531,39.84000015258789,39.29299545288086,2245700
2022-07-01,39.27000045776367,40.30500030517578,38.81999969482422,40.130001068115234,39.57901382446289,1614600
2022-07-05,39.33000183105469,39.7599983215332,38.5099983215332,39.75,39.2042350769043,1840000
2022-07-06,39.720001220703125,40.435001373291016,39.310001373291016,40.2599983215332,39.70722961425781,2205600
2022-07-07,40.869998931884766,41.38999938964844,40.68000030517578,41.029998779296875,40.46665954589844,1449000
2022-07-08,41.18000030517578,41.439998626708984,40.189998626708984,40.349998474121094,39.79599380493164,1177100
2022-07-11,39.900001525878906,40.459999084472656,39.595001220703125,40.06999969482422,39.519840240478516,1422300
2022-07-12,39.91999816894531,40.86000061035156,39.814998626708984,40.5,39.94393539428711,1752500
2022-07-13,39.79999923706055,40.060001373291016,39.099998474121094,39.45000076293945,38.90835189819336,1626000
2022-07-14,38.459999084472656,39.06999969482422,38.28099822998047,38.939998626708984,38.40535354614258,1324800
2022-07-15,39.61000061035156,39.92499923706055,38.84000015258789,39.38999938964844,38.84917449951172,906400
2022-07-18,39.869998931884766,40.099998474121094,38.880001068115234,39.04999923706055,38.51384353637695,1225400
2022-07-19,39.779998779296875,40.66999816894531,39.63999938964844,40.400001525878906,39.84531021118164,1393900
2022-07-20,40.209999084472656,41.084999084472656,40.209999084472656,41.0,40.437068939208984,1188700
2022-07-21,40.790000915527344,41.52000045776367,40.59000015258789,41.47999954223633,40.91048049926758,1154800
2022-07-22,41.61000061035156,41.810001373291016,41.09000015258789,41.33000183105469,40.762542724609375,775900
2022-07-25,41.40999984741211,41.83000183105469,41.06999969482422,41.65999984741211,41.088008880615234,900000
2022-07-26,41.470001220703125,41.470001220703125,40.43000030517578,40.709999084472656,40.15105056762695,1376100
2022-07-27,40.95000076293945,41.93000030517578,40.61000061035156,41.75,41.17677307128906,1529200
2022-07-28,42.0099983215332,42.40999984741211,41.380001068115234,42.150001525878906,41.57128143310547,1376100
2022-07-29,42.310001373291016,42.709999084472656,42.13999938964844,42.36000061035156,41.77839660644531,1270500
2022-08-01,42.119998931884766,42.4900016784668,41.849998474121094,42.18000030517578,41.600868225097656,1325400
2022-08-02,41.90999984741211,42.459999084472656,41.380001068115234,41.779998779296875,41.20635986328125,1390900
2022-08-03,42.220001220703125,42.400001525878906,41.61000061035156,42.06999969482422,41.49237823486328,1854900
2022-08-04,41.52000045776367,41.69499969482422,40.209999084472656,40.40999984741211,39.85517120361328,2262800
2022-08-05,40.099998474121094,40.709999084472656,39.86000061035156,40.189998626708984,39.63819122314453,2348500
2022-08-08,40.720001220703125,41.41999816894531,40.625,40.66999816894531,40.11159896850586,1870300
2022-08-09,41.2599983215332,41.2599983215332,40.4900016784668,40.86000061035156,40.29899215698242,1552400
2022-08-10,41.779998779296875,42.505001068115234,41.564998626708984,41.66999816894531,41.097869873046875,1322100
2022-08-11,41.97999954223633,42.33000183105469,41.52000045776367,41.970001220703125,41.643592834472656,918300
2022-08-12,42.29999923706055,42.939998626708984,42.11000061035156,42.86000061035156,42.52667236328125,1708000
2022-08-15,42.29999923706055,42.40999984741211,41.7599983215332,42.310001373291016,41.98094940185547,1194500
2022-08-16,42.209999084472656,43.13999938964844,42.029998779296875,42.959999084472656,42.625892639160156,1017700
2022-08-17,42.400001525878906,42.470001220703125,41.779998779296875,42.06999969482422,41.74281311035156,2233300
2022-08-18,42.16999816894531,42.720001220703125,41.72999954223633,42.61000061035156,42.27861785888672,1375400
2022-08-19,42.41999816894531,42.66999816894531,41.5,41.59000015258789,41.26654815673828,968500
2022-08-22,40.77000045776367,40.95000076293945,40.29999923706055,40.65999984741211,40.343780517578125,1031500
2022-08-23,40.900001525878906,41.5099983215332,40.81999969482422,41.439998626708984,41.117713928222656,1394900
2022-08-24,41.400001525878906,41.4900016784668,40.88999938964844,41.189998626708984,40.869659423828125,1006900
2022-08-25,41.540000915527344,43.18000030517578,41.2599983215332,43.13999938964844,42.80449295043945,2219300
2022-08-26,43.29999923706055,43.369998931884766,41.20000076293945,41.220001220703125,40.8994255065918,1699100
2022-08-29,40.970001220703125,41.63999938964844,40.84000015258789,41.2599983215332,40.93911361694336,1458100
2022-08-30,41.400001525878906,41.630001068115234,40.56999969482422,41.459999084472656,41.13755798339844,1818600
2022-08-31,41.66999816894531,42.0,40.54999923706055,40.59000015258789,40.27432632446289,2084100
2022-09-01,40.439998626708984,40.439998626708984,39.39500045776367,39.790000915527344,39.48054885864258,1730500
2022-09-02,40.150001525878906,40.77000045776367,39.3650016784668,39.63999938964844,39.33171463012695,1592600
2022-09-06,39.79999923706055,39.90999984741211,39.279998779296875,39.470001220703125,39.16303634643555,1139200
2022-09-07,39.619998931884766,40.4900016784668,39.310001373291016,40.45000076293945,40.135414123535156,1617500
2022-09-08,39.90999984741211,40.66999816894531,39.279998779296875,40.4900016784668,40.175106048583984,1099600
2022-09-09,40.91999816894531,41.02000045776367,40.540000915527344,40.810001373291016,40.49261474609375,1219200
2022-09-12,41.18000030517578,41.77000045776367,40.95000076293945,41.40999984741211,41.087947845458984,1843800
2022-09-13,40.5,40.650001525878906,39.18000030517578,39.33000183105469,39.02412796020508,1349200
2022-09-14,39.33000183105469,39.34000015258789,38.02000045776367,38.380001068115234,38.081512451171875,1937500
2022-09-15,38.349998474121094,39.0099983215332,38.22999954223633,38.58000183105469,38.27996063232422,1885100
2022-09-16,36.7400016784668,36.970001220703125,34.02000045776367,34.150001525878906,33.8844108581543,6023900
2022-09-19,34.25,36.03900146484375,34.060001373291016,36.02000045776367,35.7398681640625,3248900
2022-09-20,35.22999954223633,35.27000045776367,33.915000915527344,34.400001525878906,34.132469177246094,2232500
2022-09-21,34.650001525878906,35.18000030517578,33.59000015258789,33.61000061035156,33.348609924316406,2094600
2022-09-22,33.650001525878906,33.810001373291016,32.67499923706055,32.83000183105469,32.574676513671875,2525100
2022-09-23,32.20000076293945,32.290000915527344,31.489999771118164,32.099998474121094,31.850351333618164,2844300
2022-09-26,32.09000015258789,32.26499938964844,31.084999084472656,31.56999969482422,31.324474334716797,2553000
2022-09-27,31.950000762939453,32.290000915527344,31.020000457763672,31.510000228881836,31.264942169189453,3172600
2022-09-28,31.889999389648438,32.595001220703125,31.739999771118164,32.400001525878906,32.14802169799805,1758400
2022-09-29,31.520000457763672,31.700000762939453,30.825000762939453,31.3799991607666,31.13595199584961,2474400
2022-09-30,31.239999771118164,31.899999618530273,30.774999618530273,30.889999389648438,30.649763107299805,2952800
2022-10-03,31.350000381469727,32.334999084472656,31.18000030517578,31.920000076293945,31.6717529296875,2822600
2022-10-04,32.59000015258789,33.08000183105469,32.474998474121094,33.04999923706055,32.792964935302734,2978700
2022-10-05,32.38999938964844,33.040000915527344,32.09000015258789,32.7400016784668,32.48537826538086,1939700
2022-10-06,32.310001373291016,32.84000015258789,31.950000762939453,32.040000915527344,31.790821075439453,2153000
2022-10-07,31.549999237060547,31.729999542236328,31.149999618530273,31.350000381469727,31.106185913085938,1866000
2022-10-10,31.739999771118164,31.790000915527344,31.09000015258789,31.3700008392334,31.12603187561035,1428700
2022-10-11,30.979999542236328,31.770000457763672,30.700000762939453,31.40999984741211,31.165719985961914,2846400
2022-10-12,31.440000534057617,31.920000076293945,31.030000686645508,31.18000030517578,30.937509536743164,1676300
2022-10-13,30.600000381469727,32.220001220703125,30.079999923706055,32.09000015258789,31.840431213378906,1733800
2022-10-14,32.34000015258789,32.630001068115234,31.579999923706055,31.649999618530273,31.403852462768555,1617000
2022-10-17,32.41999816894531,32.92499923706055,32.130001068115234,32.380001068115234,32.128177642822266,1569100
2022-10-18,33.08000183105469,33.40999984741211,32.79999923706055,33.220001220703125,32.96164321899414,2020600
2022-10-19,32.95000076293945,33.119998931884766,32.224998474121094,32.470001220703125,32.21747589111328,2086700
2022-10-20,32.619998931884766,32.9900016784668,31.78499984741211,31.989999771118164,31.741209030151367,1302000
2022-10-21,32.119998931884766,32.97999954223633,32.029998779296875,32.86000061035156,32.60444259643555,2177100
2022-10-24,33.099998474121094,33.38999938964844,32.810001373291016,33.099998474121094,32.84257507324219,1334300
2022-10-25,32.45000076293945,33.61000061035156,31.8700008392334,33.47999954223633,33.21961975097656,2644800
2022-10-26,33.7400016784668,34.060001373291016,33.099998474121094,33.349998474121094,33.09062957763672,1361800
2022-10-27,33.5,34.33000183105469,33.20000076293945,33.70000076293945,33.43791198730469,2553400
2022-10-28,33.79999923706055,34.43000030517578,33.5099983215332,34.27000045776367,34.00347900390625,1651300
2022-10-31,33.900001525878906,34.40999984741211,33.814998626708984,34.060001373291016,33.79511260986328,2999900
2022-11-01,34.61000061035156,34.75,33.334999084472656,34.04999923706055,33.785186767578125,1806200
2022-11-02,33.88999938964844,34.70000076293945,33.52000045776367,33.56999969482422,33.308921813964844,2833100
2022-11-03,33.27000045776367,33.81999969482422,32.9900016784668,33.439998626708984,33.179931640625,3068300
2022-11-04,34.08000183105469,34.689998626708984,33.97999954223633,34.619998931884766,34.35075378417969,2953800
2022-11-07,35.029998779296875,35.11000061035156,34.42499923706055,35.06999969482422,34.79725646972656,1560800
2022-11-08,35.209999084472656,35.68000030517578,35.06999969482422,35.36000061035156,35.084999084472656,2836800
2022-11-09,34.79999923706055,35.2400016784668,34.41999816894531,34.540000915527344,34.540000915527344,2136200
2022-11-10,35.75,37.4900016784668,34.880001068115234,36.95000076293945,36.95000076293945,3416200
2022-11-11,37.09000015258789,38.2599983215332,36.79999923706055,37.65999984741211,37.65999984741211,4064300
2022-11-14,37.40999984741211,38.2599983215332,37.02000045776367,37.04999923706055,37.04999923706055,2701000
2022-11-15,37.54999923706055,38.029998779296875,36.33000183105469,36.619998931884766,36.619998931884766,2910900
2022-11-16,36.41999816894531,36.7400016784668,36.125,36.2400016784668,36.2400016784668,2322700
2022-11-17,35.58000183105469,36.119998931884766,35.15999984741211,36.099998474121094,36.099998474121094,1701700
2022-11-18,36.58000183105469,36.72999954223633,36.04999923706055,36.5099983215332,36.5099983215332,2016100
2022-11-21,36.439998626708984,37.099998474121094,36.220001220703125,37.029998779296875,37.029998779296875,1520400
2022-11-22,37.31999969482422,37.619998931884766,37.16999816894531,37.540000915527344,37.540000915527344,1491600
2022-11-23,37.529998779296875,37.650001525878906,37.220001220703125,37.619998931884766,37.619998931884766,772900
2022-11-25,37.599998474121094,37.72999954223633,37.400001525878906,37.5099983215332,37.5099983215332,390000
2022-11-28,37.040000915527344,37.209999084472656,36.06999969482422,36.220001220703125,36.220001220703125,1657100
2022-11-29,36.290000915527344,36.744998931884766,36.209999084472656,36.720001220703125,36.720001220703125,1471600
2022-11-30,36.5,37.970001220703125,35.98500061035156,37.91999816894531,37.91999816894531,2964300
2022-12-01,38.16999816894531,38.439998626708984,37.709999084472656,38.02000045776367,38.02000045776367,1760900
2022-12-02,37.650001525878906,37.9900016784668,37.45000076293945,37.849998474121094,37.849998474121094,1245600
2022-12-05,37.459999084472656,37.48500061035156,36.470001220703125,36.650001525878906,36.650001525878906,1623300
2022-12-06,36.650001525878906,36.95000076293945,36.095001220703125,36.45000076293945,36.45000076293945,1920700
2022-12-07,36.19499969482422,36.529998779296875,35.775001525878906,35.939998626708984,35.939998626708984,2102500
2022-12-08,36.31999969482422,36.435001373291016,35.880001068115234,36.0,36.0,1651400
2022-12-09,35.83000183105469,36.345001220703125,35.73500061035156,35.880001068115234,35.880001068115234,1120000
2022-12-12,36.20000076293945,36.75,35.90399932861328,36.650001525878906,36.650001525878906,1908500
2022-12-13,37.849998474121094,37.97999954223633,36.65999984741211,36.88999938964844,36.88999938964844,2286700
2022-12-14,36.75,37.43000030517578,36.47999954223633,36.779998779296875,36.779998779296875,1464800
2022-12-15,36.02000045776367,36.18000030517578,35.58000183105469,35.790000915527344,35.790000915527344,2873700
2022-12-16,35.5,35.599998474121094,34.65999984741211,35.06999969482422,35.06999969482422,4207000
2022-12-19,35.119998931884766,35.310001373291016,34.51499938964844,34.79999923706055,34.79999923706055,1540500
2022-12-20,34.81999969482422,35.09000015258789,34.56999969482422,34.779998779296875,34.779998779296875,1534300
2022-12-21,35.04999923706055,35.310001373291016,34.779998779296875,35.25,35.25,1603500
2022-12-22,34.939998626708984,34.939998626708984,34.130001068115234,34.83000183105469,34.83000183105469,1123700
2022-12-23,34.849998474121094,35.459999084472656,34.66999816894531,35.459999084472656,35.459999084472656,865200
2022-12-27,35.4900016784668,35.86000061035156,35.290000915527344,35.599998474121094,35.599998474121094,1089100
2022-12-28,35.66999816894531,35.810001373291016,34.85499954223633,34.88999938964844,34.88999938964844,1052900
2022-12-29,35.08000183105469,35.525001525878906,35.02000045776367,35.290000915527344,35.290000915527344,781900
2022-12-30,34.9900016784668,35.16999816894531,34.76499938964844,35.15999984741211,35.15999984741211,1116800
2023-01-03,35.29999923706055,35.61000061035156,35.029998779296875,35.47999954223633,35.47999954223633,1127900
2023-01-04,35.84000015258789,36.55500030517578,35.7599983215332,36.380001068115234,36.380001068115234,1948300
2023-01-05,35.95000076293945,36.13999938964844,35.2599983215332,35.38999938964844,35.38999938964844,1356300
2023-01-06,35.79999923706055,36.88999938964844,35.58000183105469,36.72999954223633,36.72999954223633,2462900
2023-01-09,37.09000015258789,37.810001373291016,36.494998931884766,36.650001525878906,36.650001525878906,3345200
2023-01-10,36.54999923706055,36.77000045776367,35.97999954223633,36.709999084472656,36.709999084472656,1460800
2023-01-11,36.91999816894531,36.95500183105469,36.54499816894531,36.900001525878906,36.900001525878906,1274000
2023-01-12,37.16999816894531,37.529998779296875,36.7599983215332,37.380001068115234,37.380001068115234,1387000
2023-01-13,36.97999954223633,37.58000183105469,36.849998474121094,37.56999969482422,37.56999969482422,862600
