Date,Open,High,Low,Close,Adj Close,Volume
2022-01-18,68.3499984741211,68.7699966430664,67.44999694824219,68.38999938964844,66.53604125976562,3616100
2022-01-19,68.4000015258789,68.94000244140625,67.69999694824219,68.12000274658203,66.27336120605469,3758100
2022-01-20,68.30999755859375,68.87999725341797,68.05000305175781,68.18000030517578,66.33174133300781,3737200
2022-01-21,68.52999877929688,69.33999633789062,68.05000305175781,68.22000122070312,66.37065124511719,4885400
2022-01-24,68.63999938964844,69.06999969482422,65.5999984741211,67.43000030517578,65.60206604003906,4502300
2022-01-25,67.30999755859375,68.44999694824219,67.12999725341797,67.87999725341797,66.03986358642578,4756500
2022-01-26,67.63999938964844,68.72000122070312,66.98999786376953,67.62000274658203,65.78691864013672,4062100
2022-01-27,67.44000244140625,69.31999969482422,66.79000091552734,68.94000244140625,67.07112884521484,4442200
2022-01-28,66.41999816894531,69.88999938964844,66.41999816894531,69.83999633789062,67.94672393798828,3430400
2022-01-31,69.12000274658203,69.76000213623047,68.68000030517578,69.66000366210938,67.77162170410156,3475800
2022-02-01,69.45999908447266,69.70999908447266,67.86000061035156,68.48999786376953,66.6333236694336,3372400
2022-02-02,68.1500015258789,69.6500015258789,68.08000183105469,69.58999633789062,67.70350646972656,2559800
2022-02-03,69.68000030517578,70.18000030517578,69.19000244140625,69.47000122070312,67.58676147460938,2530600
2022-02-04,68.80000305175781,69.30000305175781,67.83999633789062,68.77999877929688,66.91546630859375,2517300
2022-02-07,68.6500015258789,69.18000030517578,68.01000213623047,68.75,66.88628387451172,2652900
2022-02-08,69.1500015258789,69.38999938964844,68.58999633789062,68.83999633789062,66.97383880615234,4155200
2022-02-09,69.11000061035156,69.45999908447266,68.86000061035156,69.19000244140625,67.3143539428711,3921800
2022-02-10,68.41999816894531,68.55000305175781,66.83999633789062,67.08000183105469,65.26155853271484,3232500
2022-02-11,67.23999786376953,67.72000122070312,66.7699966430664,66.95999908447266,65.14480590820312,3546800
2022-02-14,66.97000122070312,67.37000274658203,65.7699966430664,66.4000015258789,64.5999984741211,4491300
2022-02-15,66.4800033569336,67.11000061035156,65.73999786376953,66.12000274658203,64.32758331298828,10095000
2022-02-16,66.33999633789062,66.45999908447266,65.23999786376953,65.94000244140625,64.1524658203125,3148800
2022-02-17,65.83999633789062,66.54000091552734,65.01000213623047,66.0999984741211,64.30812072753906,3545000
2022-02-18,65.9000015258789,66.43000030517578,65.54000091552734,66.0,64.21083068847656,3664200
2022-02-22,66.12000274658203,66.38999938964844,65.61000061035156,65.94000244140625,64.1524658203125,3556500
2022-02-23,66.13999938964844,66.22000122070312,64.87999725341797,64.93000030517578,63.16984558105469,3701500
2022-02-24,65.08000183105469,65.52999877929688,63.810001373291016,64.83000183105469,63.07255554199219,4720400
2022-02-25,65.33000183105469,67.30000305175781,65.26000213623047,67.2300033569336,65.4074935913086,4985000
2022-02-28,66.5999984741211,67.45999908447266,66.5,67.33000183105469,65.5047836303711,4173000
2022-03-01,67.08999633789062,67.94999694824219,66.08000183105469,66.51000213623047,64.70701599121094,4585200
2022-03-02,66.54000091552734,67.87999725341797,66.47000122070312,67.55999755859375,65.7285385131836,3256200
2022-03-03,67.86000061035156,69.27999877929688,67.56999969482422,69.12999725341797,67.2559814453125,2822100
2022-03-04,68.94999694824219,71.31999969482422,68.63999938964844,71.26000213623047,69.3282470703125,3515300
2022-03-07,71.13999938964844,71.77999877929688,70.33999633789062,71.55000305175781,69.6103744506836,4388600
2022-03-08,71.83000183105469,72.55999755859375,70.13999938964844,70.19000244140625,68.28724670410156,2883100
2022-03-09,70.48999786376953,70.6500015258789,69.20999908447266,69.83999633789062,67.94672393798828,2866900
2022-03-10,69.33000183105469,70.38999938964844,69.25,70.16000366210938,68.25806427001953,1945200
2022-03-11,70.94999694824219,70.95999908447266,69.98999786376953,70.37000274658203,68.46236419677734,3031500
2022-03-14,70.23999786376953,70.86000061035156,69.26000213623047,69.51000213623047,68.0979232788086,2392600
2022-03-15,70.11000061035156,70.4000015258789,69.31999969482422,70.2300033569336,68.80330657958984,4454600
2022-03-16,69.94000244140625,70.0,67.9800033569336,69.25,67.84320831298828,3809300
2022-03-17,69.16000366210938,70.13999938964844,68.9800033569336,69.69999694824219,68.2840576171875,3974500
2022-03-18,69.69999694824219,69.69999694824219,68.30999755859375,68.79000091552734,67.3925552368164,5750300
2022-03-21,68.69000244140625,69.94000244140625,68.66999816894531,69.31999969482422,67.91178894042969,2559000
2022-03-22,69.70999908447266,69.70999908447266,68.8499984741211,69.20999908447266,67.80402374267578,2351000
2022-03-23,69.22000122070312,69.7699966430664,68.5999984741211,69.30000305175781,67.89219665527344,2511300
2022-03-24,69.44999694824219,70.1500015258789,69.0999984741211,69.87999725341797,68.46040344238281,2257800
2022-03-25,70.05999755859375,70.83999633789062,69.86000061035156,70.69999694824219,69.26374053955078,1698900
2022-03-28,70.83000183105469,71.2699966430664,70.11000061035156,71.23999786376953,69.79277801513672,1684200
2022-03-29,71.23999786376953,71.8499984741211,70.88999938964844,71.83000183105469,70.37079620361328,2527000
2022-03-30,71.8499984741211,72.33999633789062,71.48999786376953,72.31999969482422,70.85083770751953,1582100
2022-03-31,72.3499984741211,72.75,72.0999984741211,72.16999816894531,70.7038803100586,3045300
2022-04-01,72.22000122070312,72.81999969482422,71.44000244140625,72.75,71.27210235595703,2598700
2022-04-04,72.19999694824219,72.88999938964844,71.45999908447266,72.69999694824219,71.2231216430664,2082300
2022-04-05,72.8499984741211,74.04000091552734,72.79000091552734,73.06999969482422,71.58560943603516,2979400
2022-04-06,73.1500015258789,75.16000366210938,73.05000305175781,74.98999786376953,73.46659851074219,3350600
2022-04-07,74.73999786376953,75.0,73.91000366210938,74.56999969482422,73.05513763427734,3228700
2022-04-08,74.75,75.41000366210938,74.4000015258789,74.81999969482422,73.300048828125,2115100
2022-04-11,74.88999938964844,75.5199966430664,74.16999816894531,74.36000061035156,72.84940338134766,2752300
2022-04-12,74.2300033569336,75.20999908447266,73.68000030517578,74.7300033569336,73.2118911743164,2872300
2022-04-13,75.01000213623047,75.0999984741211,74.0,74.37000274658203,72.85919952392578,2274800
2022-04-14,74.41000366210938,74.83000183105469,74.18000030517578,74.33999633789062,72.82979583740234,2007100
2022-04-18,74.58999633789062,74.80000305175781,73.87999725341797,74.19999694824219,72.6926498413086,2180900
2022-04-19,74.25,75.18000030517578,74.18000030517578,74.83999633789062,73.31964874267578,3252700
2022-04-20,75.41999816894531,75.77999877929688,75.11000061035156,75.3499984741211,73.81928253173828,3317700
2022-04-21,75.22000122070312,76.05000305175781,75.0,75.30000305175781,73.77030181884766,3248700
2022-04-22,75.2300033569336,75.37999725341797,74.22000122070312,74.30000305175781,72.79061889648438,2371600
2022-04-25,74.6500015258789,74.91999816894531,72.38999938964844,73.69999694824219,72.20280456542969,4446400
2022-04-26,73.58999633789062,74.66000366210938,73.3499984741211,73.37999725341797,71.8893051147461,3641000
2022-04-27,73.44999694824219,74.26000213623047,72.62999725341797,72.97000122070312,71.48763275146484,2965600
2022-04-28,75.54000091552734,75.61000061035156,73.05999755859375,74.87999725341797,73.35883331298828,5262900
2022-04-29,74.8499984741211,74.87000274658203,73.02999877929688,73.26000213623047,71.77174377441406,5614300
2022-05-02,73.5,74.12000274658203,71.9000015258789,72.66999816894531,71.19373321533203,4397200
2022-05-03,73.26000213623047,73.61000061035156,71.81999969482422,72.12999725341797,70.66470336914062,4940100
2022-05-04,71.94000244140625,73.6500015258789,71.83999633789062,73.4000015258789,71.90890502929688,4162100
2022-05-05,73.06999969482422,73.62000274658203,72.19000244140625,72.79000091552734,71.31129455566406,4024500
2022-05-06,72.72000122070312,73.29000091552734,72.2699966430664,73.08000183105469,71.59539794921875,2593900
2022-05-09,72.83999633789062,74.29000091552734,72.58999633789062,73.6500015258789,72.15382385253906,4033000
2022-05-10,73.9000015258789,74.79000091552734,72.5999984741211,73.48999786376953,71.9970703125,4316000
2022-05-11,73.18000030517578,75.08999633789062,73.08000183105469,73.97000122070312,72.46732330322266,4348700
2022-05-12,73.95999908447266,74.30000305175781,72.38999938964844,73.55000305175781,72.05586242675781,2688700
2022-05-13,73.55000305175781,74.69999694824219,73.08000183105469,74.48999786376953,72.97675323486328,2688300
2022-05-16,74.36000061035156,75.19000244140625,74.05000305175781,74.83000183105469,73.30984497070312,2678200
2022-05-17,75.0199966430664,75.45999908447266,73.5999984741211,75.30000305175781,73.77030181884766,2465500
2022-05-18,75.4800033569336,75.70999908447266,74.6500015258789,74.88999938964844,73.36862182617188,3151900
2022-05-19,74.80000305175781,75.47000122070312,73.83999633789062,75.01000213623047,73.48619842529297,2954900
2022-05-20,75.04000091552734,75.1500015258789,73.62000274658203,74.22000122070312,72.71224212646484,4574000
2022-05-23,75.2699966430664,75.2699966430664,73.95999908447266,74.87000274658203,73.34903717041016,2722700
2022-05-24,75.0,76.4000015258789,73.44000244140625,76.26000213623047,74.71080017089844,2680700
2022-05-25,76.37999725341797,76.62999725341797,75.37000274658203,75.69999694824219,74.16217041015625,2847500
2022-05-26,75.79000091552734,76.01000213623047,74.87999725341797,74.95999908447266,73.43721008300781,4487800
2022-05-27,74.77999877929688,76.36000061035156,74.30999755859375,76.33999633789062,74.78916931152344,2981700
2022-05-31,75.76000213623047,75.88999938964844,74.80000305175781,75.33999633789062,73.80949401855469,3753300
2022-06-01,75.5199966430664,75.55999755859375,74.51000213623047,75.12000274658203,73.59396362304688,2314300
2022-06-02,75.5,75.6500015258789,73.58999633789062,75.4800033569336,73.94664764404297,2633200
2022-06-03,75.37999725341797,75.63999938964844,74.72000122070312,74.87999725341797,73.35883331298828,2255100
2022-06-06,75.12999725341797,75.2699966430664,74.33000183105469,74.70999908447266,73.1922836303711,2356900
2022-06-07,74.69000244140625,75.68000030517578,74.31999969482422,75.58000183105469,74.04461669921875,2173900
2022-06-08,75.33000183105469,75.33999633789062,72.66000366210938,73.16999816894531,71.6835708618164,5320300
2022-06-09,72.94000244140625,73.87999725341797,71.23999786376953,71.27999877929688,69.83197021484375,2733400
2022-06-10,70.62000274658203,71.58000183105469,70.2699966430664,71.01000213623047,69.56745147705078,3562300
2022-06-13,70.5999984741211,70.66000366210938,68.02999877929688,68.38999938964844,67.00067901611328,3281000
2022-06-14,68.1500015258789,68.16000366210938,65.22000122070312,65.87999725341797,65.0055160522461,2901100
2022-06-15,66.47000122070312,66.7699966430664,65.06999969482422,65.8499984741211,64.97591400146484,3129000
2022-06-16,64.93000030517578,65.3499984741211,64.12999725341797,64.94999694824219,64.08786010742188,4726800
2022-06-17,65.19999694824219,65.52999877929688,63.56999969482422,63.90999984741211,63.06166458129883,6773700
2022-06-21,63.97999954223633,64.98999786376953,63.70000076293945,64.76000213623047,63.900386810302734,3146900
2022-06-22,64.44000244140625,66.11000061035156,64.41000366210938,65.77999877929688,64.90684509277344,3416000
2022-06-23,65.91000366210938,67.44000244140625,65.91000366210938,67.27999877929688,66.38693237304688,4000400
2022-06-24,67.47000122070312,68.70999908447266,67.31999969482422,68.55999755859375,67.64994049072266,3928000
2022-06-27,68.55999755859375,69.44000244140625,68.05000305175781,69.33000183105469,68.40972900390625,2957800
2022-06-28,69.47000122070312,70.41000366210938,69.2699966430664,69.98999786376953,69.06095886230469,4182100
2022-06-29,70.12999725341797,70.47000122070312,69.7699966430664,70.20999908447266,69.27803802490234,2945600
2022-06-30,69.47000122070312,71.38999938964844,69.47000122070312,70.76000213623047,69.82073974609375,3383700
2022-07-01,70.79000091552734,72.66999816894531,70.44999694824219,72.62999725341797,71.6659164428711,3636600
2022-07-05,72.5999984741211,72.72000122070312,69.05999755859375,69.88999938964844,68.96229553222656,3666300
2022-07-06,70.2300033569336,71.66000366210938,69.55999755859375,71.01000213623047,70.06742095947266,3095600
2022-07-07,71.25,71.66999816894531,69.22000122070312,69.58000183105469,68.65641021728516,6138700
2022-07-08,69.58999633789062,69.88999938964844,69.05999755859375,69.5999984741211,68.67613983154297,2231900
2022-07-11,69.56999969482422,70.33000183105469,68.94000244140625,69.88999938964844,68.96229553222656,2168000
2022-07-12,70.05999755859375,70.62000274658203,69.22000122070312,69.5,68.57746887207031,1937100
2022-07-13,68.8499984741211,69.94000244140625,68.80000305175781,69.19999694824219,68.28144073486328,1646400
2022-07-14,68.22000122070312,69.41000366210938,68.0,69.30999755859375,68.3899917602539,1410700
2022-07-15,69.55000305175781,70.04000091552734,68.76000213623047,69.95999908447266,69.03135681152344,2511300
2022-07-18,69.69000244140625,69.86000061035156,68.47000122070312,68.55000305175781,67.64007568359375,3036200
2022-07-19,69.19999694824219,69.3499984741211,68.31999969482422,68.86000061035156,67.94596099853516,4459400
2022-07-20,68.86000061035156,68.95999908447266,67.45999908447266,67.5999984741211,66.70269012451172,4360100
2022-07-21,67.5,67.81999969482422,66.97000122070312,67.69999694824219,66.80135345458984,3961300
2022-07-22,68.0,68.72000122070312,67.77999877929688,68.66999816894531,67.75848388671875,2200700
2022-07-25,68.86000061035156,69.52999877929688,68.5,69.45999908447266,68.53799438476562,1889000
2022-07-26,69.87000274658203,70.63999938964844,69.69999694824219,70.20999908447266,69.27803802490234,2769100
2022-07-27,69.73999786376953,70.37000274658203,69.44000244140625,70.25,69.31751251220703,2394200
2022-07-28,70.45999908447266,72.36000061035156,69.86000061035156,72.20999908447266,71.25149536132812,2615600
2022-07-29,72.05999755859375,73.58000183105469,72.01000213623047,73.18000030517578,72.2086181640625,2647400
2022-08-01,72.95999908447266,73.58000183105469,72.5,73.19000244140625,72.2184829711914,3028200
2022-08-02,73.68000030517578,74.44000244140625,73.13999938964844,73.44999694824219,72.47503662109375,2849700
2022-08-03,73.29000091552734,74.47000122070312,72.3499984741211,74.30999755859375,73.32361602783203,2894900
2022-08-04,74.25,75.37000274658203,74.18000030517578,74.55999755859375,73.57029724121094,2824300
2022-08-05,74.54000091552734,74.66000366210938,73.13999938964844,73.80000305175781,72.82039642333984,3057200
2022-08-08,74.16000366210938,74.76000213623047,73.66999816894531,73.9000015258789,72.91905975341797,2044800
2022-08-09,73.91000366210938,75.04000091552734,73.91000366210938,74.81999969482422,73.82685089111328,1903600
2022-08-10,75.30000305175781,75.4800033569336,74.62999725341797,75.11000061035156,74.11300659179688,2293600
2022-08-11,75.2699966430664,75.83000183105469,74.5,74.61000061035156,73.61964416503906,1930800
2022-08-12,75.20999908447266,75.98999786376953,75.05999755859375,75.95999908447266,74.95171356201172,1675100
2022-08-15,76.0,76.75,75.66000366210938,76.69000244140625,75.67203521728516,1389800
2022-08-16,76.30000305175781,77.27999877929688,76.30000305175781,77.01000213623047,75.98778533935547,1476900
2022-08-17,76.69999694824219,77.44000244140625,76.69999694824219,76.93000030517578,75.90884399414062,1591100
2022-08-18,77.01000213623047,77.52999877929688,76.81999969482422,76.98999786376953,75.9680404663086,1865700
2022-08-19,76.88999938964844,77.41999816894531,76.75,76.94000244140625,75.91871643066406,2406400
2022-08-22,76.81999969482422,77.0199966430664,75.95999908447266,76.19999694824219,75.18852996826172,1978900
2022-08-23,76.0199966430664,76.02999877929688,75.0999984741211,75.3499984741211,74.34981536865234,1521300
2022-08-24,75.4000015258789,75.55000305175781,74.83999633789062,75.41000366210938,74.40901947021484,1431100
2022-08-25,75.69999694824219,76.0999984741211,75.0199966430664,76.08000183105469,75.07012176513672,1553600
2022-08-26,76.25,76.3499984741211,74.91000366210938,74.93000030517578,73.93538665771484,2413300
2022-08-29,74.69999694824219,76.0199966430664,74.30999755859375,75.62000274658203,74.6162338256836,2278200
2022-08-30,75.58000183105469,75.68000030517578,74.43000030517578,74.69000244140625,73.69857788085938,2538400
2022-08-31,74.81999969482422,75.31999969482422,74.25,74.25,73.26441192626953,2811300
2022-09-01,74.27999877929688,75.5,74.1500015258789,75.41999816894531,74.41887664794922,1803400
2022-09-02,75.62999725341797,76.45999908447266,74.22000122070312,74.41000366210938,73.42229461669922,2148600
2022-09-06,74.45999908447266,75.76000213623047,74.23999786376953,74.44000244140625,73.45189666748047,2283500
2022-09-07,75.12000274658203,77.22000122070312,74.94999694824219,76.9800033569336,75.95817565917969,2805800
2022-09-08,76.62999725341797,77.18000030517578,76.18000030517578,76.58999633789062,75.57335662841797,1882500
2022-09-09,76.94000244140625,77.29000091552734,76.2300033569336,76.9800033569336,75.95817565917969,2572400
2022-09-12,77.08999633789062,77.66000366210938,76.63999938964844,77.41000366210938,76.3824691772461,1897500
2022-09-13,76.61000061035156,77.02999877929688,74.83999633789062,75.08000183105469,74.0833969116211,3561100
2022-09-14,74.77999877929688,75.66999816894531,74.55999755859375,75.30999755859375,74.79650115966797,2669800
2022-09-15,75.01000213623047,75.05999755859375,73.12999725341797,73.37999725341797,72.87965393066406,3664700
2022-09-16,73.56999969482422,74.16000366210938,73.33999633789062,73.9000015258789,73.3961181640625,7082900
2022-09-19,73.72000122070312,74.55000305175781,73.30000305175781,74.52999877929688,74.02182006835938,1763900
2022-09-20,74.31999969482422,74.31999969482422,72.66000366210938,73.4800033569336,72.9789810180664,2397900
2022-09-21,73.73999786376953,74.58999633789062,72.5,72.5,72.00566101074219,2435300
2022-09-22,72.62000274658203,72.97000122070312,72.02999877929688,72.44999694824219,71.95600128173828,2437600
2022-09-23,72.12999725341797,72.19999694824219,70.91999816894531,71.55999755859375,71.07206726074219,2695200
2022-09-26,71.44999694824219,71.72000122070312,69.37999725341797,69.94999694824219,69.4730453491211,3115900
2022-09-27,70.16000366210938,70.4000015258789,68.1500015258789,68.37000274658203,67.90382385253906,3173400
2022-09-28,69.11000061035156,69.36000061035156,68.08000183105469,68.91000366210938,68.44013977050781,2746500
2022-09-29,68.44999694824219,68.87999725341797,65.16000366210938,65.36000061035156,64.91434478759766,3852400
2022-09-30,65.58999633789062,66.16000366210938,63.84000015258789,64.0,63.56361770629883,6182200
2022-10-03,64.72000122070312,66.05000305175781,64.30000305175781,65.54000091552734,65.0931167602539,2931500
2022-10-04,65.69999694824219,66.68000030517578,65.33000183105469,66.47000122070312,66.01677703857422,2754400
2022-10-05,65.6500015258789,65.73999786376953,63.790000915527344,64.33000183105469,63.8913688659668,3003000
2022-10-06,64.18000030517578,64.18000030517578,61.72999954223633,61.81999969482422,61.39848327636719,3788300
2022-10-07,61.75,62.040000915527344,59.68000030517578,59.86000061035156,59.451847076416016,6476400
2022-10-10,60.0099983215332,60.90999984741211,59.900001525878906,60.209999084472656,59.79945755004883,3970400
2022-10-11,59.900001525878906,60.77000045776367,59.77000045776367,59.83000183105469,59.422054290771484,4232000
2022-10-12,59.95000076293945,59.95000076293945,57.900001525878906,57.939998626708984,57.54493713378906,4548400
2022-10-13,57.20000076293945,59.97999954223633,56.88999938964844,59.7400016784668,59.332664489746094,6807300
2022-10-14,60.209999084472656,60.45000076293945,58.529998779296875,58.86000061035156,58.45866394042969,3595100
2022-10-17,59.61000061035156,61.06999969482422,59.54999923706055,60.599998474121094,60.186798095703125,3782200
2022-10-18,61.400001525878906,62.16999816894531,60.9900016784668,61.619998931884766,61.19984436035156,3162000
2022-10-19,60.630001068115234,61.27000045776367,60.380001068115234,61.099998474121094,60.68339157104492,2582500
2022-10-20,61.779998779296875,61.779998779296875,59.400001525878906,59.72999954223633,59.322731018066406,6537600
2022-10-21,59.84000015258789,61.2400016784668,59.43000030517578,60.900001525878906,60.48475646972656,3776000
2022-10-24,61.439998626708984,62.09000015258789,61.08000183105469,61.58000183105469,61.16012191772461,4027800
2022-10-25,61.880001068115234,62.66999816894531,61.72999954223633,62.400001525878906,61.97452926635742,2774300
2022-10-26,63.02000045776367,63.59000015258789,62.43000030517578,62.56999969482422,62.143367767333984,3707700
2022-10-27,62.43000030517578,64.45999908447266,62.209999084472656,63.25,62.81873321533203,4295200
2022-10-28,63.709999084472656,65.48999786376953,63.630001068115234,65.37000274658203,64.92427825927734,3874800
2022-10-31,65.1500015258789,65.4000015258789,64.29000091552734,65.11000061035156,64.66604614257812,3934100
2022-11-01,65.31999969482422,66.0199966430664,64.77999877929688,65.9000015258789,65.4506607055664,3912800
2022-11-02,65.62000274658203,67.38999938964844,65.23999786376953,65.30999755859375,64.86468505859375,6364500
2022-11-03,64.98999786376953,65.43000030517578,64.54000091552734,65.1500015258789,64.70578002929688,4247800
2022-11-04,65.26000213623047,66.01000213623047,64.4000015258789,65.55000305175781,65.1030502319336,3470700
2022-11-07,65.70999908447266,66.02999877929688,64.16000366210938,65.25,64.80509185791016,3983100
2022-11-08,65.33000183105469,66.37999725341797,65.23999786376953,66.08999633789062,65.63936614990234,2892100
2022-11-09,66.0199966430664,66.3499984741211,65.37000274658203,65.61000061035156,65.16264343261719,3760000
2022-11-10,67.44000244140625,69.37000274658203,66.56999969482422,69.11000061035156,68.63877868652344,4592000
2022-11-11,68.61000061035156,68.94000244140625,66.83999633789062,67.48999786376953,67.02981567382812,5005300
2022-11-14,67.7300033569336,67.86000061035156,66.81999969482422,66.83000183105469,66.37432098388672,4087700
2022-11-15,67.33000183105469,67.69000244140625,66.62999725341797,67.38999938964844,66.93050384521484,4576300
2022-11-16,67.77999877929688,68.68000030517578,67.63999938964844,68.31999969482422,67.85416412353516,3859900
2022-11-17,67.44999694824219,67.91000366210938,66.88999938964844,67.13999938964844,66.68220520019531,2881200
2022-11-18,67.43000030517578,68.48999786376953,67.43000030517578,68.37999725341797,67.91374969482422,2922000
2022-11-21,67.93000030517578,69.16000366210938,67.93000030517578,68.68000030517578,68.21170806884766,2876400
2022-11-22,69.0,69.62000274658203,68.63999938964844,68.8499984741211,68.38054656982422,2625200
2022-11-23,68.68000030517578,69.2300033569336,68.47000122070312,69.19999694824219,68.72815704345703,1947100
2022-11-25,69.47000122070312,69.9000015258789,69.2699966430664,69.62999725341797,69.15522766113281,1193300
2022-11-28,69.2699966430664,69.69999694824219,68.63999938964844,69.38999938964844,68.91686248779297,2197600
2022-11-29,69.20999908447266,69.26000213623047,68.25,68.8499984741211,68.38054656982422,1873400
2022-11-30,68.75,70.58000183105469,68.5199966430664,70.22000122070312,69.7412109375,4911400
2022-12-01,70.81999969482422,71.7300033569336,70.08000183105469,70.19000244140625,69.71141052246094,2520300
2022-12-02,69.25,69.77999877929688,68.47000122070312,69.13999938964844,68.66857147216797,2811700
2022-12-05,68.66000366210938,68.9800033569336,68.41999816894531,68.68000030517578,68.21170806884766,2151400
2022-12-06,68.68000030517578,69.4000015258789,68.58000183105469,69.31999969482422,68.84734344482422,2526600
2022-12-07,69.52999877929688,69.80999755859375,68.51000213623047,68.87000274658203,68.4004135131836,2659400
2022-12-08,68.75,69.97000122070312,68.56999969482422,69.80999755859375,69.33399963378906,2160600
2022-12-09,69.66999816894531,70.41000366210938,69.47000122070312,69.83999633789062,69.3637924194336,3793100
2022-12-12,70.51000213623047,71.61000061035156,69.97000122070312,71.58999633789062,71.10186004638672,1967300
2022-12-13,72.44000244140625,72.98999786376953,70.83999633789062,71.5999984741211,71.1117935180664,3171000
2022-12-14,71.83999633789062,72.51000213623047,70.77999877929688,71.25,70.7641830444336,2551600
2022-12-15,70.95999908447266,71.22000122070312,70.25,70.62000274658203,70.13848114013672,3265700
2022-12-16,70.26000213623047,70.30999755859375,68.76000213623047,69.91999816894531,69.44325256347656,6745300
2022-12-19,69.93000030517578,70.5,68.97000122070312,69.4000015258789,68.92679595947266,2150300
2022-12-20,69.48999786376953,69.80999755859375,68.83999633789062,69.48999786376953,69.01618194580078,2208800
2022-12-21,69.70999908447266,70.45999908447266,69.55000305175781,70.41000366210938,69.92991638183594,1774600
2022-12-22,70.12000274658203,70.29000091552734,68.79000091552734,70.02999877929688,69.55249786376953,1870600
2022-12-23,69.94000244140625,70.94999694824219,69.83000183105469,70.93000030517578,70.44636535644531,1201300
2022-12-27,70.98999786376953,71.72000122070312,70.58000183105469,71.56999969482422,71.08200073242188,1580600
2022-12-28,71.27999877929688,71.62000274658203,70.54000091552734,70.56999969482422,70.56999969482422,1513700
2022-12-29,70.88999938964844,71.51000213623047,70.87000274658203,71.06999969482422,71.06999969482422,1398000
2022-12-30,70.9000015258789,71.06999969482422,69.51000213623047,70.11000061035156,70.11000061035156,1595700
2023-01-03,69.80999755859375,70.5,68.81999969482422,70.06999969482422,70.06999969482422,2684500
2023-01-04,70.41000366210938,71.2300033569336,70.12999725341797,70.66999816894531,70.66999816894531,2265900
2023-01-05,69.91999816894531,70.45999908447266,68.9800033569336,69.23999786376953,69.23999786376953,2104500
2023-01-06,70.1500015258789,71.58000183105469,70.06999969482422,71.29000091552734,71.29000091552734,2976200
2023-01-09,70.9800033569336,72.48999786376953,70.94000244140625,71.9800033569336,71.9800033569336,2707800
2023-01-10,71.80999755859375,72.19000244140625,71.47000122070312,72.11000061035156,72.11000061035156,3027500
2023-01-11,72.2699966430664,72.97000122070312,72.26000213623047,72.77999877929688,72.77999877929688,2883700
2023-01-12,72.62999725341797,72.91999816894531,71.77999877929688,71.94999694824219,71.94999694824219,3099400
2023-01-13,71.61000061035156,71.79000091552734,70.7300033569336,71.16999816894531,71.16999816894531,2624200
