Date,Open,High,Low,Close,Adj Close,Volume
2022-01-18,123.15534210205078,123.5242691040039,121.291259765625,122.66990661621094,121.65536499023438,2185042
2022-01-19,119.93203735351562,122.4757308959961,119.59223175048828,119.67961120605469,118.68981170654297,1795084
2022-01-20,119.15534210205078,123.30097198486328,119.15534210205078,119.45631408691406,118.46836853027344,1734314
2022-01-21,119.26213836669922,120.66990661621094,117.64077758789062,118.97087097167969,117.98693084716797,3061366
2022-01-24,116.68932342529297,120.09708404541016,114.89320373535156,120.04854583740234,119.05569458007812,2113045
2022-01-25,117.82524108886719,119.35922241210938,115.49514770507812,117.42718505859375,116.45601654052734,2417410
2022-01-26,117.93203735351562,119.5631103515625,116.04854583740234,116.98058319091797,116.01310729980469,2914591
2022-01-27,118.2330093383789,118.98058319091797,116.8543701171875,117.708740234375,116.73523712158203,1933928
2022-01-28,117.9417495727539,118.25242614746094,114.44660186767578,117.36893463134766,116.39825439453125,2317912
2022-01-31,116.50485229492188,119.53398132324219,115.96116638183594,119.4368896484375,118.44910430908203,1487217
2022-02-01,119.58252716064453,120.60194396972656,118.73786163330078,120.3786392211914,119.38306427001953,1066874
2022-02-02,117.69902801513672,119.0582504272461,115.83495330810547,118.16504669189453,117.1877670288086,2534933
2022-02-03,118.15534210205078,118.84465789794922,116.93203735351562,117.73786163330078,116.76412200927734,1927336
2022-02-04,117.4757308959961,120.17475891113281,117.0,119.25242614746094,118.26615905761719,1807547
2022-02-07,110.97087097167969,115.42718505859375,108.28155517578125,108.41747283935547,107.52081298828125,6482408
2022-02-08,105.6213607788086,116.81553649902344,105.31067657470703,116.38835144042969,115.42577362060547,4657660
2022-02-09,116.82524108886719,118.64077758789062,116.27184295654297,116.55339813232422,115.58944702148438,2209865
2022-02-10,115.58252716064453,117.66990661621094,114.8543701171875,115.31067657470703,114.35700225830078,2519071
2022-02-11,115.90291595458984,116.96116638183594,112.66990661621094,112.82524108886719,111.89213562011719,1900556
2022-02-14,113.19417572021484,114.5242691040039,112.2038803100586,113.58252716064453,112.64315032958984,1146699
2022-02-15,115.27184295654297,118.71844482421875,114.95145416259766,118.58252716064453,117.60179901123047,1553961
2022-02-16,117.90291595458984,119.10679626464844,116.16504669189453,118.93203735351562,117.94841766357422,1778604
2022-02-17,118.3786392211914,118.3786392211914,116.00971221923828,116.4757308959961,115.5124282836914,1307379
2022-02-18,116.34951782226562,118.24272155761719,116.34951782226562,117.49514770507812,116.52340698242188,1234352
2022-02-22,118.01941680908203,120.72815704345703,117.4757308959961,119.38835144042969,118.40097045898438,2144769
2022-02-23,119.89320373535156,120.7961196899414,118.33980560302734,119.00971221923828,118.02545928955078,1475990
2022-02-24,117.11650848388672,119.98058319091797,116.33009338378906,119.88349151611328,118.89201354980469,1470634
2022-02-25,120.5631103515625,123.11650848388672,118.99028778076172,123.00971221923828,121.99237060546875,1641614
2022-02-28,121.57281494140625,123.69902801513672,121.32038879394531,123.48543548583984,122.46415710449219,2497647
2022-03-01,124.7699966430664,126.45999908447266,121.08000183105469,124.13999938964844,123.11331176757812,7107800
2022-03-02,122.54000091552734,124.30000305175781,121.86000061035156,122.69000244140625,121.67530822753906,2070900
2022-03-03,123.72000122070312,123.94000244140625,121.18000030517578,122.12999725341797,121.11992645263672,1504100
2022-03-04,120.58999633789062,121.16000366210938,119.05000305175781,120.44000244140625,119.44392395019531,1363800
2022-03-07,120.27999877929688,120.27999877929688,115.72000122070312,116.68000030517578,115.71501159667969,1654900
2022-03-08,115.91000366210938,117.95999908447266,114.2699966430664,115.75,114.79269409179688,1719000
2022-03-09,117.97000122070312,118.95999908447266,117.06999969482422,117.63999938964844,116.66706848144531,1201900
2022-03-10,116.76000213623047,119.41999816894531,115.83000183105469,119.33999633789062,118.35301208496094,1441500
2022-03-11,120.2699966430664,121.26000213623047,118.18000030517578,118.81999969482422,117.83731842041016,2031200
2022-03-14,119.81999969482422,120.68000030517578,117.05000305175781,117.69000244140625,116.71665954589844,1384800
2022-03-15,119.30999755859375,120.16999816894531,118.01000213623047,119.19999694824219,118.21415710449219,1269000
2022-03-16,120.0,122.30000305175781,119.33999633789062,121.98999786376953,120.98108673095703,1599300
2022-03-17,120.9800033569336,122.62999725341797,120.16999816894531,122.27999877929688,121.26869201660156,1830200
2022-03-18,122.36000061035156,122.81999969482422,119.69999694824219,120.7699966430664,119.77117919921875,2951500
2022-03-21,120.7300033569336,121.30000305175781,120.05999755859375,121.04000091552734,120.03894805908203,1444100
2022-03-22,121.26000213623047,121.7300033569336,119.94000244140625,120.4800033569336,119.48358917236328,1819700
2022-03-23,119.79000091552734,121.68000030517578,117.86000061035156,120.73999786376953,119.7414321899414,2420000
2022-03-24,121.30000305175781,125.88999938964844,121.16000366210938,124.1500015258789,123.12322998046875,2393500
2022-03-25,124.61000061035156,125.33999633789062,123.81999969482422,125.27999877929688,124.24388122558594,1129700
2022-03-28,125.4000015258789,126.04000091552734,123.33000183105469,125.68000030517578,124.87980651855469,1603300
2022-03-29,126.83999633789062,129.60000610351562,126.83999633789062,129.5800018310547,128.7549591064453,1712200
2022-03-30,129.0500030517578,129.89999389648438,127.94999694824219,128.69000244140625,127.87065124511719,1150200
2022-03-31,128.4199981689453,129.80999755859375,127.83999633789062,127.9000015258789,127.0856704711914,1363100
2022-04-01,126.75,128.5399932861328,125.87999725341797,127.7300033569336,126.91675567626953,1616900
2022-04-04,126.93000030517578,127.27999877929688,124.66000366210938,125.86000061035156,125.05866241455078,1349700
2022-04-05,125.43000030517578,129.3000030517578,125.43000030517578,129.1300048828125,128.30784606933594,2187100
2022-04-06,128.38999938964844,128.58999633789062,125.77999877929688,127.8499984741211,127.0359878540039,2057700
2022-04-07,127.31999969482422,129.92999267578125,126.94999694824219,129.91000366210938,129.0828857421875,1800200
2022-04-08,129.92999267578125,130.66000366210938,129.08999633789062,129.6199951171875,128.7947235107422,1107600
2022-04-11,129.10000610351562,130.02000427246094,126.45999908447266,126.9000015258789,126.092041015625,841800
2022-04-12,127.12000274658203,128.13999938964844,125.69000244140625,126.63999938964844,125.83368682861328,1216100
2022-04-13,126.05000305175781,128.0500030517578,125.80999755859375,127.94999694824219,127.13534545898438,1037300
2022-04-14,128.16000366210938,128.75,125.94999694824219,126.0,125.19776916503906,1087300
2022-04-18,125.62000274658203,127.18000030517578,124.73999786376953,125.2300033569336,124.43267059326172,976000
2022-04-19,126.06999969482422,130.86000061035156,126.02999877929688,130.60000610351562,129.76849365234375,2137000
2022-04-20,131.4499969482422,134.19000244140625,131.10000610351562,133.85000610351562,132.99778747558594,1976600
2022-04-21,134.9600067138672,135.0500030517578,131.61000061035156,131.66000366210938,130.82171630859375,1315200
2022-04-22,129.66000366210938,129.89999389648438,124.91999816894531,125.69999694824219,124.89967346191406,1615800
2022-04-25,125.19999694824219,127.91000366210938,124.72000122070312,127.80999755859375,126.99624633789062,952800
2022-04-26,126.36000061035156,127.6500015258789,124.05999755859375,124.1500015258789,123.35955047607422,825300
2022-04-27,123.69000244140625,124.79000091552734,122.51000213623047,122.87999725341797,122.09762573242188,1206400
2022-04-28,124.1500015258789,124.91000366210938,122.70999908447266,124.61000061035156,123.81661987304688,1205400
2022-04-29,123.30000305175781,124.47000122070312,120.4000015258789,120.75,119.98119354248047,1205600
2022-05-02,121.33000183105469,122.52999877929688,118.12999725341797,120.6500015258789,119.8818359375,1913500
2022-05-03,123.98999786376953,125.77999877929688,120.1500015258789,120.68000030517578,119.9116439819336,3135900
2022-05-04,120.58999633789062,126.79000091552734,119.86000061035156,126.31999969482422,125.51573181152344,2106000
2022-05-05,124.91000366210938,126.18000030517578,121.36000061035156,122.54000091552734,121.75980377197266,1892800
2022-05-06,122.0999984741211,122.1500015258789,119.33999633789062,120.33000183105469,119.56387329101562,1202100
2022-05-09,118.66000366210938,119.81999969482422,114.63999938964844,115.0,114.26780700683594,1533100
2022-05-10,116.27999877929688,116.70999908447266,113.0199966430664,114.16999816894531,113.44308471679688,1885800
2022-05-11,113.62000274658203,116.41999816894531,113.23999786376953,113.41999816894531,112.69786071777344,1315600
2022-05-12,112.61000061035156,114.55999755859375,111.5,113.0999984741211,112.37989807128906,1100000
2022-05-13,114.2699966430664,116.26000213623047,114.0,115.06999969482422,114.33735656738281,1166500
2022-05-16,114.79000091552734,115.73999786376953,114.23999786376953,115.12000274658203,114.38704681396484,967400
2022-05-17,116.95999908447266,119.55999755859375,116.3499984741211,119.37999725341797,118.61991119384766,1069200
2022-05-18,118.0,118.6500015258789,116.08999633789062,116.44999694824219,115.70857238769531,1216800
2022-05-19,115.08999633789062,117.58000183105469,115.08999633789062,116.91000366210938,116.16564178466797,800200
2022-05-20,118.31999969482422,119.48999786376953,115.52999877929688,117.61000061035156,116.86119079589844,845400
2022-05-23,119.23999786376953,120.9000015258789,118.16999816894531,120.83000183105469,120.06068420410156,869700
2022-05-24,120.19999694824219,120.55000305175781,118.08000183105469,119.38999938964844,118.62985229492188,899500
2022-05-25,119.37000274658203,120.72000122070312,117.9800033569336,119.1500015258789,118.3913803100586,1380000
2022-05-26,120.05000305175781,121.62000274658203,118.80999755859375,120.6500015258789,119.8818359375,763000
2022-05-27,120.19999694824219,120.77999877929688,119.19000244140625,119.83000183105469,119.06705474853516,947100
2022-05-31,119.16000366210938,121.0999984741211,118.33000183105469,120.20999908447266,119.44463348388672,1149600
2022-06-01,120.83000183105469,120.83000183105469,116.91000366210938,119.27999877929688,118.52055358886719,2386000
2022-06-02,119.80999755859375,122.20999908447266,116.7300033569336,122.06999969482422,121.29279327392578,962400
2022-06-03,121.61000061035156,121.61000061035156,119.75,120.62999725341797,119.86195373535156,1116900
2022-06-06,122.05000305175781,122.05000305175781,118.26000213623047,118.41000366210938,117.65609741210938,836100
2022-06-07,117.66999816894531,119.20999908447266,117.19000244140625,119.12999725341797,118.37150573730469,1023300
2022-06-08,118.70999908447266,119.55999755859375,117.83999633789062,118.52999877929688,117.77532958984375,1084900
2022-06-09,118.20999908447266,118.2300033569336,114.94999694824219,115.02999877929688,114.29761505126953,828100
2022-06-10,112.76000213623047,114.54000091552734,112.58000183105469,113.37999725341797,112.65811157226562,1455000
2022-06-13,110.66999816894531,112.16999816894531,109.52999877929688,110.0999984741211,109.39900207519531,1823700
2022-06-14,109.93000030517578,109.93000030517578,104.56999969482422,105.2699966430664,104.59974670410156,1684400
2022-06-15,106.01000213623047,108.55999755859375,105.83000183105469,106.97000122070312,106.28893280029297,1286500
2022-06-16,104.58999633789062,104.69999694824219,102.5,103.23999786376953,102.58267974853516,1468800
2022-06-17,103.44999694824219,105.16000366210938,102.22000122070312,102.6500015258789,101.9964370727539,2228200
2022-06-21,104.55999755859375,105.31999969482422,101.9800033569336,102.2300033569336,101.57911682128906,1235600
2022-06-22,101.5,107.19999694824219,101.22000122070312,105.30999755859375,104.63949584960938,1754100
2022-06-23,105.44000244140625,106.94999694824219,104.87999725341797,106.4000015258789,105.72256469726562,1168100
2022-06-24,107.52999877929688,109.19999694824219,105.61000061035156,108.87000274658203,108.42139434814453,1580800
2022-06-27,109.12000274658203,109.30999755859375,107.62000274658203,108.51000213623047,108.06287384033203,953100
2022-06-28,109.0,110.30999755859375,106.37999725341797,106.4800033569336,106.04124450683594,846500
2022-06-29,106.72000122070312,107.55000305175781,105.9000015258789,106.55000305175781,106.11095428466797,1240300
2022-06-30,105.43000030517578,106.91999816894531,103.18000030517578,105.05999755859375,104.62708282470703,1466500
2022-07-01,105.20999908447266,107.36000061035156,104.33999633789062,107.2699966430664,106.8279800415039,954200
2022-07-05,105.98999786376953,106.93000030517578,104.20999908447266,106.88999938964844,106.44954681396484,838400
2022-07-06,106.6500015258789,107.08000183105469,104.73999786376953,105.7300033569336,105.2943344116211,873200
2022-07-07,105.77999877929688,106.19999694824219,104.41999816894531,106.05999755859375,105.62296295166016,949800
2022-07-08,106.08999633789062,106.79000091552734,105.16000366210938,105.33999633789062,104.90592956542969,747000
2022-07-11,103.79000091552734,104.55999755859375,102.62999725341797,103.30000305175781,102.87434387207031,996500
2022-07-12,102.5,103.87999725341797,102.5,103.02999877929688,102.60545349121094,965800
2022-07-13,101.44999694824219,103.05999755859375,100.54000091552734,102.44000244140625,102.01788330078125,1064700
2022-07-14,101.01000213623047,101.91999816894531,100.38999938964844,101.6500015258789,101.23114013671875,1175000
2022-07-15,103.80000305175781,104.16000366210938,102.56999969482422,103.51000213623047,103.08348083496094,883000
2022-07-18,103.7699966430664,105.13999938964844,103.16999816894531,103.4800033569336,103.05360412597656,1021900
2022-07-19,105.04000091552734,107.83999633789062,104.79000091552734,107.23999786376953,106.79811096191406,1471100
2022-07-20,107.29000091552734,109.12999725341797,106.81999969482422,108.0,107.55497741699219,1281700
2022-07-21,108.29000091552734,109.33999633789062,108.0199966430664,108.44999694824219,108.00311279296875,1222700
2022-07-22,108.31999969482422,109.20999908447266,106.62999725341797,107.0,106.55909729003906,1140900
2022-07-25,107.01000213623047,108.25,106.7300033569336,107.9000015258789,107.45539093017578,1254100
2022-07-26,108.26000213623047,108.66999816894531,106.91000366210938,108.0199966430664,107.57489013671875,1154000
2022-07-27,109.19999694824219,111.38999938964844,108.5,111.11000061035156,110.65216064453125,1650700
2022-07-28,110.76000213623047,111.19000244140625,107.6500015258789,110.77999877929688,110.32351684570312,2278200
2022-07-29,110.4000015258789,110.98999786376953,108.7300033569336,110.38999938964844,109.93512725830078,1580500
2022-08-01,109.25,110.7300033569336,107.06999969482422,109.76000213623047,109.30772399902344,1488800
2022-08-02,113.01000213623047,116.45999908447266,113.0,114.05999755859375,113.59000396728516,2076200
2022-08-03,115.05000305175781,116.30000305175781,114.16999816894531,115.61000061035156,115.13362121582031,1339600
2022-08-04,115.83999633789062,115.83999633789062,113.2699966430664,113.3499984741211,112.8829345703125,852600
2022-08-05,112.51000213623047,113.83000183105469,112.25,113.26000213623047,112.79330444335938,596900
2022-08-08,113.83000183105469,114.37000274658203,113.0,113.16000366210938,112.69371795654297,534200
2022-08-09,112.91000366210938,113.3499984741211,112.13999938964844,112.48999786376953,112.02647399902344,869500
2022-08-10,114.41000366210938,115.1500015258789,113.41000366210938,114.97000122070312,114.49626159667969,643800
2022-08-11,115.66999816894531,116.94000244140625,114.72000122070312,115.0,114.52613067626953,594800
2022-08-12,115.5199966430664,117.29000091552734,115.30000305175781,117.22000122070312,116.73699188232422,641900
2022-08-15,116.76000213623047,117.91999816894531,116.58999633789062,116.7300033569336,116.24900817871094,1035100
2022-08-16,115.86000061035156,116.70999908447266,115.48999786376953,116.12000274658203,115.64151763916016,944800
2022-08-17,115.2300033569336,115.81999969482422,114.4000015258789,114.63999938964844,114.16761779785156,681100
2022-08-18,114.88999938964844,114.9800033569336,113.97000122070312,114.5199966430664,114.04810333251953,735200
2022-08-19,114.25,114.37999725341797,112.77999877929688,113.2300033569336,112.763427734375,644600
2022-08-22,111.98999786376953,112.81999969482422,110.83000183105469,111.36000061035156,110.90113067626953,786900
2022-08-23,111.43000030517578,111.80999755859375,108.83999633789062,109.30000305175781,108.84961700439453,928600
2022-08-24,108.98999786376953,109.95999908447266,108.25,109.69999694824219,109.24796295166016,620600
2022-08-25,110.47000122070312,111.94999694824219,109.87999725341797,111.94000244140625,111.47874450683594,530700
2022-08-26,112.33999633789062,112.33999633789062,107.44000244140625,107.51000213623047,107.06700134277344,627700
2022-08-29,106.69999694824219,108.37000274658203,106.11000061035156,107.62000274658203,107.17654418945312,556700
2022-08-30,108.0,108.27999877929688,106.62999725341797,107.37000274658203,106.92757415771484,782900
2022-08-31,108.0,109.19000244140625,106.18000030517578,106.31999969482422,105.88189697265625,886600
2022-09-01,106.06999969482422,106.83999633789062,104.58999633789062,106.80000305175781,106.35992431640625,737400
2022-09-02,107.63999938964844,107.76000213623047,105.0999984741211,105.56999969482422,105.1349868774414,582600
2022-09-06,106.11000061035156,106.2699966430664,104.05999755859375,104.93000030517578,104.49762725830078,702800
2022-09-07,105.0199966430664,108.9000015258789,104.91000366210938,108.58000183105469,108.13258361816406,1022900
2022-09-08,107.7699966430664,110.80999755859375,107.54000091552734,110.79000091552734,110.33348083496094,711300
2022-09-09,111.16999816894531,114.6500015258789,110.91999816894531,114.5,114.02819061279297,1154200
2022-09-12,115.41999816894531,119.62999725341797,115.41999816894531,119.2699966430664,118.77853393554688,2376100
2022-09-13,116.66000366210938,118.2300033569336,116.12000274658203,116.4000015258789,115.92036437988281,1673000
2022-09-14,115.88999938964844,117.0999984741211,115.0199966430664,116.41000366210938,115.9303207397461,1760300
2022-09-15,116.4800033569336,118.12999725341797,115.44999694824219,115.7699966430664,115.29295349121094,814600
2022-09-16,115.01000213623047,115.01000213623047,112.30000305175781,112.69000244140625,112.22564697265625,1706800
2022-09-19,111.75,113.55999755859375,110.43000030517578,113.4000015258789,112.93272399902344,978800
2022-09-20,112.80999755859375,113.37999725341797,110.91000366210938,111.7699966430664,111.30944061279297,680800
2022-09-21,112.75,113.55000305175781,110.19999694824219,110.19999694824219,109.74590301513672,1123700
2022-09-22,109.88999938964844,110.12999725341797,107.37000274658203,108.01000213623047,107.56494140625,814600
2022-09-23,106.94999694824219,107.52999877929688,104.5999984741211,106.20999908447266,105.77234649658203,1945700
2022-09-26,105.86000061035156,106.83000183105469,103.73999786376953,105.1500015258789,104.71672058105469,1216900
2022-09-27,106.41000366210938,107.05999755859375,104.16999816894531,104.81999969482422,104.38807678222656,1358700
2022-09-28,105.79000091552734,108.13999938964844,105.33999633789062,107.52999877929688,107.0869140625,1088200
2022-09-29,106.5199966430664,107.6500015258789,105.44000244140625,107.12000274658203,106.917236328125,872500
2022-09-30,107.45999908447266,108.33999633789062,104.5199966430664,104.55000305175781,104.35210418701172,1138700
2022-10-03,106.01000213623047,108.1500015258789,105.20999908447266,107.31999969482422,107.11685943603516,893300
2022-10-04,109.16999816894531,111.75,109.16999816894531,111.69000244140625,111.47859191894531,1203700
2022-10-05,110.55999755859375,113.13999938964844,109.94000244140625,112.48999786376953,112.27706909179688,716200
2022-10-06,111.94000244140625,113.2699966430664,110.58000183105469,110.5999984741211,110.3906478881836,789900
2022-10-07,109.87999725341797,109.87999725341797,107.33000183105469,108.26000213623047,108.05508422851562,867200
2022-10-10,108.69000244140625,108.8499984741211,106.33000183105469,106.94000244140625,106.73757934570312,1035600
2022-10-11,107.22000122070312,109.69000244140625,106.47000122070312,108.31999969482422,108.1149673461914,1143200
2022-10-12,107.80999755859375,108.61000061035156,106.62000274658203,107.05999755859375,106.85734558105469,1364200
2022-10-13,105.16000366210938,110.33000183105469,104.19999694824219,109.43000030517578,109.22286224365234,1030100
2022-10-14,110.29000091552734,110.95999908447266,106.80000305175781,106.91000366210938,106.70763397216797,1381300
2022-10-17,108.58999633789062,111.11000061035156,108.38999938964844,110.51000213623047,110.30081939697266,1082800
2022-10-18,112.5199966430664,113.44000244140625,108.77999877929688,109.02999877929688,108.82361602783203,1550000
2022-10-19,108.70999908447266,109.5999984741211,107.30999755859375,108.12000274658203,107.91534423828125,795600
2022-10-20,108.56999969482422,108.87000274658203,106.08000183105469,106.33000183105469,106.12873077392578,915000
2022-10-21,105.93000030517578,107.69999694824219,102.5999984741211,107.38999938964844,107.18672180175781,1116800
2022-10-24,108.55000305175781,109.13999938964844,107.43000030517578,109.02999877929688,108.82361602783203,779000
2022-10-25,109.2699966430664,111.0,109.11000061035156,110.7300033569336,110.5204086303711,1231400
2022-10-26,111.54000091552734,113.73999786376953,111.36000061035156,112.2699966430664,112.05748748779297,902200
2022-10-27,113.0,113.0,111.0,111.55999755859375,111.34883117675781,1051400
2022-10-28,112.08000183105469,113.63999938964844,111.87000274658203,113.47000122070312,113.25521850585938,1209300
2022-10-31,113.4000015258789,113.5999984741211,112.3499984741211,113.3499984741211,113.13544464111328,1229200
2022-11-01,113.66000366210938,113.66000366210938,109.7699966430664,111.83999633789062,111.6282958984375,2429800
2022-11-02,114.98999786376953,115.25,107.62000274658203,107.69000244140625,107.48616027832031,2487400
2022-11-03,106.29000091552734,106.70999908447266,103.79000091552734,105.41999816894531,105.22045135498047,1321200
2022-11-04,106.61000061035156,107.5,103.75,104.8499984741211,104.65153503417969,1734100
2022-11-07,105.55999755859375,107.56999969482422,105.36000061035156,107.52999877929688,107.32646179199219,1321600
2022-11-08,107.27999877929688,108.29000091552734,105.44000244140625,106.2300033569336,106.02892303466797,927800
2022-11-09,105.61000061035156,107.31999969482422,105.0,105.7699966430664,105.56978607177734,1454500
2022-11-10,109.37999725341797,113.12999725341797,109.37999725341797,112.9000015258789,112.68629455566406,989300
2022-11-11,113.54000091552734,115.97000122070312,113.08999633789062,115.55999755859375,115.34125518798828,1562200
2022-11-14,114.80000305175781,115.81999969482422,113.27999877929688,113.30999755859375,113.09552001953125,1175700
2022-11-15,114.76000213623047,115.63999938964844,113.38999938964844,115.12000274658203,114.902099609375,1013600
2022-11-16,115.16000366210938,115.58999633789062,113.97000122070312,114.45999908447266,114.24333953857422,938100
2022-11-17,112.75,113.47000122070312,111.7699966430664,112.12000274658203,111.90777587890625,1124400
2022-11-18,113.61000061035156,114.51000213623047,112.44000244140625,114.08999633789062,113.87403869628906,770500
2022-11-21,113.41999816894531,114.80000305175781,113.2699966430664,114.52999877929688,114.3132095336914,655400
2022-11-22,114.5199966430664,115.45999908447266,113.26000213623047,115.33000183105469,115.1116943359375,834200
2022-11-23,116.37000274658203,118.19000244140625,116.2699966430664,118.01000213623047,117.78662872314453,1243100
2022-11-25,118.44999694824219,119.55000305175781,118.31999969482422,119.20999908447266,118.9843521118164,427900
2022-11-28,118.13999938964844,119.26000213623047,117.19999694824219,117.66999816894531,117.447265625,1207600
2022-11-29,117.16000366210938,119.33000183105469,116.8499984741211,119.0,118.77474975585938,983500
2022-11-30,119.4800033569336,120.13999938964844,117.54000091552734,120.0999984741211,119.87266540527344,1217200
2022-12-01,120.98999786376953,123.77999877929688,120.72000122070312,123.3499984741211,123.11651611328125,1433400
2022-12-02,122.05999755859375,123.5199966430664,121.98999786376953,122.97000122070312,122.73723602294922,723200
2022-12-05,121.93000030517578,122.87999725341797,120.80000305175781,122.27999877929688,122.04853820800781,1066300
2022-12-06,121.7699966430664,121.93000030517578,120.3499984741211,121.38999938964844,121.16022491455078,1922600
2022-12-07,121.91999816894531,124.22000122070312,121.7699966430664,124.19000244140625,123.95492553710938,1810000
2022-12-08,124.76000213623047,127.25,124.05000305175781,125.83999633789062,125.60179901123047,1814100
2022-12-09,125.16999816894531,126.31999969482422,124.33999633789062,124.4000015258789,124.1645278930664,1449200
2022-12-12,124.37000274658203,126.19999694824219,123.66999816894531,126.12999725341797,125.89125061035156,1737000
2022-12-13,128.97000122070312,129.9600067138672,127.3499984741211,128.42999267578125,128.1868896484375,2055600
2022-12-14,128.1699981689453,130.83999633789062,127.12000274658203,128.24000549316406,127.99726104736328,1506500
2022-12-15,126.55000305175781,127.47000122070312,125.95999908447266,127.0199966430664,126.7795639038086,1694900
2022-12-16,125.98999786376953,126.68000030517578,123.70999908447266,125.58000183105469,125.34229278564453,2710600
2022-12-19,125.33000183105469,125.58000183105469,124.29000091552734,124.95999908447266,124.72346496582031,943400
2022-12-20,124.95999908447266,126.29000091552734,124.22000122070312,125.43000030517578,125.19258117675781,1038800
2022-12-21,126.48999786376953,127.11000061035156,126.04000091552734,127.08000183105469,126.8394546508789,934800
2022-12-22,126.44999694824219,126.81999969482422,124.87999725341797,126.79000091552734,126.55000305175781,807100
2022-12-23,125.94000244140625,126.7699966430664,125.23999786376953,126.69000244140625,126.69000244140625,789800
2022-12-27,127.0,127.79000091552734,126.16999816894531,127.27999877929688,127.27999877929688,755600
2022-12-28,127.44000244140625,128.52000427246094,125.77999877929688,125.98999786376953,125.98999786376953,750100
2022-12-29,126.66000366210938,128.5,126.13999938964844,127.83000183105469,127.83000183105469,686600
2022-12-30,127.1500015258789,127.7300033569336,126.20999908447266,127.5,127.5,783800
2023-01-03,127.41000366210938,128.8800048828125,126.20999908447266,127.27999877929688,127.27999877929688,921100
2023-01-04,128.52000427246094,129.36000061035156,127.51000213623047,128.4600067138672,128.4600067138672,1389400
2023-01-05,129.0399932861328,130.0800018310547,125.72000122070312,126.08000183105469,126.08000183105469,2238300
2023-01-06,126.1500015258789,127.20999908447266,122.70999908447266,125.69999694824219,125.69999694824219,2348900
2023-01-09,128.07000732421875,128.6699981689453,125.70999908447266,126.05000305175781,126.05000305175781,1423600
2023-01-10,125.80000305175781,126.44999694824219,124.4800033569336,125.5,125.5,1894200
2023-01-11,126.02999877929688,126.29000091552734,123.05999755859375,124.31999969482422,124.31999969482422,2448300
2023-01-12,124.62999725341797,124.68000030517578,121.87000274658203,123.19999694824219,123.19999694824219,1890600
2023-01-13,122.94999694824219,123.70999908447266,122.04000091552734,123.37999725341797,123.37999725341797,1674100
